Fp1,AF3,F7,F3,FC1,FC5,T7,C3,CP1,CP5,P7,P3,Pz,PO3,O1,Oz,O2,PO4,P4,P8,CP6,CP2,C4,T8,FC6,FC2,F4,F8,AF4,Fp2,Fz,Cz
0.5826275820920915,0.6142411908277762,0.4472378395210702,0.5692989621872483,0.48809085911251393,0.5326307486719671,0.4851435686562377,0.3817979845982361,0.374451366188633,0.5814317240762945,0.4778893505345076,0.4678258022110474,0.3966452587224493,0.4854671220898956,0.535190482636935,0.5836920475160156,0.5018702784407314,0.5390431414360374,0.5463574557984325,0.5803574894199773,0.3856058941211593,0.5558259592543069,0.5672301740195397,0.597125914897598,0.5547825257474034,0.3510664042791229,0.43376131899519293,0.5539185586017814,0.5667198993089104,0.5309548555094065,0.5086676083019521,0.490510157808221
0.5186057790747093,0.5297514425886359,0.49081525659353703,0.5416566706492911,0.5285410297864135,0.52821736647786,0.45206396633386564,0.48927160347103227,0.47644871795797,0.5990015218162508,0.5882743788245431,0.42996983662893257,0.5083970984527648,0.5538440125503257,0.5497185706434871,0.5848060367639811,0.5466041450319103,0.5179617878413999,0.5599330568869719,0.5893503868783018,0.48053133630934025,0.5526059317280575,0.5737031804981867,0.5863932454158074,0.5799790443311332,0.5045865354205691,0.36511538793229587,0.5446564682518997,0.5262490437481339,0.5249905046960176,0.5138608451029214,0.5452088357129654
0.5292535612344972,0.5259183301310059,0.46955265158296133,0.5793988267848676,0.5385833406811825,0.49573300100176093,0.5151287065237495,0.4851388474866498,0.49349700844623795,0.5739760248032585,0.5670485945141914,0.4544487936725356,0.5087515210143342,0.5387086688245329,0.5386911339084193,0.5430019872727672,0.5252533579916857,0.5143372373885947,0.518258952495487,0.5719990953823386,0.406274497063723,0.5658446503224716,0.5565053655210304,0.5993215966147442,0.5651780834661017,0.5108656069730491,0.43787235106294226,0.5471156251711913,0.44631005130370816,0.5431875292560792,0.4362476196815978,0.57038459403095
0.5253391282391926,0.5606984785270426,0.17692192284320646,0.1717502102919348,0.5467012735313992,0.5323135738951043,0.5644258020192076,0.33511641910990125,0.542199251750488,0.5438944697082342,0.5483297357230497,0.27955764059430116,0.4740801220429156,0.5414598789012575,0.5856724992097836,0.5499247532043924,0.5340184952586541,0.5350895459988192,0.4802071233219687,0.6169282968523385,0.4450262710543281,0.5767155794725376,0.532010216634268,0.6311422305774671,0.49816446358146327,0.47141820821578684,0.4438365707497613,0.532139854764735,0.5094103622961281,0.5977658137116323,0.45906629902527507,0.5464737018177456
0.46895967884295925,0.5471987121729167,0.20658937343170525,0.15404998604702808,0.5762268920453048,0.4867482723848232,0.5267055032893039,0.3940745686155232,0.426373272238208,0.5534210627162354,0.5926652538862078,0.23037412590127337,0.47757623589970066,0.5545672851175665,0.5831091940453771,0.5645739746253973,0.4637682747480093,0.5316619210605472,0.491655475209571,0.6429135031930819,0.40703687381004006,0.5305292583133084,0.5984294178345579,0.6171760825829342,0.36472191754939093,0.18909258493352862,0.4589079036068332,0.4950595314273148,0.5515016829094965,0.5852121396946675,0.5370974423867726,0.5733955335334403
0.5125417731489162,0.5834756335684668,0.3131976456893604,0.17020255561159894,0.5534276924024678,0.4910862040456589,0.4938103521756477,0.43780186137722965,0.4495597707637496,0.5693354906234059,0.58507453615714,0.44217490893112993,0.4681714458051523,0.5445173632228376,0.5346566508232177,0.513830174006404,0.4892469786869935,0.4914553354302851,0.38842762370065276,0.5561137528379907,0.3647535559095191,0.5370844542610616,0.5723514336730018,0.5327541137907796,0.41517467040239603,0.18932622364073437,0.4810077169694007,0.6071285333665808,0.563351220887165,0.5247882964394078,0.4840147461707648,0.5593852226652164
0.5930369098355998,0.6162623930155714,0.41846322673091874,0.49327621643070424,0.5166287488598555,0.5919620363125997,0.5571013284763444,0.5335987603544637,0.47302487025173523,0.5652313608892947,0.5417531024146561,0.5058638748815381,0.4057949467258325,0.4523302885626838,0.46778280083332313,0.4499525539239344,0.35199084811350684,0.41871033485818493,0.43322215752088306,0.4766946958779105,0.447091434096214,0.5655583194192666,0.5397528306340966,0.5516550188139034,0.44489146556886583,0.3289700909224503,0.45672379982092465,0.6569006090933772,0.5601095257048709,0.5174674754950345,0.49678189235491893,0.5855612947747505
0.587786664902119,0.5972312272497821,0.482548236753014,0.6133125071712091,0.5053497676063434,0.5593947690374073,0.5287102021917621,0.5265045338783084,0.36401209863599066,0.5231160171870946,0.5345243835312452,0.5654121906724527,0.4273502639898099,0.41488369746537496,0.46136572498863865,0.4013475281866293,0.47728843718816444,0.4427716915843895,0.550476423689323,0.5650467783481176,0.5278546631105073,0.5421965034633579,0.5716461628378254,0.5874813679985114,0.45834949272795666,0.4167550953727628,0.5120841074594371,0.594857239111919,0.5604483375895928,0.5760855936037812,0.5697681593994407,0.6115353412083897
0.563573223978954,0.5806072252195589,0.3731708149102867,0.575445121153272,0.5025474307966195,0.507031165574265,0.5467194028586917,0.5053642014689592,0.33061784741577155,0.48226455496350507,0.5621787966003121,0.4793349566746198,0.4582361872033039,0.4432258235831003,0.5019426159012204,0.4560078529510191,0.48733875922881,0.4839310235985082,0.5431445689557532,0.5560328873643551,0.5080997341602016,0.5053482278826263,0.5586656690991024,0.5673466782646606,0.44568695554139914,0.5047000303393079,0.5855800160913774,0.5700360130269136,0.5395112098890119,0.5708875080660679,0.5809024712969625,0.5016334281203118
0.5519523532356692,0.5771793568741242,0.3458552834800905,0.4956053265151116,0.47745794130503494,0.44813480013178275,0.5904830754094711,0.46730214178557483,0.45437896413764545,0.543180272046041,0.5006166822323111,0.46001660301920533,0.4114169352201124,0.46777506876608405,0.47977116380426765,0.4898515121228162,0.4884190259891592,0.526227146400507,0.547639596888707,0.5497695346754063,0.5115961882425699,0.5227408862290045,0.5740303173623508,0.5428818566006222,0.4159136999623171,0.5259890105466981,0.567327007358913,0.5168424890902217,0.5078135732959991,0.5214978277022692,0.5624302554686447,0.5150610148114841
0.5917053881168165,0.5634921715468512,0.4966106935620908,0.5332819026053923,0.44842963001113345,0.48700196398031603,0.5483623375969509,0.4188092615041577,0.42401630724774003,0.5300651306413637,0.5164436160702139,0.4480735009598076,0.43337338611602394,0.37865521772552263,0.4832351957802472,0.45160829980609163,0.406318178089183,0.4395132994732323,0.41904173247284304,0.4688851816127846,0.3986731638925518,0.40163312110512905,0.4647737243579428,0.5371579981102271,0.44346772687463343,0.4575655541237093,0.49114112298344426,0.5364600377367784,0.4917688782954612,0.51894914528747,0.5258747231526275,0.4144420122145052
0.6020902379869384,0.5875497261496777,0.5727693178351658,0.50071667298325,0.47828792364192063,0.4920493719490297,0.5319621145456869,0.38922914639940903,0.445027694383753,0.5148139932747403,0.547822683360959,0.46716860390342857,0.4519689360958504,0.3994949411216606,0.4846216836900431,0.4016652301983896,0.3890064506072227,0.43647693717064723,0.46333841905633655,0.4807600680491622,0.4472082801933355,0.4244709369701988,0.502529903560601,0.5564451440676333,0.5428587643816445,0.4195308794366028,0.49071578204879807,0.57361935417713,0.5252462840924286,0.5490785965174082,0.50884468960329,0.4346545767964602
0.6454825089122479,0.5966410132179609,0.5826090552907917,0.5135481955539016,0.5546371514092229,0.5237998142041366,0.5118485210146737,0.5009717226231343,0.49622916604310785,0.5690811217612961,0.5735186931044141,0.5452654242050031,0.5191460045797588,0.5371457297987496,0.5072394345323785,0.48473343082119585,0.4331007182802507,0.4641925997344537,0.49980830737583454,0.5197669111175524,0.50040465836354,0.5376653432498589,0.5511991815013098,0.5798927040021876,0.49784586528459013,0.4966278668257784,0.4951898891913109,0.586313336213368,0.5660928172054484,0.529692071503821,0.5038010088290262,0.5545530021091069
0.5987168952250598,0.6212154878288191,0.6289235704626085,0.5645493371354847,0.5807237074039121,0.5437806168917367,0.4724321545589614,0.517463443094995,0.518823937049588,0.5824488657696748,0.5638228717110234,0.5611900436926399,0.581995385969001,0.589398701790709,0.606677075572705,0.5723728709361937,0.49965638826635267,0.5520950706120735,0.5658233106940637,0.5707820040976993,0.43011318487316835,0.5533442825134443,0.5875164311482789,0.6107665503683254,0.5212264516955027,0.5303203510561852,0.5712672924021573,0.6236395615452848,0.5979076396847637,0.5817902668690915,0.578982521955401,0.5433896364943108
0.5940702150231237,0.6098227615008429,0.6290020789679759,0.5969727292296039,0.5670155750425453,0.5522241090796979,0.500109065369526,0.4874329637926625,0.5820477682331009,0.5871423349829201,0.5908096418112252,0.5544699789820188,0.5835390857003864,0.5815452582294302,0.6101372788372721,0.5990264319513274,0.566156445379596,0.5617527945661,0.5792595880662988,0.5939239493408549,0.45016346370746735,0.5621062694522464,0.5914113816446233,0.6068381001087676,0.5593562162272813,0.5740904216387579,0.5528006176295622,0.5744371030275841,0.6247364377398646,0.596136865171424,0.5709008823961813,0.5329137902499661
0.56859958358044,0.5573197457461222,0.5796326619448842,0.5988971767279325,0.5407032505651532,0.5576016885637214,0.537095461762777,0.5056810754278867,0.5149827144864468,0.5724412534859943,0.5864064024331606,0.5495657921717628,0.5801801995684988,0.5408601416483393,0.5865405588218718,0.5669988273157476,0.5638799069690866,0.5521105039903285,0.5300197290903016,0.5902021250137226,0.4735926164796048,0.5430822895402787,0.5948525122380091,0.5990543897484614,0.5765076556056409,0.5585847271403817,0.5531880773008672,0.5635579743811618,0.6137498886641292,0.570091626974637,0.5591603905933784,0.5630037478815592
0.5593370034340351,0.5862693783858243,0.6306707260711825,0.6187599567987121,0.5443323606704711,0.5765208830313855,0.5998517764539618,0.555521689920141,0.49526751732377616,0.578700552151601,0.5842530923208079,0.5369574759314248,0.4986242920232389,0.5351947059902155,0.5360165146839595,0.5314432470323022,0.47397752036801044,0.48234349880089306,0.5079688098707454,0.5094992379722895,0.4627864465707702,0.5235492125610414,0.506114283900635,0.4789519679027912,0.472770839589896,0.4807882180299015,0.5647301956017402,0.622788499618699,0.5713801772020275,0.5745527471070945,0.5472308849728732,0.5617768958210351
0.6182373593938719,0.596978321569444,0.6585366604036639,0.5985150945845795,0.5134834589978036,0.4733596166390433,0.577972205921984,0.5011350648546684,0.4691438250370471,0.5756550139150505,0.571612638606378,0.5512338322184835,0.47846155736123014,0.574156789680296,0.5662340436568302,0.5366476273888653,0.5001929697061045,0.4892582108433092,0.5417391946208743,0.5322609044860558,0.44290302477082566,0.539311444832713,0.4439190609118961,0.5573753964347047,0.4808483270190272,0.37534847129889176,0.5282579336063213,0.5784505135907714,0.5805425791173955,0.568615866196277,0.5268970206423583,0.5563693151837157
0.5683403800360268,0.5996674757138926,0.5369414708965503,0.587878286139986,0.5005389228599795,0.3771691359401776,0.5113499970511038,0.43478901070586323,0.5013893088875258,0.5452975567503979,0.5507241949140463,0.4929115514522746,0.4257125571540643,0.5880537232559562,0.5606941273973048,0.5757666122085263,0.5927294727198472,0.537050343777201,0.5625637499087368,0.5899884793907454,0.3951928534277993,0.5709955211542251,0.43604165034958725,0.5843801228622367,0.5371429320833642,0.09191957758311597,0.4327863409417262,0.612669833350964,0.547482297405898,0.5473784064241745,0.5524062728922833,0.5456574356847158
0.5627065412351534,0.5998204200261771,0.36933133330706075,0.6141665326739943,0.4773417275306472,0.42565256850175043,0.4877032063451364,0.28669911473279697,0.5160825847725533,0.46992886568546005,0.586820523682529,0.5480744551317748,0.40164510193490066,0.5299493408947,0.5399430223367179,0.5791791724723782,0.5231779215110868,0.4800940586351032,0.5149316725590452,0.547168789031561,0.30467702964135207,0.5277740510749057,0.5446037364306732,0.6296776066112793,0.3803341910746293,0.025068594562857326,0.4866291941750554,0.4972006238109096,0.40638402578460775,0.4835297757059097,0.515274914014017,0.47700084185487057
0.6083465008400115,0.6236157577629662,0.438197521305633,0.592320909024781,0.4984196857602676,0.4883664096412478,0.5088922001643815,0.3430771284022581,0.5566932997031856,0.5462875885036685,0.5739486699071183,0.5742810318035051,0.43759015684811897,0.5318211353901287,0.5554566620633714,0.5806225594752032,0.5148454496800973,0.4918716158823162,0.5094911135698736,0.5353382787277181,0.31694453051475846,0.5106535289413178,0.5831214655990251,0.6221228882657842,0.37539186682159165,0.02725156514345684,0.5312760659320086,0.4930304798094424,0.47815086084618885,0.5619594195976173,0.5528789639903399,0.424901505909232
0.6291470930617328,0.5531941287279114,0.6458888613845738,0.5401219932544216,0.5405675929647281,0.605842934919811,0.5394880799900766,0.501053037179145,0.5735853125341215,0.5812409705994851,0.5406568645492363,0.5267243663494865,0.4743405551301618,0.5635627514778494,0.5577036417516114,0.5533911721809474,0.5352676575725371,0.5165570449522561,0.5848159276184027,0.5585278967576088,0.47855242952797455,0.5555844887039264,0.5470028859339604,0.59400727152037,0.42821921835667687,0.06474026933019701,0.5962052353677147,0.5878436871978521,0.6021166298186076,0.5750087662438638,0.5489626984312886,0.4678805321939887
0.6302728152475492,0.599914434453235,0.6135844265552689,0.5392742399373609,0.5783018462961842,0.6222745782772878,0.5543399413132082,0.48556639980585425,0.5834144383476642,0.6013852008117178,0.5376831484577327,0.5443923489141955,0.5180671215171947,0.5506008716647444,0.5641472066059077,0.5865135902553209,0.5802712229449728,0.5131017343520718,0.6130917268074212,0.6003219916554681,0.4468192429289239,0.5704603079592027,0.5557025911774828,0.6256983344092004,0.5489552002991921,0.4011899626548046,0.5833388380858407,0.5787368293822012,0.6268052324232234,0.5376244072560401,0.5086719845623151,0.4907649932374757
0.5738160896645464,0.6072213092437884,0.6036943877125931,0.5756476317941918,0.5725266923119838,0.5633741816212678,0.5215937752821297,0.535914834195279,0.5401293797334716,0.599464340414996,0.5482150615923231,0.5691346329446295,0.5364117203650013,0.5364150148438929,0.583773240602829,0.5430443443461604,0.5143081633914022,0.49344613513013363,0.5140152797593164,0.5906622262444985,0.40044123419068195,0.5335703102810399,0.5612116744342506,0.54080977747014,0.4955092346395789,0.40389236859656424,0.5536610864934434,0.5927604619551496,0.6143559303388192,0.5283703210963691,0.5141514374979163,0.5563072654798619
0.5398826328243447,0.610397606063501,0.599282236890319,0.571136303407995,0.6118995082870655,0.5663724337115977,0.48321481402199923,0.5530706500305141,0.459419379697403,0.5821199445224745,0.5213359203770629,0.5067203744849141,0.5429542021028101,0.5134537461722601,0.4731021462604339,0.4550208983462811,0.449348017170098,0.47765596012626416,0.45954946748587927,0.5424931678193431,0.3878414684452861,0.472938967622028,0.5629165748684972,0.514792412603499,0.491257186096586,0.351550095287654,0.57120728704037,0.6133318575843986,0.6234940021800732,0.5485397521339705,0.5620422685094455,0.5087409533509804
0.5922561632091762,0.5947071077466928,0.5885906619591537,0.5768686244323641,0.6014730535885415,0.5756959791641277,0.5234323906559027,0.49888823780846525,0.5529943545202053,0.4993569394057431,0.4892847570713784,0.5113877494807472,0.5059386256463649,0.5298185449934578,0.5392794261837185,0.5275857926234557,0.5331963262858088,0.5541769440500127,0.5575441730884481,0.5776569297938499,0.42766340478661535,0.5115576409364913,0.5527460563157894,0.5546121910094677,0.511546008567363,0.47736483288889786,0.5912596442991478,0.6005781118999146,0.6221814522135046,0.5282979883828751,0.5487878165231683,0.47978501202065343
0.5985958368542584,0.6367758919454513,0.6120166694069504,0.5777507383743333,0.5633934302931101,0.5624367650065927,0.5838773329693728,0.4798175431780795,0.5274999899083602,0.5559424982937883,0.5421719715007347,0.5575061499466694,0.5534188472995817,0.5215168290748328,0.48848723977589764,0.5152440608173728,0.5587203785702285,0.5143498564885204,0.5453271383191107,0.5705345138362179,0.4898438503717636,0.5304434480308747,0.5355545847924746,0.5828361597422628,0.5717367072550591,0.5091963903088975,0.5804980028974138,0.5967515362937769,0.6101273941767243,0.5345829042591388,0.5466039927282993,0.5182230625367023
0.6267593251993606,0.6021677759562045,0.6340360811577391,0.6009129798035149,0.582129353651196,0.5551951033743315,0.5547386076812949,0.5358406719356791,0.5311605050465263,0.5773990365405413,0.5808055366005607,0.575926891119876,0.5344492565193686,0.5566805509228954,0.5707855729092345,0.594133595789635,0.5865586857179133,0.5716828717124186,0.5684243480318982,0.6023134381056974,0.5100896080310962,0.545886660132182,0.5410342599035176,0.5714988588878968,0.5326009691537649,0.5778391947840741,0.608399965532736,0.533133607755078,0.6246530784241994,0.6024183271701831,0.5810970853854416,0.5833229578713663
0.6221134202263796,0.5863341869361145,0.6219801325914666,0.5891848134359035,0.6155076324797667,0.5973863134498623,0.5632594235705997,0.5486201243970807,0.5426831915675243,0.571399461389841,0.5553356544733586,0.5401865474020017,0.4893589914217826,0.5219358771453937,0.5974844287391345,0.5922486596055704,0.605406920131357,0.5468005446897591,0.5426842738118717,0.5469166270068896,0.4893451302726037,0.5354062080843829,0.5817960607649619,0.6005543937321204,0.5605963650458626,0.5408877813491636,0.5941253935808073,0.5756242180970547,0.5759535937859397,0.6049692746749596,0.5637238195779968,0.5626730882979535
0.6158277571138276,0.6204712301069927,0.6229703037681076,0.6031754863862255,0.5837133395144832,0.5944767774310643,0.5510333089693867,0.5568213144572208,0.5048305886820821,0.5239385184947775,0.5319109498175204,0.511471357907405,0.5099129121194904,0.49169309296999003,0.5121212569020405,0.5687073764422202,0.5654820671583949,0.5503136946929981,0.5719647082020979,0.5656098118756332,0.43717103286290865,0.5616023950164186,0.5593221021770709,0.5832515097367278,0.5365039127388123,0.48849267207980673,0.5872328016921695,0.6234842214075106,0.5746251011924427,0.5720614529211239,0.5117438372495372,0.5386033416947938
0.63498487656165,0.602602283451033,0.6329526639053372,0.6218566035989266,0.5265990048350868,0.5858961203186873,0.5314667376431059,0.5284733901367297,0.4032492862398827,0.5391245007328618,0.5546599356167873,0.4566206730420536,0.45251947830001205,0.4615316289915289,0.49251728893336044,0.47944542849573046,0.4256829089394353,0.4570901255929039,0.4705734719212654,0.5120654248864831,0.46561477432401865,0.5020481379447672,0.5144910291002994,0.5720355363191956,0.5295719198236952,0.5081674072942687,0.5211042498858167,0.5843763376160748,0.5971063968509213,0.5627474630927481,0.5668467639226502,0.5357855059265856
0.5973994226727116,0.609521523872459,0.623240842403707,0.5839810350192859,0.5433597813570238,0.5959489582633224,0.5266285810313976,0.5092837911145279,0.40234210544191673,0.5645489228311584,0.5165413450921464,0.5016255588745002,0.42891082086211874,0.5166834332501506,0.5513645306843737,0.5418421888514585,0.5338247241601886,0.4780564441154433,0.49669560534255075,0.5389620363946575,0.5574660722180452,0.4958452270257056,0.5145706415762239,0.5717651566226598,0.534685790376735,0.46673667769173793,0.5439335501412847,0.6015799870344549,0.6560960578436776,0.5331564442510042,0.49086019252029267,0.5379048592096629
0.6231934036126486,0.62061838538437,0.5894555919610276,0.5627402228114138,0.4876528880821124,0.5855195637312293,0.5350411295230939,0.5147841247066427,0.47988763634720816,0.54568354411302,0.42733202333817566,0.5542502030180597,0.5302063991259419,0.5063986612974749,0.5210765271636352,0.536917497904854,0.5495699195686695,0.48484140903625567,0.5141082120325039,0.5351448204920797,0.5054811239990514,0.49765730263547137,0.5694885623339161,0.5592647259693807,0.5686202134857296,0.5082530682833869,0.5200898905079161,0.5960082894870766,0.6195996810861762,0.5374631882910653,0.514962782553581,0.5254107904928261
0.6416816851559832,0.6147928069021766,0.6189152511960937,0.5541907154736034,0.5188752423925188,0.5830108532246043,0.5307340643253738,0.5753641449035618,0.5533625106537909,0.5455220690108907,0.532547290462974,0.5421965034633579,0.5469646703818638,0.5416347082827834,0.5429472732320992,0.5262250179574172,0.5408064559779265,0.513083631737086,0.5152357742435434,0.5537873637108144,0.47650457456922424,0.526639372629871,0.5667981495333698,0.5680095800638915,0.5712138799636203,0.5035032832601191,0.5717272411061023,0.5832875622061148,0.5780238587389703,0.5701450325041741,0.5806220217587919,0.5085991275522111
0.5809465152836563,0.6356149768603011,0.5717863235556778,0.5876288241630966,0.5736278296781645,0.550411016724851,0.43348524466146715,0.5736228713629793,0.5357112528129184,0.5395568818064717,0.5566514359714078,0.5545493575738025,0.5445487046744923,0.545162285741226,0.5477480483202543,0.49469624183610705,0.5384542895823864,0.5340371384225816,0.5184508919237957,0.5477797782176081,0.5044579543698968,0.5055726711823345,0.494103570856452,0.5696993038926944,0.5394808795263667,0.4953275205286333,0.5610292157325698,0.5894427341480765,0.5728390588386503,0.5676953956642615,0.5805680677974665,0.46592293448937216
0.593358596853409,0.6380874033769179,0.6100243373100079,0.5327813739209211,0.5786646957907585,0.5504093792176867,0.5188191583532151,0.5709306857503879,0.5158217250032328,0.49798096298226446,0.5574067871440413,0.5777459113673231,0.5365517834355232,0.5736328583077435,0.5495765095031095,0.5517245953382404,0.5605490591184211,0.541375675783638,0.564722301078148,0.5665383136989157,0.5032411240664741,0.502998461124011,0.5265857339836442,0.5866268602820098,0.5324099829342627,0.5412611549579569,0.5639672090111588,0.6227222056749928,0.5950789016565702,0.5771904263884606,0.5510283431790497,0.534232648427814
0.6075664189788348,0.6263794098469623,0.6161931104695784,0.5416853972169937,0.5843610079309056,0.5816557647172594,0.606240713348003,0.5410974889696349,0.47676503998383857,0.5277755571460335,0.5284481650232952,0.5567325567213378,0.5132987149699224,0.5491385754973118,0.5461813781465021,0.5706990248134051,0.5800607624537816,0.5334192826341466,0.6070661804400319,0.5749552305654165,0.45597475922700215,0.4962390428074589,0.542237994656858,0.6029239813135305,0.5584455957840172,0.5653357993962993,0.5910776809912368,0.5956093905833282,0.5958716003012158,0.5867854445813162,0.5861561411428649,0.5563483402585475
0.6170355809177585,0.6095570727758696,0.6460728857866228,0.5877009052862694,0.587660070605023,0.6032709281427705,0.5518001952016545,0.520832530105016,0.49460665015015565,0.5434045873367506,0.5558501837390722,0.5161406276802555,0.5112785689467801,0.4559108422076604,0.5088196050391249,0.5355958598359513,0.4840702306766792,0.500109065369526,0.5289894230874372,0.5309293500758369,0.46710611842254074,0.4771503341549588,0.5107833395739295,0.5093413510724183,0.4521028175333745,0.5185057138055494,0.6169716854186509,0.5771496695275544,0.592993293681358,0.573723615343141,0.5343206662338729,0.4934094860502171
0.6094013883652523,0.6422229579610462,0.410060113160388,0.5286098790790265,0.4918358407707531,0.5149980915717912,0.5523826625187088,0.50000821059033,0.5348073808144921,0.5382144564291239,0.47824873622050296,0.5027349337224382,0.4968649451575341,0.44706022956877195,0.5451785785606749,0.4985426536203962,0.4618293377778345,0.5146759473772651,0.48174371314115444,0.5384081789036864,0.4887375434909273,0.41860108437707083,0.553035636179624,0.5501302189811422,0.33933821904534317,0.39642028410219987,0.6131183755814466,0.61992391510325,0.6217791083167128,0.5256621067700772,0.5303508054100118,0.5065639240312213
0.6186592066283092,0.6828450997471193,0.4326492179822659,0.5472656438574284,0.4800516803223626,0.581471443465893,0.526879686773111,0.4525634135432276,0.48326170541978103,0.5161920249140676,0.4532917263543251,0.4698358580852044,0.43079117233314024,0.4512704850233206,0.5406957364856467,0.5295727267508096,0.4864354473399837,0.5305886740089407,0.5410409971049402,0.5652601352258769,0.5094994435728275,0.4156369360626063,0.5430720932496642,0.5117939384363037,0.46808745595120554,0.38974657597874957,0.5461842942597147,0.6356739424287026,0.5794945561506601,0.5026890662768995,0.5639136077224542,0.3460350945539038
0.6148131181721156,0.6128295890231096,0.5028752879288435,0.5878185837006981,0.5185229035915572,0.5713794697430897,0.43345712473991505,0.4628688495065092,0.4881098865144744,0.5001510556549192,0.48257414713776925,0.5191563092792065,0.5016414109682993,0.5261884438692768,0.5488445786119086,0.555722617102595,0.5339961575921427,0.5439362112947839,0.5936698587866724,0.6051696865950243,0.4792418403023664,0.5587886200191362,0.5549167536992026,0.4944560712685353,0.4826109734576504,0.41065129329291133,0.562090016001774,0.5892417289292389,0.5455242764323345,0.5039312059835531,0.5604760030422307,0.43180349331402773
0.5770932661999295,0.6276950001536994,0.5751761573101893,0.6034909447352649,0.5267794238673605,0.498744738485877,0.41746935121951384,0.4760309158402459,0.43194424889429545,0.5387677301973341,0.4305121470354277,0.5198381970654485,0.5883056062733913,0.5129149428859096,0.5511651734461184,0.5153239444838024,0.49290906718698996,0.49142587711076763,0.5512914607191208,0.5201487823614253,0.3488309406760286,0.519028130493387,0.5334599165902077,0.543743153213432,0.5192369069380949,0.40841061833792125,0.5636550621441333,0.5901330466103146,0.5880382293196589,0.5751991048809819,0.5925200720413665,0.5622526640729703
0.5137576224615287,0.590132019246043,0.5569580829394911,0.6044534390382028,0.4978591332446153,0.49200040269333245,0.531136182861568,0.5300440923668196,0.43975418158679647,0.5606242102136373,0.5506902223299186,0.5858755025189785,0.5432023258692333,0.5483531937430153,0.5716712465498545,0.580933647122896,0.5236153986943847,0.4869023056172929,0.5391548037249442,0.5184535371727631,0.29123389170991654,0.5157435575167307,0.5751405370763562,0.5291249887003706,0.554848158150275,0.4278220152094409,0.5895544746600803,0.6216308425854153,0.5800526743023826,0.5517739772527975,0.5838876537337354,0.4911568192908387
0.5731033923277103,0.6042031245986215,0.5761492944027039,0.534784469470635,0.5423130533551408,0.48695037141568265,0.5448287634469865,0.5271349981505227,0.4752437744923957,0.5715200363467081,0.5766294308408788,0.5469597893687608,0.4334940253202126,0.590511258273103,0.5778694194099044,0.5690162768844832,0.5557509200606665,0.5022558761879112,0.5405898577098658,0.5165236448806284,0.30959080364702396,0.5522646503815384,0.5809974832066354,0.5445229204610013,0.5814753625370732,0.41168962505846507,0.5330900773828606,0.624308404149961,0.6032853900758567,0.5051503860390305,0.512810109353218,0.5264168077960181
0.5875218431587064,0.5694864622551469,0.6037384147479516,0.5055903869103336,0.5662881338659652,0.5772155297629392,0.5566110474336692,0.5806601394493953,0.5328518089026497,0.524898114675112,0.4941006655562291,0.5404312623779927,0.492832775406904,0.5484954025230862,0.5866590800995134,0.5517967693057053,0.5282950909869097,0.481319131591774,0.5402925409862603,0.5456239050257196,0.36605050419907115,0.5566289278892927,0.5334365842909872,0.5830466837519089,0.5429159225409307,0.5108256237659907,0.49486783832737985,0.638389295988944,0.6000967407009916,0.5815534551207064,0.5208435358856575,0.534617741023112
0.584735582083925,0.5947169178717229,0.6080570337482095,0.5923685744072308,0.5793798272219947,0.6291857796087424,0.5411183965037961,0.5890879012600908,0.574495712369608,0.46636717790938614,0.4903120839328877,0.5617294491048362,0.5256290697514706,0.5920071157856692,0.5342531336284999,0.5735569932564601,0.5779744677374656,0.5201353007840577,0.49338644466738524,0.5945599443214438,0.4563460951147258,0.5906431653786065,0.5715608605870153,0.5378522246862026,0.5624356444729787,0.5106562614148364,0.541627306215872,0.6091446685795755,0.5913699807404027,0.5628808546532235,0.5395188303345338,0.5604182488585163
0.5633701500819599,0.5882110369195215,0.5754371989270448,0.5408397519457879,0.5826675481533498,0.5654099932107407,0.559836660382483,0.5691804216362151,0.5330534802293223,0.49437972890165066,0.5841297459331588,0.5788580341578177,0.4968786077257474,0.5693329683319699,0.5484877014260151,0.591531987632281,0.567701666231055,0.49843265528502523,0.5413633657429532,0.6008767367576452,0.4674685520543384,0.5336668583266023,0.5401778357785182,0.5799294153351366,0.5396849689182286,0.5192629693728442,0.5874265316489246,0.550896728758165,0.6026397974879139,0.5762440393730012,0.5670990561782786,0.5446289387894981
0.5567530059887695,0.5919199608513233,0.6003696905735134,0.5891938022647228,0.5632775585627278,0.5720542927164672,0.5960594263892257,0.5581372025077564,0.5370768309169418,0.5673123624874117,0.5521427244751086,0.554067726190183,0.5206633206742405,0.4376125273313692,0.4727271118379823,0.505213936761214,0.44966935450255247,0.4795144962377329,0.5302303083003815,0.5244719412798927,0.4214588024409426,0.5072123556586146,0.4604938018788523,0.5637328866647024,0.5273512041568997,0.5541977812403782,0.5890350445716175,0.5427466644185341,0.5824552799052454,0.5856225148201017,0.5373822953781459,0.5386287291340583
0.5845510900078003,0.5813363301003774,0.594492143138252,0.567955441257691,0.5641979736931292,0.5660591091963549,0.5376664185148728,0.5523119225987414,0.5030371031484171,0.593462822901719,0.5290123716844417,0.5110359508253421,0.5094217090915983,0.46447064942353417,0.46174272593923565,0.48028968663814203,0.4534775870816282,0.5199345976401054,0.5072604179288774,0.5017888733120871,0.25726511977245087,0.5248399459543402,0.5323454415595266,0.5636416788182421,0.510323276246877,0.5192105957047162,0.5815157287380304,0.5949133348230747,0.5527340905140505,0.5861281731868804,0.5574049261809371,0.5310987286055463
0.6140452952344775,0.580595730924005,0.5636519889750505,0.5523087813232416,0.5434037357200948,0.5438646056783483,0.5111257663359636,0.5168190004169999,0.5201401067916802,0.5609836921467304,0.5625487323122563,0.5263934325667529,0.5350484807772057,0.5699621943569788,0.5070696687892879,0.5177378580810814,0.5311605050465263,0.5861560556831183,0.5589296072262909,0.5394989647494426,0.24368192561275642,0.5676294505349815,0.5876354818948011,0.5604828951468549,0.5382977825832748,0.5482564299575303,0.5155188941977404,0.6177368617530777,0.5350551024335384,0.5804563555831614,0.5955898735388224,0.5605244023610302
0.6044414622635843,0.5790242511446602,0.584644868187956,0.5742196770842325,0.5169667109047129,0.586657694818749,0.5017303086460675,0.5086270708922342,0.5163580862844139,0.5026178394754128,0.5438526599431723,0.5456471387080268,0.547883521399215,0.5215723716795231,0.5129468825973045,0.496115262026011,0.48732637320448335,0.48193661391385356,0.470942155828,0.4968405190136193,0.2844999772665601,0.5433812658417013,0.5206150753807183,0.50076264576737,0.5502167575746678,0.5516438817075693,0.5501577327086263,0.5713335310674197,0.5662869267524453,0.5913693334540147,0.580132449509348,0.5473881583689354
0.5853159818386653,0.5998184585142418,0.6382271560149764,0.5338141016022917,0.5015026906852682,0.6000422047365495,0.525456977808232,0.562377873809461,0.4894598915583685,0.4791464637222176,0.4584189278220164,0.48769418477908283,0.4953323067361695,0.5328231985204225,0.5014850842765349,0.45534483690731087,0.43644920634777484,0.505902812302774,0.4508183360606243,0.46041046778157485,0.16476700518220705,0.5320392113469486,0.5237810249688738,0.46783113219313527,0.5336334318904825,0.4914446636351654,0.5649340592057037,0.5763197954434583,0.595199056820965,0.5833559974856343,0.5898363305783072,0.5321734165477562
0.5615670080666845,0.6208763185371136,0.6014825776804232,0.4993598949673482,0.5026966600672794,0.547994903860473,0.5554776726290755,0.5224442244156462,0.49012630775284055,0.5460219616929822,0.5781702571290848,0.5509476438752848,0.48798096335227437,0.5599619644196496,0.5851455276784796,0.5881728398441647,0.5287809385147191,0.5414321463327003,0.5555503067822093,0.5661945102899,0.16179426132203323,0.5227525422180388,0.584687260162832,0.5525886707267937,0.5531432734298052,0.4879665721617759,0.5695067828571315,0.5908597222164663,0.611187832982315,0.5760438024486434,0.5568703198428681,0.5429121028640562
0.5821462519278306,0.6004955695171709,0.6113220346687552,0.5477863006032146,0.5805145377084654,0.504843140735006,0.5869228738858232,0.55470110227503,0.4565610887803622,0.5602632932639918,0.5798596890491623,0.5486074877501728,0.4964689967738761,0.5748707319562644,0.5837565722315065,0.5604891504363516,0.5484420984018119,0.5207685713032377,0.5735799949406651,0.5586026356320184,0.40528788170096597,0.5202094899349109,0.5890832014793718,0.5676590985291566,0.5754316919332069,0.5159105528553212,0.5427655849274565,0.6258414490782137,0.6282352231822717,0.5410701974400677,0.5850611713488579,0.5540982506927122
0.5676399032054708,0.6140098600012215,0.5925599436547767,0.5798652504427767,0.5843548327763691,0.5172104262234587,0.5273779453315579,0.5648581217474866,0.4392670035976055,0.5771948769653137,0.5569814344625088,0.5618398445253191,0.5493005102235897,0.5863065033245061,0.5695639190549785,0.5606661714219344,0.5186464652617611,0.5509105809686604,0.5795835940380354,0.5570052573187135,0.4288978872400768,0.532077791730387,0.5729906407145314,0.5704185936672019,0.6069876274866299,0.5153435532068472,0.5789265373463309,0.589317412924425,0.5814443612816654,0.5219921188421153,0.5732912147350981,0.5624480175993931
0.5684616984417156,0.5638653597159713,0.5692929021225535,0.5515023041479625,0.5319206710043428,0.5461927676032821,0.4898265613165838,0.5522114190378916,0.5314087896734128,0.5654994890002539,0.5419714860235568,0.5109436805514416,0.48536830101383627,0.560455588298927,0.5584665276451579,0.5818377043057738,0.5362198676779015,0.577354690472488,0.5492992319162733,0.5543660411577551,0.3571020924699466,0.5554960837875066,0.5219832814658847,0.5669466137252782,0.5640017598786771,0.5013283342903058,0.5784535833811573,0.6050695742300176,0.5671220474001503,0.578071197658672,0.5746165299229419,0.5743613872361829
0.5732060737129084,0.5864922116278012,0.5571334412723277,0.5859887961759017,0.5335765370677317,0.5493120685846444,0.5042665412377165,0.5630152246368867,0.5322623443097061,0.5588451008129867,0.5457294845833666,0.5446618280658905,0.5231028899332227,0.5598182102565484,0.5700854329831803,0.5681970346886845,0.5119968126564537,0.5605226276613401,0.5718263341362589,0.5834897701778298,0.21908525391620495,0.5569893490917737,0.5556640813659449,0.5640288577630114,0.5428110836814378,0.5206275347603092,0.5447271754416722,0.5607543511917442,0.5643369533881206,0.5897717287668343,0.5422234414494217,0.5490178626565145
0.5628159007776912,0.5890437360921702,0.5336907619837937,0.5670115558364486,0.5780659877456961,0.5211999294819574,0.525088070686555,0.5641345484487491,0.5628407582207575,0.5466328868630806,0.5556875929527632,0.542545339513583,0.5729919687631168,0.5359416281889361,0.5786830991616255,0.5631237607236866,0.5410964311856138,0.5415157462918048,0.5209194369352095,0.5670481841817878,0.14138774381840033,0.5822280991318607,0.5623965832058387,0.5318908336966486,0.5244203615536327,0.4747654389905197,0.5583934433265599,0.5549797110179442,0.5851215976498823,0.5401467960010409,0.5307510483853431,0.5715432428855707
0.552205073121244,0.5465952843979038,0.5866250825742869,0.5524083943144507,0.5601495147741448,0.5069252765464934,0.43286408229627876,0.49969245077365726,0.556298655926105,0.5341035976004382,0.5201834121715512,0.5479959887809999,0.5238490636522773,0.5350306567206476,0.5743661236557907,0.5480930266986423,0.5905433861517194,0.5451914570189266,0.5407015309837709,0.5878426810347798,0.1653024869981599,0.5602642263024643,0.5865004526194497,0.5557589157877499,0.5443718401699968,0.49001745470829344,0.5684983334338003,0.5865273321819392,0.5488533836552157,0.544109646806604,0.5916680116100913,0.5862859496572058
0.5730523237366004,0.5656197352439912,0.6036396480931726,0.6109342772688684,0.5593860876932275,0.5766881386309559,0.3946640599218676,0.5473498000716392,0.567349778535159,0.5560613926490332,0.5366540540486944,0.5737602953215872,0.4921179979098718,0.5740995883302307,0.5713423066757418,0.599491260851647,0.6117767830540543,0.580584094371619,0.5861190714083909,0.598992643693143,0.3871068649154744,0.5558433544364239,0.5446119252175924,0.587375292018448,0.502048960775523,0.5652640521677058,0.5839112778120276,0.5958651854673204,0.5897397905230011,0.5519904969527156,0.5675581392780965,0.5109997487881962
0.5999847769492153,0.6031770964793697,0.6217007970139643,0.6212945268564534,0.5682449298589192,0.5655792091422549,0.47343474869791996,0.5454397097887286,0.5388832696846126,0.5654008829323045,0.5045276375310397,0.5760470628217192,0.4429635821002407,0.5504436261186936,0.5227408598180282,0.5827143237302278,0.5761810100719853,0.5766215398381629,0.6202066994246956,0.5322333583424375,0.26400051956235615,0.5572267969264433,0.5946969087125412,0.5665020426926768,0.5260034575872976,0.543530997828217,0.5840418816118943,0.5642322364842469,0.6087442446134311,0.538374838614274,0.5839748749965072,0.5355238420046133
0.5636067104553921,0.6082906450998264,0.622319481487478,0.5628172870997181,0.5931637185416274,0.5296440958798917,0.5475993011177427,0.5234421924415209,0.5269047599807777,0.5752596243913162,0.5508641233255511,0.5515120158723151,0.575636438982848,0.5354780350050171,0.568340712874291,0.5530833941619324,0.5789508839078727,0.5714416769325448,0.5940896730300123,0.5334399456782196,0.23417681268622506,0.5553294547547375,0.531965577191068,0.5514679456071071,0.5528623381295178,0.564175042456899,0.5513532334215924,0.5738955533807474,0.5469928994323816,0.5641027478780223,0.5755715525480749,0.37362812438445625
0.5823448642755876,0.6136754677560055,0.6179610676044276,0.4984674836284448,0.5653557072792679,0.5437176482486682,0.5744393002193743,0.5830907806693336,0.53280919452247,0.5516497442473131,0.5379280344423698,0.533001870344111,0.4978766494251876,0.5546082662048003,0.6087076009586869,0.5655751357571908,0.5625413641219444,0.5644827176944072,0.5855715593775902,0.5560576651156371,0.28554600944540226,0.5064038151578192,0.5057857711041385,0.5764842794368112,0.5829778446525385,0.5405909735658446,0.5183873502153566,0.5999829567558924,0.5270796453424028,0.5673600228720802,0.5504074129296943,0.41313048038819516
0.5650210261464904,0.6041417849634513,0.5952885246231033,0.5407230731037941,0.5074575671922295,0.5326054799551319,0.5879357962125139,0.5344861452308179,0.5214683766984296,0.5583739802560072,0.5319858401927533,0.536365938287328,0.5210527532011122,0.5467369020179049,0.5805713276878599,0.5567617830129651,0.5549968420791281,0.5519409350268252,0.5503606870030677,0.5241757485028155,0.5122175738805395,0.5041572620928886,0.5280851910856997,0.5714988588878968,0.5614164577273485,0.5239280584923509,0.4997221603035853,0.5580268143364967,0.5442744251960245,0.5384399527519655,0.5509227715447959,0.5679753320748799
0.5143254682547487,0.6040206796513893,0.5597619974539229,0.6072366123524623,0.4811213437427885,0.4528274030322584,0.5229449079165553,0.5202469585943813,0.5386546320752942,0.5484493763111503,0.4979017667319821,0.5329590503147028,0.5076834373629181,0.5716420766726453,0.5573123631917063,0.5312344953971978,0.5359164706837347,0.5471112946764972,0.5042850725356349,0.5339832170834132,0.46756039116274306,0.4937305672991849,0.5689059798961957,0.5066355286480456,0.4712981278083814,0.469773554261192,0.5168643609611693,0.5695198899259685,0.5101993271157774,0.535853127443778,0.49666697964651385,0.5543717386409283
0.5732401643739058,0.5970058606606771,0.6041546895366346,0.6090587838110468,0.5395211067857587,0.4003147994984784,0.39982770010494334,0.5016150083843265,0.523409619229404,0.4885763925117807,0.3618464000959513,0.4530447699800975,0.5409080326740624,0.4215759283808627,0.49194070785550986,0.46842165926086615,0.5204936659994585,0.49104939876153153,0.3996837622994302,0.4269963737874851,0.4097847692526807,0.47492653486040964,0.5314423805051075,0.49870703484843015,0.46919759546382683,0.4767618961522294,0.4791544575245585,0.5506537896230818,0.5717487698068704,0.556234436231917,0.4565164604312191,0.5516032676225991
0.6239905842059693,0.6461623969133813,0.6351548873459276,0.5925136220047016,0.5515954268031384,0.48414889425412216,0.47237068417132705,0.5027468941535814,0.515098887761379,0.48683880283099834,0.4949522746097005,0.4887173101137283,0.5451131839835376,0.4891208326308212,0.5166392288808332,0.4862122065128681,0.5424021265142617,0.5654311835503055,0.4732260309073773,0.5334167808130293,0.40510423685795344,0.5492434464706815,0.6090268145460174,0.5754579139504681,0.5242696688442583,0.42082105232606704,0.5481981894745118,0.5669588308032688,0.584949964407101,0.6047718804076545,0.5479918211887804,0.5779830900931894
0.6127776778195267,0.6480207379926367,0.5872445125440305,0.5823669492327379,0.5901081169914216,0.5675962653526476,0.4740740287361085,0.5817494882814324,0.5393032242959719,0.5626720968855677,0.5073747372642855,0.5816572610782006,0.4808915918989459,0.5435407377665821,0.5154534935492324,0.4678638437178295,0.4675830655907939,0.5334902632372228,0.5888919266416964,0.5508079408374446,0.4509225373079378,0.5695237697734108,0.6010678743085031,0.5652730470332666,0.543288478982475,0.4429283329579729,0.5845646479204244,0.5701761468934836,0.5842176225233366,0.5825396432149075,0.5366420148907312,0.5526182689537856
0.6358498585380814,0.6182992897635128,0.5987612310574313,0.6104176794542764,0.5835098903979918,0.6081539677265528,0.48112046935207486,0.5083461372840564,0.5135190885664287,0.5676485206816915,0.5735553549197808,0.49224604788648274,0.5339930131485641,0.5351622638671824,0.5681548380504358,0.5497863145223297,0.4426017783159339,0.5573523833759849,0.5626644067627107,0.5033758088134085,0.5112539643422329,0.5443539081610016,0.5885880540194041,0.6068257646641693,0.5684281755765169,0.4933852407531906,0.5938391853142777,0.5934154754977431,0.5737407410318643,0.6093829917526814,0.5740416701768227,0.5959411532774149
0.67639637013513,0.6139331745869515,0.628922779104555,0.6098382750997877,0.5790602681863565,0.5262916132859871,0.4472214753143637,0.45958065840244494,0.5421579412621655,0.5459562393961908,0.5601585484285472,0.4559464300581652,0.5694626187626234,0.5578622297872857,0.5793120379111467,0.5559422844288762,0.5084457449191996,0.5726443852549373,0.5522878474884586,0.5069526522323267,0.4367151809788355,0.4895714573603386,0.5885981829049879,0.5400231948680481,0.491407537908889,0.29346288692537026,0.5935492981927849,0.620750951378103,0.5689527952501221,0.5627819772328679,0.5574122288391344,0.528358947061953
0.6106126966924403,0.6143956286500287,0.6055031924468932,0.6265503396562198,0.579609049236887,0.5326984128001542,0.504837581921368,0.5127336167128483,0.5189038544991802,0.56994808417192,0.4727667687001296,0.5026493726438567,0.5382405285164604,0.5027883284748327,0.4875730087789432,0.4823625349232196,0.5154114393161716,0.5531897718532398,0.5292622963092612,0.5175201762892235,0.44064863427732864,0.47768649663718343,0.5523773827563585,0.5176653980346977,0.5155063411048822,0.1719134147702771,0.6072304944294971,0.5836325803785621,0.554932603331211,0.5666392751581905,0.5494575650706526,0.5060799698569092
0.6194449812060777,0.6344245078023774,0.5994827046653102,0.6076772501773869,0.5664728024803821,0.5335538748435469,0.5184284350085628,0.47939626123569834,0.4924871339879136,0.5316817012085033,0.5482770417629245,0.5202389854940925,0.4752628367764224,0.5086606521474764,0.4823868727179037,0.5395070376584314,0.5368481157461359,0.538628130186532,0.5487201180946297,0.5389401928411212,0.5329390100968988,0.5241625846182281,0.561756721166165,0.48910654407811194,0.5521030954063953,0.2520883428475027,0.5707230843566681,0.5703615710454686,0.5756007952875328,0.5807294725921202,0.5317880236558566,0.5511726381102645
0.6051177549360159,0.6487854391441438,0.506221987976831,0.5873883378703637,0.4983247571058007,0.5165853180743943,0.4745003507626983,0.44191573638763004,0.48079356330009415,0.5339557030457774,0.5277224241594688,0.5582051320906981,0.418466047085976,0.574109631032622,0.5841394218189926,0.5735553195862587,0.5651021306973861,0.5526227524444521,0.5199697351686364,0.5254468923201728,0.5203894714268522,0.5001405307456672,0.5680690463193836,0.5140720376465708,0.49902528311983374,0.33027173449606556,0.5585003388515569,0.590063273739711,0.6042799592711576,0.5647708727188528,0.5603169682843566,0.505761908274358
0.6161059758901656,0.6173465788730196,0.4092627224119696,0.6054240402836762,0.5044318719650718,0.43724453861728196,0.5475691371388101,0.4766314926346144,0.5167225058877261,0.5384827581064376,0.550828328804064,0.5154781094936137,0.4831983130087828,0.5752375820785107,0.5872199151964238,0.5694375262339224,0.5893710328068221,0.5456455618740947,0.5462775964835879,0.511587722113558,0.5117511212869335,0.47067531760760084,0.5067075671570732,0.602990827862553,0.5490197994506812,0.35930306634500186,0.596095558585083,0.6145101915805954,0.6473145682860264,0.5933876198057014,0.5699930659726294,0.5039527444782287
0.6306945903254946,0.6261765544537615,0.29225519207541334,0.5955087109960292,0.5074790691952048,0.5637485449720686,0.6054998735011896,0.3805182590569595,0.5389772816058114,0.5390138906760833,0.5428620562971936,0.4895299865180888,0.4766926173965321,0.5479385584392029,0.573570083707565,0.5595431583824256,0.533908681199435,0.5193555736490365,0.518733561243293,0.48015459856966725,0.45729191482648057,0.5345114524661579,0.5597748943938895,0.601250760587,0.6487557464344226,0.4125531472341281,0.5694884905843703,0.6522198095821986,0.579187049220595,0.6103079883138107,0.6075110414200354,0.5276573420257933
0.6632689118455691,0.6093897285796583,0.2479967305266937,0.6034195704773866,0.5366696751694681,0.6138624393360872,0.59274527542709,0.38469793482294595,0.5518934859090294,0.5602320608016214,0.5750366212136532,0.5187599243866975,0.5167255795052621,0.5708392503052723,0.5822531130570248,0.581827171698137,0.5086429826843507,0.5203312065133271,0.49868660604790654,0.4642454981297773,0.4712559225338648,0.5158405509077911,0.533930968482734,0.6309246376257229,0.6448976936455332,0.4255450035159956,0.5346813389143965,0.6337889181299957,0.6001707241018406,0.6079476123293646,0.609504817045347,0.5213708125290502
0.6357778318559003,0.611101492173278,0.31095317770281017,0.6165667488010595,0.5629456999712172,0.5783154651281829,0.528936153917182,0.49403865881673403,0.5141328536162473,0.5607498030186316,0.5572520040972572,0.5668296839157495,0.5169314234026767,0.5569529541736657,0.5566018684480389,0.5435539421913977,0.5369261805214874,0.5604055011045869,0.5430397579055136,0.5220641254551706,0.516567772443734,0.48748938512674944,0.5293684843544282,0.5345583252007339,0.5663954749208014,0.48536370071998625,0.4956665500198795,0.5783522544597276,0.5580826331697956,0.5616167568134829,0.5673194467356014,0.5415689803361636
0.598408530849879,0.5940015730842565,0.23857215597685402,0.616964804053388,0.5478074816853963,0.3806988901766097,0.49929395108473656,0.4648317588449388,0.4571480910039884,0.5656531278980995,0.5110831566028505,0.4959185154168525,0.49048104990630703,0.5404405443049206,0.5236220174743652,0.5118211440074923,0.5354336912092034,0.5444889406204243,0.5337005351322539,0.5106231331304907,0.4675551702259321,0.48564195934234033,0.5126372930555091,0.5414750148937504,0.536430637225128,0.43797421228959404,0.4840284850459287,0.5829770147322838,0.5447790435583524,0.49959630985908865,0.4853467840068558,0.47711600294626005
0.56099288248401,0.5890201372828198,0.27128889355092917,0.6050618227161245,0.5671440543562142,0.35365451401348913,0.3962534471974895,0.4442072811875166,0.48501987148131626,0.5312239109785205,0.5162024470570706,0.4775891131256828,0.522192984014695,0.5628893388679035,0.5224578123711213,0.5246388523663652,0.5749659764730576,0.5118329549832986,0.49364109340007095,0.5231879191266302,0.495988556335523,0.4849708206401096,0.5342719770681665,0.5628615144506294,0.5265949582100734,0.45504514531539975,0.5206767170270673,0.5919562331388439,0.561570822771226,0.5393251396870934,0.5150966455953391,0.5172832656034435
0.6031090926008404,0.588877735282101,0.5288021115792156,0.5889590508415183,0.5723930205758042,0.5464655320728551,0.40795222966025807,0.3807498071761963,0.5129917175228398,0.5317250634947587,0.4908506076217112,0.5780215495762405,0.5082759570283301,0.612405416583911,0.5118802622444681,0.5607076663958067,0.5651554361018724,0.522782688544763,0.5364158541391955,0.5247273284555105,0.4666166110035193,0.5169759091100937,0.48259015730798205,0.4890660990716297,0.4721864784974019,0.5068413190021139,0.5751093353723067,0.5806662276197653,0.6041046489763395,0.5676187407982242,0.5798889980554578,0.5203340151825656
0.5928117226835097,0.5845917740055998,0.434923015098297,0.4844812136627774,0.5734316505663757,0.3880158085785435,0.460853296667282,0.4559500283559597,0.47128158469122755,0.5753176754223853,0.5231346759447103,0.592316683973869,0.4108709145607058,0.5717904891028538,0.5227641884351062,0.588915492452493,0.5768309862411438,0.5748256287473024,0.5483902257156075,0.49052198790579365,0.4863663721930341,0.5554956047743457,0.5096999904784805,0.4943516028420386,0.4798867999651338,0.39517279155836954,0.5864044946751674,0.5946879184926743,0.5924005633251594,0.5150053581686985,0.5562360888910376,0.5251280777277997
0.6081564949925942,0.6381776764530341,0.43682709386136864,0.5284904599457959,0.5721997039507215,0.3225234072065079,0.5201232771928851,0.5205456725225741,0.4483599934879337,0.5364680543793283,0.5188189351517086,0.5546978054021876,0.42449385324396083,0.5224887925805235,0.508600423601658,0.5972621229013287,0.5911682885605823,0.5598630984350138,0.4973062457540684,0.5193142283843727,0.5451115366334238,0.5314987132371257,0.49303830541033683,0.542019173059273,0.4939012674532577,0.48288096302041,0.5652094969016571,0.628390913095983,0.5273517493039752,0.5507256697876116,0.537468493679989,0.5399116355097665
0.592481153723511,0.5966570596157719,0.4661157692178942,0.5734129547502742,0.5125803949993345,0.4074420747988194,0.5568460866772303,0.3830353712367798,0.46088748355523407,0.5428361840985381,0.5266654074788172,0.5423722727841545,0.5266734563428821,0.5392808744016019,0.5488515436399691,0.5625374666066341,0.5640243182201886,0.5785894905918962,0.5538906472760616,0.52600109910638,0.5415231354321625,0.5311661645961603,0.5256007250163308,0.5556338063561275,0.5486787485455282,0.48933179284643163,0.5001032753913992,0.5739695193489771,0.5421830732033404,0.5254027199927941,0.5079040857947998,0.4992200776456828
0.5952346730451332,0.5592673895964684,0.49765621647945735,0.5586798964305176,0.5183658351471535,0.5176774563484822,0.4809389900157911,0.4322888737673332,0.44308021852532764,0.48453442689881604,0.4997853113435784,0.5051377749981122,0.5450365807290369,0.5456877466969626,0.5621469289657166,0.5484724894374466,0.5519351778174513,0.5713261614080746,0.5943330382402173,0.5858460047421342,0.5254755959286161,0.546891091654007,0.5386385268609567,0.5866493318252991,0.5668629612553402,0.50736391541941,0.48264930978573706,0.5161436972528864,0.5386033416947938,0.4624242054102887,0.4823134398512544,0.3870588118851524
0.5788010286567714,0.5762806752459535,0.5583332431911918,0.5397536218620632,0.5374547263237669,0.43907735770354434,0.4666257522561077,0.5200858460828093,0.47424001178083336,0.5214293301213974,0.49609474206754756,0.5001136266701083,0.5576530787675739,0.5129510230783042,0.5004983690940861,0.49681154992061866,0.5103503488537194,0.5529632082143953,0.5776342934381011,0.49149271718766135,0.5106535289413178,0.536331103576919,0.5683195221635534,0.5854767129962292,0.5615407163450071,0.5354824803857497,0.4963112429148205,0.5344835182704818,0.5463623580427781,0.5127307064287984,0.5166942317507109,0.38358850841285547
0.5736143631797741,0.5664621238144544,0.6033967379731976,0.5503532804221533,0.5174070929093126,0.4884459081366045,0.4973777621078187,0.535991065572507,0.5029186411884287,0.558963921038041,0.5673803501323134,0.5455946228653648,0.518173561428529,0.5256766316719773,0.5751981725541742,0.5629140276372913,0.4817249583219972,0.5587054556012772,0.49956243148728,0.47766756654835046,0.535331583966424,0.5293457924014977,0.5718467300916835,0.5861179775826194,0.5659730884308891,0.41147951265034943,0.5404144835677651,0.5730805175124236,0.5564742745706707,0.5623296928541605,0.5119177101493464,0.4966487875348113
0.5724634902229246,0.5961689436549233,0.6123187064431056,0.5480240397716376,0.5206647013509792,0.49242624368780863,0.5093560631151309,0.28951100669323065,0.481317389146009,0.5278209965716208,0.5007079047380425,0.5539251620860518,0.4886948686791006,0.5229988728805889,0.5780897512868803,0.5634906889919767,0.5439004664845292,0.5640925147626504,0.5240877411239891,0.5527490055773259,0.48769407521757907,0.5123887816625919,0.5664789079994984,0.5963308503579355,0.5562538807995757,0.2260383827125711,0.5260826657034553,0.5998810198346582,0.5672761803612951,0.5476928644627106,0.5236209303485482,0.5126074748165391
0.5525328622067925,0.6173871346784098,0.5831652077165905,0.5454734750741379,0.4791972495862631,0.4635891300740546,0.5260115841250755,0.3198264458207288,0.4185790344919966,0.5285852966025416,0.5287539574128123,0.6052244757026314,0.5078389838405877,0.5856329933279217,0.593892222464604,0.5874850967454306,0.5510231038984869,0.5816712012251064,0.5797288274720102,0.48348773310318616,0.46159895722922645,0.5500911106997536,0.5991346702361775,0.5396533936529074,0.5300378741877956,0.20985443756329944,0.5379495503310943,0.59901791537362,0.5527137164682434,0.5318550461086186,0.5250581844730978,0.511939554198645
0.5654895199475166,0.5988159989923638,0.5708066100232573,0.6014932114455054,0.5093438887254139,0.46812588001583577,0.5162533265939572,0.4631475788835312,0.4632233622191681,0.5618196455767428,0.5412693751807139,0.5755284753395717,0.5053719662231868,0.580276618853761,0.5825530080960094,0.5929761784415675,0.5829426235050319,0.5463675869821538,0.559066327308767,0.543308472126846,0.532865520173171,0.5045523234435592,0.5712874984097984,0.552985778344565,0.5440084298109455,0.498463976292085,0.5298387693462489,0.5450314236320247,0.5826053061601215,0.5527528261257766,0.5243456744309677,0.46695373943697865
0.5609569698665867,0.6069114423477031,0.5745874458353897,0.5576995590648149,0.539490558327893,0.5113687274076903,0.4940750506284784,0.49985877168799664,0.5211985516888852,0.5618773795514792,0.5449402425433958,0.5403601373076308,0.545144975282582,0.5424360913733008,0.5713384187138439,0.5358336492593648,0.550592858416264,0.5271634910505334,0.5514720769806545,0.5893849931455003,0.5542889980402235,0.528038965068858,0.5630282752509546,0.6169356405177914,0.540223737998367,0.36637015550133767,0.5642039703350098,0.5630234403175648,0.6027945711887475,0.5671468671928755,0.5358115080295487,0.48750129641339074
0.5639490035315601,0.5930558026849745,0.5933018455902291,0.5743624215161475,0.5717902748051619,0.5551522612115362,0.5012903906149907,0.5181858951675069,0.5126483629354869,0.5523382625847657,0.5828806861332645,0.5676357424263065,0.5075465572674215,0.5391482458012635,0.5126009065227701,0.5435916747039888,0.5647509013102635,0.5643371551546472,0.563428587745515,0.5064637052317069,0.5211681883955152,0.5030990575814074,0.529310925433593,0.5614972560351282,0.5536371989388378,0.43498939418011257,0.5339939890497153,0.56553822159212,0.5664975355244765,0.5495025631157696,0.5460632336775942,0.5909269537319267
0.5968661191666915,0.5750820504332318,0.5545097636967149,0.578840800885785,0.5715957177611278,0.5424981973882884,0.5762806752459535,0.5415400795709513,0.5135499225212877,0.5493396133793687,0.530669860804404,0.5761389460270437,0.4988386993050831,0.5736239097678648,0.5832925376310694,0.5501033998882737,0.5192420439425915,0.5381306462658273,0.5478024331225313,0.4823419558974602,0.49742059729794275,0.49879470557682193,0.5451428244075281,0.5327843360119925,0.5081839222180585,0.5259917531046984,0.5073073211578047,0.5641891501008868,0.5605866780500217,0.541347206515538,0.5696366842480549,0.5754273860103023
0.616990726979751,0.5873550078303524,0.5609306215216133,0.545928692318677,0.5562528253616936,0.5685628997668657,0.5692165679395669,0.5028427751099951,0.5466223165402666,0.5545006872686523,0.5253432931781462,0.5397304457197619,0.4138452437918152,0.5624599601602525,0.5660458167875284,0.5611895631434684,0.5241946438673899,0.5412466671354581,0.5476276608230489,0.5463010419111552,0.5219663897094012,0.5203141865339702,0.5882261149688307,0.5751540659615871,0.5591486073616371,0.5574984736205347,0.5359881261067622,0.565596327302352,0.575130908750901,0.5587276026711101,0.5466063610468286,0.5472483985721627
0.613879250176706,0.6220615283998632,0.6149199819192481,0.5320887973610361,0.570492194458711,0.57955192974289,0.5468837760226499,0.5373255971674413,0.5475626849303182,0.5281335841738939,0.5736682342498812,0.5189774369024613,0.3778995537757897,0.5002349918292407,0.533527921893191,0.574743249361227,0.546630573864169,0.556329042071067,0.5088682277263301,0.5562061145264279,0.5652848197616005,0.5047756742360251,0.5955958968545384,0.5364847831748834,0.5967230491116026,0.4814265395993649,0.5636238093329614,0.5997647189771312,0.6104759594579312,0.5473748644528271,0.5366059832819541,0.5953484417433424
0.6031612992996451,0.6060467603397682,0.6015799870344549,0.5260286192856474,0.5605609510464092,0.5402487165243183,0.5534851391653685,0.5554449107150777,0.4559137307260165,0.5686342326873628,0.5955603755161696,0.5760818942061934,0.4572648598375102,0.5320974027132015,0.5252040166937055,0.5913268023052433,0.5411443681665675,0.5448225679820476,0.5384940172944043,0.4948393234921289,0.5511888189280075,0.514252064585846,0.5802678324880917,0.5135546037983588,0.5948971820663238,0.4497006616539239,0.5994922565695621,0.6052337765256612,0.5876267800188941,0.517109915287431,0.520151452111847,0.5675725339742816
0.5936351233803495,0.6114761900886447,0.6045226398070342,0.5621961352494446,0.5658445090141286,0.5730136689619678,0.5636196230342985,0.5509304698406935,0.5501771499222711,0.5734531561399571,0.5923528138417413,0.580575057335586,0.5543879092256038,0.585378511261172,0.5721454703862988,0.582472313417761,0.5180418637957332,0.5440089447930481,0.5435394708707846,0.5232329333667197,0.5096295253783556,0.5205313784089336,0.4844491882643844,0.5261020207627946,0.559879084408771,0.518569414662894,0.5779386490336462,0.5579934987416773,0.6141964630456775,0.5475886733910664,0.5304257399233656,0.5398510190500124
0.5336927274511868,0.5947399166838502,0.594919583964643,0.48319877420400326,0.5685635797838525,0.5724476471717121,0.5341358870066837,0.5249123649151037,0.5801403973641807,0.5886405143918769,0.5545912784784323,0.5938527395000027,0.5334560164426078,0.5114903279970926,0.5604071264177817,0.5347193593066965,0.5553135673140767,0.5733697351270396,0.5737381811620362,0.5842392214447925,0.5312319031756769,0.5385083121737249,0.5487400010052166,0.5520421279734331,0.53520400757869,0.5436676548102966,0.5627004045385434,0.5978525382359076,0.620229099645712,0.5476633915880422,0.5565573218411441,0.5797774687703418
0.5215441135198018,0.5730555901699602,0.5335695996515448,0.3487387737775665,0.5543107357057294,0.5308122493453721,0.4901606817592203,0.4605745389568839,0.5877225849302922,0.5669511955034711,0.5346259683068779,0.5698668962351654,0.5313613737132223,0.5163391813231867,0.5455416765316523,0.573665171601227,0.5832309905227827,0.5650628841456712,0.5317306716146495,0.5671024742432514,0.5028167596471865,0.5093942253824089,0.5396167010407776,0.5151170455163251,0.5133998348247013,0.4923423703221684,0.5488267419446045,0.5807871889132978,0.5704763324619669,0.5150628358821373,0.5330588632260271,0.5314187409029746
0.5439807276983408,0.5342733010848787,0.48134075525793474,0.3964152725882465,0.5022794125529927,0.5216351966228117,0.40506438680446516,0.48458322430365625,0.4910416127551688,0.515183111701635,0.5146977161931641,0.553621989951666,0.5209620949565237,0.5686863237609563,0.5666490775715625,0.5771190843144657,0.5868485785293854,0.5664479532079221,0.599477401849932,0.5551877364196905,0.5368688815087779,0.5287989202901581,0.5157382323152336,0.4984378529651029,0.5316200842142065,0.5218286971103216,0.5303872517170577,0.5113429543517654,0.5833249638906279,0.5315196456906335,0.54836111766373,0.5457459400712722
0.5398674774693261,0.5789582801461343,0.5558268055730614,0.5776144119318776,0.5421501563277894,0.5851128665177169,0.4942284010104118,0.5523496342587998,0.47778177863572924,0.5701910603369714,0.5187937934151675,0.5525924167803262,0.4730789353298978,0.5698279884704041,0.5757280553856003,0.5477421884344218,0.5507568394682156,0.5265526956778833,0.5733709486012141,0.5389250747121574,0.5405473784380633,0.5469646703818638,0.5305255869277955,0.5015756080832584,0.5430241554453443,0.53522632585515,0.5295044976077694,0.5491617725095379,0.5687384699314245,0.5428163009057909,0.530512828712428,0.5399132711459242
0.5319304132378054,0.604779683525771,0.600721509067521,0.5402596587953783,0.5551688867816817,0.5736480861364491,0.5382829794751587,0.5792656151701852,0.4967632464225284,0.550710602929783,0.47256535495212887,0.5703661791177406,0.5038441513525718,0.537694699724368,0.5422268096866022,0.5258295565620084,0.5034203641922954,0.5206852670008421,0.5443709733025677,0.5489824015206035,0.4960543064456782,0.5110058201805697,0.552046365755378,0.513776269683583,0.5126542337011853,0.5232481437645479,0.5453178693451657,0.16247503037794522,0.5432070332690304,0.5026450793987,0.534991370337292,0.5469701883995711
0.3847596987566828,0.5698671591215607,0.5954294838396744,0.46431056069788934,0.4516890098461387,0.5316247633519093,0.525340461641482,0.5453036550886902,0.5110984378448892,0.5962881505349786,0.4718931236378158,0.5080000279536223,0.4962653289626278,0.5260744208886082,0.5201161822933874,0.5285178035676246,0.5022306135111608,0.5061736343753784,0.5122987396719654,0.5381478136794868,0.4688279912068034,0.523704603718113,0.5091757058875781,0.5714962363382917,0.5274672828735986,0.5180207718286979,0.5148522046039711,0.049810537714648294,0.4866672196059218,0.32919720288884835,0.4899960660714987,0.5823724038075987
0.40586882228401505,0.5816733140968265,0.515281583448214,0.43672019999652945,0.35684902815575953,0.46289769107392376,0.5411612965990724,0.5534809974573146,0.5029871754323698,0.590537975186857,0.5326876466087636,0.5294590530733356,0.47269180290753593,0.526556424400243,0.5685589763454127,0.5667297464459861,0.5434260466704888,0.5117683820183432,0.535592962098553,0.5179430915348547,0.5188817738249197,0.5376568377778665,0.555775855498079,0.5711103797802168,0.5640779296672002,0.5107873235304397,0.5063300456538291,0.04808452587981406,0.49290923958682764,0.3434192544888905,0.5088374305404096,0.5709269625169456
0.48038512623029805,0.5634942176190159,0.5255145719736789,0.4842684199352899,0.471676336633239,0.47617723852882654,0.5296218049299121,0.5370515619887324,0.42502829850124646,0.5239365772697538,0.5416553696216311,0.5400850102625736,0.547016072933301,0.5060643066642802,0.5744006608710361,0.5378165595928383,0.5122285957453673,0.4494523049352869,0.538977465984754,0.5085440445535122,0.4929553836403201,0.5041554499619403,0.5696320743565471,0.5428330849941837,0.5805170777844672,0.48094522748836743,0.5550598129551187,0.2377311420463866,0.561930084058258,0.5467940035973349,0.5524381570622904,0.4969060549474627
0.5013594000786296,0.6008974469087265,0.5660576644697873,0.5177506038053531,0.4691422690264714,0.527556261753423,0.5151879031422056,0.5210347452956412,0.4366375345861147,0.51429237794716,0.45768959123412545,0.4721949217672602,0.5249575064038612,0.48984154855078643,0.5242216713810331,0.5400247784582529,0.5064818378481454,0.43310272413896267,0.5322168137473082,0.5067229263968935,0.4848896608201369,0.5326644862981816,0.4994157487641125,0.5224340671731343,0.5442402894460977,0.42973258715949925,0.5269094859432887,0.5462567794726828,0.5311006176274015,0.5174528977135047,0.5335147412191008,0.5218666510873337
0.5731037134974105,0.5537967890514226,0.5381240272150768,0.5072225016552874,0.5495687094162166,0.5122241364851886,0.5287504554371346,0.54080180391718,0.5264330199836735,0.5757027098749948,0.4818041627132762,0.5328972615865999,0.5536701953006692,0.5570218338283998,0.5675801114381499,0.5658108624478271,0.5568251567640339,0.5370229457206944,0.5771482666970632,0.5346266062762668,0.4911851880404564,0.5439387097868125,0.5320866985952152,0.5411081263762467,0.527499428530852,0.49358957154174726,0.5194553844354104,0.5793677780284384,0.4981471655062198,0.5377985160222714,0.5532740168278301,0.5009777375538327
0.588990396615327,0.5059816961030632,0.5418317734003862,0.48392678778438203,0.4844652638631617,0.5391216180303167,0.5359239817161443,0.5675991409459396,0.5143838941361774,0.5409661684957345,0.4849922346041563,0.49869200675456454,0.5290545891242284,0.5116281920273681,0.5289264168638604,0.5361513603610691,0.4918315318345477,0.4944207206901128,0.4913411125875322,0.5162261054615314,0.5138248762017603,0.5421230132417082,0.5432101123853856,0.5603780799301559,0.498284826693541,0.5779239572691603,0.5219156772680279,0.5449894361302982,0.5652488409385522,0.4949151690026501,0.5316641958788527,0.49490721561554224
0.5730774272250423,0.5235844320058405,0.533714958633043,0.4775204817221111,0.4809691741637923,0.49874767609411225,0.5540073573689497,0.5405650988601679,0.5089871128690925,0.5301027074409036,0.515905201337417,0.5295909000883353,0.47111241042327745,0.5345183107355874,0.5306282510621704,0.501050840967181,0.4841290142847401,0.47470746114257173,0.49579103901069477,0.5190674286610945,0.49032825655950457,0.5561365056443065,0.5256067818141236,0.5546167908331621,0.48946479067182436,0.5092370610808528,0.5084621772876795,0.5598545939067068,0.582430743322092,0.47881363462067644,0.5099834171349656,0.550337799635539
0.559022296540113,0.5657429833729495,0.5751144881802579,0.5255196114219495,0.5048357007316661,0.5101178261665463,0.5306408281755972,0.4990788354304016,0.5901992113075029,0.5723733287455166,0.5415477394665968,0.56866993604011,0.5018001859541745,0.5878731738342203,0.5154045979284483,0.536050106055344,0.5331669538247121,0.47666999855471287,0.4901765150450393,0.5262740131477325,0.5472934633179423,0.5672341435340856,0.5087757426245468,0.5322668365461712,0.5460497572347865,0.4452648600732236,0.5256770446332627,0.593681529743646,0.5828827965124257,0.4744798904398893,0.5516089362194231,0.5530361474442753
0.5238371647055187,0.5748584063922155,0.5381581605969588,0.5822653878095749,0.5210605114238585,0.5651110621022144,0.5268611213588215,0.4772787577013065,0.556998327993204,0.5775028911398593,0.531365930905076,0.5534206734180427,0.48468930854430203,0.5693288885819225,0.5172072663555112,0.48597054310475063,0.4759747984124825,0.5438727513982171,0.49347503077739535,0.5070891436135323,0.5555108790926844,0.5175725245423036,0.4506765269206775,0.4849475025974106,0.5514738120125231,0.44052009137031256,0.42794857927706376,0.5971792502385938,0.5451211646762539,0.5085236925244196,0.49150296975977553,0.526977192879842
0.5386624083618317,0.5800167134918716,0.5656401265598903,0.5558531206886886,0.5343620765525497,0.2810235287390416,0.5431063730917325,0.5053642014689592,0.49265182146042635,0.5586482019866869,0.5367100328766128,0.5767625418533417,0.47380208160760096,0.5481551453733994,0.5337492636679276,0.4995705102879012,0.4815769358820723,0.5486181397299575,0.5013923270259006,0.46131144450890743,0.5330101497667041,0.42090943053563795,0.5122363928690086,0.4997280992701857,0.5031399142212023,0.4712481107243147,0.45075897599192033,0.5449326501486976,0.5356439513606136,0.4936102226282066,0.4864837959058025,0.462711387689317
0.5302168130806412,0.5926204104585199,0.6051246004186079,0.567113740307898,0.546568774679219,0.16687043354729741,0.5266953741883155,0.526485351652558,0.5833618789217634,0.5716149013151038,0.5316662108232113,0.5410645116926972,0.5207044647706868,0.5778460586550523,0.5357231753877177,0.5443833893714443,0.5184770321432259,0.5165484560059382,0.5121718020854776,0.5213751522529108,0.4797972924931543,0.45526249076127023,0.5294264855656722,0.5346326715375644,0.45362091915231917,0.4911790709213748,0.5154182021752562,0.4852943718632799,0.5511336907461372,0.4823618359597392,0.530839160345597,0.5188889793848275
0.549462094869491,0.5978072826320207,0.573658747654324,0.5888788675699899,0.5548601647058544,0.39551836003329754,0.43378318027067525,0.5589037907533329,0.5679840376059393,0.5580609806773992,0.5502865258690663,0.5661645060733962,0.5194123965166624,0.5851621102483616,0.5714202484321526,0.5602956584283951,0.4919948723739092,0.48111181525212293,0.4824918405514796,0.5191054450895372,0.4486748842348082,0.46183774055467214,0.4935090097119833,0.5271326170406897,0.4484597670422216,0.515628884432502,0.5417704276154123,0.5416724455994875,0.5332790713753681,0.5375311038142245,0.5563894144150273,0.4669872767425052
0.591097926205775,0.5180362550491477,0.5597441329269357,0.5815652573482981,0.569459945496554,0.2421058514377733,0.4317897870073346,0.5195413307967034,0.5218591729097323,0.5450520994355257,0.5161400738294831,0.5021153270225789,0.4149198467815452,0.5586471354555881,0.5412293625607145,0.53830462094257,0.5230698938220072,0.5333072074874454,0.5359894343860487,0.4909211123653968,0.43641061520260466,0.5492424164811988,0.484462086049585,0.48336999074899906,0.48469718246500726,0.5182165783363378,0.5669586727730086,0.5385083121737249,0.5430710787320183,0.5713370597281535,0.5507367449405013,0.22933601001617615
0.576522747657654,0.5275176632588919,0.5561992274503704,0.5230465511824721,0.4965344505844315,0.2661392616553657,0.5217180649324142,0.46193798251805124,0.5238865095698202,0.560104124832468,0.5075946031845443,0.4722488789048906,0.3983734931591981,0.4320717677059542,0.47773571794310865,0.48511250967053776,0.5429471139087898,0.5303459711797944,0.5666456938636808,0.5257131528836598,0.4943780782546052,0.5330673632983273,0.5247991982699809,0.4361239572536749,0.5593514474633574,0.529664681332649,0.5495679151391417,0.5689502636901584,0.578026161505193,0.5834463548537641,0.5643595320069789,0.26909034755483313
0.5152212352390289,0.6043890782353738,0.5976683524712171,0.5211356042888856,0.435399179009538,0.21610831767573163,0.5214301770147877,0.48064500661599946,0.5474777078748357,0.5855194115573668,0.5724222203876042,0.5400435488443859,0.46727168971663036,0.5548812284597151,0.5758673506819594,0.5155237117219665,0.5169111983015586,0.5158549721709926,0.5459895362236576,0.47320482833898564,0.5065365080501655,0.5427003110421663,0.5001753307485749,0.4587480715313129,0.4828222460897961,0.5424321410369297,0.5140909327897297,0.5823641734871052,0.5769524580478237,0.5600620096463639,0.5336676050068723,0.49634019165941856
0.5258008515440404,0.5957028878486011,0.6085638635168807,0.48559262263414527,0.520489812122935,0.4482260500567147,0.5268644599637502,0.5405653666634274,0.5051018788478299,0.5865259079878727,0.5178647131377448,0.5187006490830555,0.49519853641960315,0.5869976324122237,0.5869249673046378,0.5348172515571175,0.508150737016699,0.5050882390211404,0.5219073486228527,0.49511467614172555,0.5157309607874441,0.5176846379473724,0.5400231948680481,0.5184333041142984,0.5441077075534863,0.5091465636449645,0.5237320750557501,0.5832502552637475,0.5921209038498723,0.5603491011089369,0.5724657601720892,0.5136837893415794
0.6121781180262782,0.5645090863657022,0.5994880418760001,0.482107530109211,0.5337412555476937,0.5442957005257182,0.5465893330505618,0.5068110198338909,0.4861581820227454,0.5513653164805398,0.5457905347741067,0.5130635313964921,0.5143094809678389,0.5761370759127287,0.5382537190676985,0.5466486608004503,0.5256948164586642,0.5000295412194988,0.496362024247214,0.5539880888252724,0.47537386354293387,0.5228018148127064,0.524838143151356,0.5626008147196572,0.5750582778889345,0.5169780870606828,0.532450213211549,0.6148315105378693,0.5836117366755692,0.5283734586750812,0.5127964560948863,0.517026748337499
0.6014531803117796,0.5806940242742868,0.5987359867904606,0.58391345070737,0.49698248967379305,0.5059356384717989,0.5628634227249031,0.500301050416006,0.5209887515228884,0.5658569429459143,0.5241869001853999,0.5461649902112995,0.4855525982508644,0.5506879490511173,0.5308571102003704,0.5679674537205004,0.5637378206207978,0.5359954266689103,0.5780150682537915,0.5785821685977627,0.5399884725680539,0.544774243225708,0.5564635890668305,0.5777333572848312,0.6136938650477157,0.45810135076049335,0.5705208503048365,0.5974034616009442,0.5755836116003716,0.5358098330035322,0.5488349497329749,0.5325571399775907
0.5771173552737443,0.5680011227154125,0.5883598950697215,0.5600002084262741,0.5387895100935699,0.4156639864861456,0.5362142773340258,0.5435366779574742,0.5149901683462079,0.5080906643287285,0.5240050302596606,0.4763340998486219,0.42047139210640655,0.4926875802602769,0.5316825336945278,0.5481076068483437,0.517913984961133,0.5281392679907971,0.5772518968618243,0.5405134236337416,0.5763963092692301,0.5577129036274286,0.5825807491079488,0.5860490450035782,0.5571131395986847,0.4833276117016335,0.5845133395571499,0.5776024797391196,0.5461849715025018,0.5276368370780823,0.5791959839364057,0.3668733039372259
0.5536969588855651,0.5795167592280539,0.5853831385747845,0.5422147235870096,0.5520002615111358,0.5471609268382356,0.5010558321701857,0.5198862960463675,0.4661966230752795,0.5032978706712723,0.5320451601866846,0.4702383067607955,0.41697888294471774,0.5507268405181767,0.5419491266866526,0.5078853800711787,0.4831853659477999,0.5533910765610174,0.5581890506410416,0.5044278430519044,0.5283008408079466,0.5236363665762747,0.5115214877526664,0.5178984344505083,0.5296625978153585,0.5251259176355622,0.5295929306176824,0.569043372787472,0.5557819174247007,0.5435069190364425,0.5686076839344191,0.19178140208614108
0.4983877485631707,0.5470385878080319,0.5553561278229421,0.560862066570735,0.5566069094806441,0.5176232765328053,0.5093885349823589,0.48608688812401574,0.5395645657032524,0.5124448388006496,0.5320612902204445,0.4736550395563006,0.4794552876944611,0.5353527528960563,0.5214919011573282,0.5262333778637623,0.5217910401277712,0.5345350770219393,0.5313156741121833,0.5347974603407998,0.5656142714305362,0.5157312710327844,0.49776130493826404,0.4427714271436146,0.5275478455596053,0.49071109361562604,0.5169697318862838,0.5494728637757581,0.5473873311925517,0.5129967777219685,0.5391090816503403,0.2717400684565317
0.4984544960028686,0.509624761826745,0.5776118007201175,0.5210164618956633,0.5341409437300064,0.4630516041464312,0.48721749677500586,0.4866093347947439,0.541492422158963,0.48828215641835127,0.4835171912513043,0.5120343961459468,0.4788351931594479,0.46139668833184977,0.5208981304676304,0.5312512449742712,0.4663181213885595,0.47685297109131036,0.5119571324998359,0.4960110894446971,0.5311620392130308,0.5384229417837829,0.544147981363292,0.4111992297201933,0.49799299397696745,0.4754471126833612,0.5209211908703822,0.5270578642280802,0.5262750066882289,0.5504002148350852,0.5524921744327734,0.4679591280224453
0.5418918919472965,0.583276405335019,0.5766587305228029,0.5609442843752549,0.5393468738836733,0.53113605554418,0.4898865393901593,0.5160903332060987,0.4670630684206891,0.47694381016604503,0.5185903149248714,0.585813018240679,0.47549027446348424,0.5368994305298386,0.5351153805509092,0.5270835400268283,0.528982368561104,0.5110155753289135,0.5797166051922295,0.5481964409415042,0.5099738679361072,0.5608852808234891,0.5430719011772053,0.5579544144773011,0.5148539574572334,0.46815211185629246,0.5130329086994908,0.5609635668963768,0.4622292454257029,0.48391303472604547,0.25334494256809287,0.5420008789314178
0.4391772296629269,0.5609868651144428,0.539360688900597,0.563253478378247,0.5165508302440304,0.5566325663320392,0.5009604688116086,0.46638853173158523,0.4954478743232244,0.5383684783544495,0.5224968437825902,0.5762399295165379,0.4346685552999276,0.556287997842748,0.551173344266812,0.49702052300127164,0.5350238625352086,0.5319888640517568,0.5576272648918476,0.5467526863620693,0.5228095035421823,0.515630056703307,0.5412857962683277,0.5648273644414173,0.5189889344051517,0.45191128322377716,0.52842498960599,0.5332255507965468,0.5526568176111192,0.3764052982961274,0.07252192899808713,0.565111862926474
0.4914586199032746,0.5815498475827042,0.50864655477582,0.560554721231805,0.5612836132004179,0.5532786107269929,0.539803734968901,0.4788874819133758,0.47539471806750616,0.5631780467973764,0.493351952669987,0.53061451677934,0.4684927737924147,0.5464549690368504,0.5495778187295932,0.517149560741706,0.5430651127541818,0.5471715416496448,0.555939190324901,0.5554844990666336,0.47530379144009827,0.5318290761209741,0.5160630261512527,0.5474057125085355,0.5428847194830284,0.5073674070630338,0.5706360037076159,0.5640735844751258,0.5835594696880525,0.4611060571025195,0.09036266194821663,0.5222801975961255
0.5605820793102716,0.6041931619901028,0.5579198456755087,0.5456746161266364,0.5145232803997255,0.549135312047272,0.5648567069578275,0.5502894270826102,0.47039371367609695,0.5428402441669672,0.5083133650598387,0.4874463131725942,0.48287510531618116,0.507327640584029,0.5331959778424823,0.5541008146301627,0.5047552459962363,0.4537075792415433,0.4437520649867666,0.5323991664764813,0.4133074708757044,0.5516982388684107,0.45198512374305727,0.5479902391612588,0.5722015099842626,0.5101127806800845,0.5523361229343693,0.5388698463091118,0.5962973545700277,0.5637124753527527,0.26663033108949,0.47164701498946554
0.5681114383131856,0.5856735145624231,0.5642112731059602,0.557126557353781,0.46336187966321424,0.5278270533353193,0.5436230852205971,0.5865013176814552,0.4352537811809968,0.5697987371663489,0.5435576606569507,0.5428883975370731,0.4718435143744694,0.530441492260619,0.5456318688308025,0.5386550678493838,0.5238283948570372,0.4726141976446905,0.47285398747009216,0.44808906058487386,0.45397575862952105,0.5404464812559846,0.47034324548265577,0.5703768448917208,0.5652298377681895,0.5427488503512375,0.5138923871981185,0.5179875464509088,0.5604762102837679,0.5418015516602955,0.43846454291968345,0.5049333660402721
0.5561566851332796,0.5660883024410401,0.5798895406865269,0.5699145401359973,0.5607957290752713,0.5105557858598374,0.593916843055701,0.5628871261984117,0.4736029132753824,0.5537950905519158,0.5015108524914432,0.5080906643287285,0.5058656746430698,0.48896570929122496,0.5225440103140392,0.49574043470653634,0.5193732295485477,0.5690174058773657,0.5386711387646305,0.5119998927350959,0.4594052357374902,0.5504397279550298,0.5325118455162307,0.569925350841623,0.5417556787582807,0.5430484508778044,0.5791458289210256,0.5845670284301437,0.5416571173738035,0.5733459807473247,0.5243011591305715,0.5149453824076652
0.5294091479791723,0.599246380180112,0.584267564100837,0.5654073099150116,0.540814749169907,0.5160422380001365,0.5604338129841508,0.5437605706129909,0.49830507935927754,0.5391976715475038,0.5385215000112549,0.4901352305085444,0.5136983634606742,0.5118424006710776,0.5576111096830447,0.5022286256540258,0.5180044054929964,0.6066344585245497,0.5460367919206629,0.5455263230601215,0.519142214762574,0.5181927856608493,0.5186982641831499,0.5583243756464719,0.5454071273481975,0.5359553782158546,0.5592441349199108,0.5831579306528492,0.5216168615544445,0.5585026760182332,0.522444944894736,0.4963564354967233
0.5192137188845685,0.5857064826088964,0.5875961161210547,0.5671242744654736,0.4997203145329883,0.5214372843605851,0.5157479868510657,0.5405652667530918,0.5462167487061742,0.5340576242235004,0.5629551537769037,0.5366875641262089,0.4850789441364088,0.5197416243623585,0.548889473336289,0.5645785772775517,0.5746710000778618,0.5780647411789335,0.5739064186979053,0.5711708022080229,0.4893700232498173,0.4370823066029666,0.48452056886770434,0.5561813254867879,0.5588689255344511,0.5337095011349838,0.5352310220170374,0.5581690235560888,0.5481642646576764,0.5481276710543473,0.49936877835546134,0.442984664736544
0.5676879898414047,0.6076819963793237,0.5923692651011829,0.5715261440303387,0.5609877778968191,0.5001074923285128,0.461151861901531,0.49678771315255293,0.5073294762459947,0.5286578574976173,0.49752010534339114,0.4998365021903955,0.4785368064436646,0.45884694974476936,0.5338210489966939,0.48108043883578294,0.5530423286786171,0.5189660910039343,0.5503454979109101,0.5755779016797021,0.5116015694887254,0.5006301839613764,0.5783268268622911,0.5429770807837092,0.5482743568462226,0.5143830498865719,0.5310453522152456,0.5609766409465272,0.5600485946939643,0.5425799312189793,0.5043332338790137,0.4921814376773187
0.4788435926725726,0.5362583805005627,0.5305081141058959,0.5075775335642007,0.4933212561547489,0.5515702458540047,0.5028490227882016,0.48032480927393256,0.4248280196911769,0.4644279052974122,0.5480260361866635,0.5260067177331252,0.5179514516554077,0.5824992570526573,0.5281988833555616,0.54689902189199,0.5623939533561298,0.548322291451559,0.5751355159901537,0.5569074272992172,0.5544167344792715,0.5072833167862837,0.5405117860195394,0.5550096991025989,0.5707157015787802,0.47873011913392527,0.5567315882121308,0.5642561674919248,0.5567870384300239,0.5613643698014175,0.48566540326098534,0.5478975431440167
0.5242874864934286,0.5244846249292544,0.48239380599929216,0.4738012435495408,0.4695022832301993,0.5340005934699021,0.48223958690214686,0.4072046279424441,0.3320255750732772,0.49726799762675217,0.5666688627230995,0.5692470627185835,0.4315730249104147,0.5654494114639911,0.561381387461851,0.5207068850071196,0.4937130377470113,0.5381168642590204,0.4981433491966484,0.546965762532631,0.4895115190908783,0.4048520884959177,0.5129223745716056,0.5626092482875507,0.5452756012431521,0.5224464143839296,0.5870611334185042,0.5136587408325138,0.5663155316078353,0.5409747766485161,0.4816033367219767,0.5009582818712477
0.5592580445766901,0.5405999217068931,0.5728397298248317,0.5387810531394804,0.5324367820205681,0.5077999028494538,0.5228439040934302,0.5033372771356351,0.43394529389461856,0.47154511393530085,0.5348797832153753,0.552574227477929,0.49675652831757156,0.5634653245786984,0.554741925076406,0.5395865060598503,0.5303568999256763,0.5734543806563749,0.5266915655423082,0.5745983618530082,0.4626821128372466,0.45532267576323854,0.5654111373872825,0.5490225014425896,0.5198032047765936,0.519445274041511,0.5232481437645479,0.5143559701193592,0.5269984830115918,0.5385144969171872,0.5613876163347793,0.5215302590265198
0.5099758998751115,0.572121358123211,0.5675229121222326,0.562742452529131,0.5808951147719722,0.5330420364829088,0.5542675006420863,0.5689980513617297,0.5498896417035161,0.519511410955831,0.5103842200951734,0.5441069883320213,0.5173542376797742,0.5840207934905493,0.5653307991420055,0.5620138706194355,0.5517007425907192,0.5684499692293562,0.5316404191684742,0.5469151262145462,0.5119830313026026,0.5347268883857587,0.525007144778515,0.5339179281074875,0.5240493592360973,0.49918037225964185,0.482764012884817,0.5240368721602207,0.5363753582545393,0.5450628303915381,0.5422090375321114,0.5110429442058333
0.5005814045962097,0.6124415626864613,0.5721236059063605,0.5437356733226013,0.546385932675899,0.5845693471224942,0.5660514354020123,0.5738409902054495,0.5521767500466866,0.5630544410066758,0.5688683496830794,0.565131731545233,0.503684922201246,0.5938067840989881,0.6063407636038266,0.5556814504451367,0.5821614902635651,0.5678431950149071,0.55607410390277,0.5949436369546038,0.5573354317257326,0.5227054870591114,0.5493592877682337,0.5688792852523641,0.5347468311454675,0.54710873351017,0.5100870569407132,0.5516644602496823,0.6060841493436969,0.5301301372024838,0.48992949171845057,0.5726175707642529
0.5341659152073082,0.5914691124729174,0.5719946424231767,0.5334551909280477,0.5427846959900321,0.5552039114273924,0.5836875573480063,0.48982252510332747,0.5324927081642656,0.5745974801024116,0.5480012555147296,0.5649901357528367,0.5300581892074157,0.5507878738118573,0.5903087343348288,0.583584978048419,0.5788078310981057,0.5663738530654293,0.5762462308344102,0.5560863333342423,0.4865584525774841,0.5049259016388025,0.5643049617141711,0.553887832468748,0.5466987210947792,0.5696540171781092,0.599150068793179,0.4844949458167331,0.5733746507460843,0.5334880351109873,0.4873390476488465,0.5962245306400521
0.5650874805818229,0.568639956433612,0.55275320374218,0.5408358932838264,0.5212121742794492,0.5479875505079878,0.4891552362387443,0.48981621246883705,0.5376361718078652,0.5284992523386177,0.5078858438614012,0.5300633646484314,0.4909979668253245,0.5307853109022922,0.5360523508213536,0.5627660811279528,0.550499702705323,0.5477494708455718,0.552486666614993,0.5118448337449867,0.4596847690865892,0.5136879728449103,0.5572215476992983,0.4754623405110597,0.5360137807390839,0.5435929668488464,0.5553147060360321,0.4722237109099775,0.5705072684865914,0.5375501396630519,0.5571442872430247,0.5941284013689057
0.573510343294949,0.5781753549922927,0.5188437073137029,0.511510760606049,0.5247408306467655,0.5390689461270026,0.47310044397028467,0.49646043447183746,0.5120703289115343,0.49920863812032484,0.5178096149057237,0.5221755631993024,0.482233032592839,0.5362918794802378,0.5181844653791478,0.5079868192410654,0.5674813987413735,0.5272549137926192,0.5330502218542861,0.4971215646103194,0.49755153888414727,0.4933054797365859,0.5244438376889655,0.43432502251685373,0.5215204779563206,0.5276928777312322,0.4830539931642401,0.5082957781602526,0.5407088299181995,0.5678424179488942,0.5404682697968555,0.5569139716947605
0.5771328111048433,0.5812574594471964,0.5663143093836439,0.5591576946525735,0.5101122821500252,0.441983336371852,0.4856431551453613,0.42592018931894415,0.528589514372322,0.5092367455767112,0.4861386040011427,0.5419023276353886,0.47699575924758586,0.509586226264295,0.4834713655833391,0.5360165429456891,0.559318055660699,0.5232913196068072,0.5472478963272537,0.5315754613244232,0.5298257303147228,0.4740951568300544,0.5199286723183841,0.523263047893737,0.5632738491418144,0.5280674302004967,0.4939480910609029,0.5101259344817912,0.4946756764948758,0.5488547831652006,0.5041629328108764,0.5331543423991676
0.577985378383436,0.596049166342803,0.6020746233322946,0.5714879615608042,0.4823949728012105,0.36553794197993666,0.45945729936640023,0.2720528985100471,0.45019306036783086,0.47849281845472486,0.4767961605026242,0.4082813850751953,0.4295209006491506,0.5439618553365316,0.5378275119492236,0.5290276155077158,0.4219837718180889,0.46225433580158526,0.49782807921845557,0.4725551759611153,0.5271431593059062,0.4369463840144146,0.5314466324487516,0.5076003925165422,0.5250662065204192,0.4983878323608514,0.49131571886183184,0.5776372657848728,0.47997396863588015,0.5049682165463506,0.472225521516207,0.5212545594282089
0.6291104429460417,0.6009641286624107,0.5567545556543906,0.5757577682111436,0.5327629634058865,0.4714124887171582,0.5090685952015237,0.43170582961737647,0.4379134887955048,0.5462930483895675,0.5371400415799685,0.3990056009712215,0.4204982093418962,0.5451880757417347,0.5306849741683428,0.522382451245943,0.46017933570285213,0.4480466394224767,0.4828448648353449,0.4343785724956077,0.5200433822150957,0.4770075308793707,0.48973643039637005,0.4942411137422036,0.5324647988694717,0.47036601373964515,0.5289698758893943,0.5324196930738205,0.5096784692204586,0.5765924627607127,0.49833044590994974,0.5412275283150172
0.5526392771364737,0.6093023584573581,0.5139939432480359,0.5437001782666218,0.536955115593969,0.3189082720893946,0.5049864215044668,0.38031871540229306,0.4291442750172717,0.525379534443886,0.5588556206620251,0.5369525552076123,0.5026383531928823,0.581377853769913,0.5687765876771456,0.5653033186775995,0.5854525429804872,0.5329044427048273,0.5652851848712146,0.5695774575507528,0.5139494060796739,0.5859783461453353,0.4169462904821206,0.5165508302440304,0.4392605340047994,0.06968853615091015,0.5387994758083968,0.5475744694016281,0.5883626755894008,0.5998350034182935,0.5013837319055714,0.4656602688915867
0.6393570059738075,0.6367864827753983,0.5943856974344468,0.6331161127644582,0.5631951460414079,0.43923735354566046,0.4003237086077458,0.37447461066392707,0.45611717130990875,0.49219615711221737,0.5426956003537171,0.5350321744307779,0.5968367637740151,0.5635157168629275,0.5722140472526948,0.5518925045002864,0.603185798887837,0.5101884781566696,0.5359282102057732,0.5902058603984061,0.5020970946529221,0.5433943818852061,0.5178261803287824,0.5462589142643793,0.5232009216079031,0.030514979529914926,0.5875686540941484,0.6220283183233796,0.5973589257949863,0.5970622998171987,0.5876036990247445,0.42879701782663815
0.6268340360640057,0.6210056226946414,0.6463137344256992,0.6428118802894377,0.5771496695275544,0.49041494094580146,0.38121137862795934,0.49109526940859555,0.5275170189970654,0.5475009540726815,0.5199128403673476,0.5208359588194709,0.5266051286780634,0.5175349639601723,0.5627945619478828,0.5499595125215617,0.5554000051871019,0.5265492847862998,0.5105205247971467,0.5097529819850575,0.48589991773323044,0.5045560107523953,0.5659983356644248,0.541683612125896,0.5386669890853456,0.03989101585991285,0.5659082412197385,0.64180480360733,0.5902897951202375,0.5578742773571996,0.5846317954393064,0.4941386197986139
0.6180147493590116,0.6269344584620877,0.6366089567435403,0.5867622270140755,0.5658412973761805,0.5848731414532427,0.5040467526173076,0.5532005747613294,0.5089292145215724,0.5672039002259149,0.5437376015462895,0.5112237345546221,0.5074753948102202,0.5459568585141007,0.5421845920446086,0.5138944556352034,0.48019362015148553,0.5092039818671106,0.5062904686005993,0.4626769993138307,0.4442779836464337,0.5263721553719375,0.5718119791633537,0.5366586160468927,0.5432331689743257,0.03427481766994284,0.5810251012846381,0.6121010242416509,0.6238089455744824,0.5336886878862831,0.5700615278710669,0.5532533613575519
0.5781233175730368,0.629203508050943,0.6298657306124253,0.587503418901075,0.5180208237656487,0.5404574213723617,0.5375331215295605,0.4733042745009719,0.5104759122744043,0.5673182002909474,0.5518733204296861,0.5232204002807967,0.43955815229446243,0.5436294900535046,0.5177483847765243,0.5346747233047452,0.4796916128288477,0.5365011435723729,0.5158688323385346,0.5246309546441247,0.5320968341436969,0.5382138000424211,0.5683124644443496,0.5205724069014831,0.4476518919599743,0.22122928948337373,0.5725325265491233,0.584119252627101,0.6102961783175536,0.5404438694064112,0.5211943332253992,0.5433682277990945
0.5530005488167035,0.5998199652850578,0.6409547988808226,0.5775330071015413,0.4897035924075403,0.5512813540365852,0.5112768965680532,0.5098992689058599,0.5261110477678134,0.5743504769176329,0.5602856251900213,0.5230412115341146,0.4938115152299543,0.5343594175299231,0.5287341202844911,0.6163940573159006,0.5434707811276082,0.5810389606800579,0.5611627961899475,0.523030851657915,0.5446051687862544,0.5180182120407013,0.5679448488139287,0.5465913787633785,0.4708531519992029,0.3830371034941677,0.5859701339757211,0.5513488184633026,0.5761168735804281,0.5580845006591036,0.5721790682824899,0.5404614930444394
0.5865534436672312,0.5995787263139013,0.6396431262447124,0.48100505691665496,0.5485607849784051,0.5384308898578796,0.5227559451032355,0.5490896989337659,0.5002992107790033,0.5583539581150005,0.5792120896767057,0.5427504234123092,0.5465673501042542,0.46049444984185106,0.5232481437645479,0.5469851695805078,0.5366620230441899,0.5280619266383161,0.5662735796415265,0.528419040371858,0.526191342200341,0.4620001232831925,0.5459376537283421,0.5585324033362999,0.576662836463546,0.4991230661389642,0.5836950917055883,0.5878696214744009,0.5746493996797953,0.5617467558864991,0.5562849846555341,0.5803910517331979
0.6173127772562772,0.5846963586690795,0.5804740180558325,0.5195829296807603,0.5568055435785408,0.512782923318342,0.5454591729123659,0.4604239923889219,0.399317200567778,0.5406798656872328,0.48790537577936177,0.49876199953363387,0.5103098223777619,0.47897505915022875,0.4609574814153879,0.41892983768516523,0.3843194001554854,0.4118051501949104,0.4881611137164871,0.41252017070927965,0.5247308760800908,0.49050098070186743,0.5467823413769579,0.5546703333711922,0.5624835080640485,0.5031329990172685,0.5050344039492001,0.5794650024282846,0.5749514137285624,0.5162549275301452,0.5560541078079257,0.5955833145664337
0.6415598117694521,0.5852111877309037,0.5679117458363258,0.5465199178008541,0.5813027217297893,0.544419302343663,0.5517455726722318,0.41737931153951785,0.3662535612358022,0.5380944969346577,0.518855051034103,0.5422465891221611,0.4832058746570104,0.5164626868548994,0.5514367671176367,0.5126506354135891,0.5133441886476029,0.4806501176402231,0.48751116556206736,0.5002992107790033,0.48688774213403757,0.5448412373774268,0.5861884349086102,0.5534947612121126,0.5610381035549199,0.5501937588780397,0.5428187312226896,0.5944230571837831,0.5845603409959247,0.565581152989629,0.5626618764460712,0.5207277377522604
0.6284269898787734,0.6317116797720694,0.5289797224892157,0.5399743952494839,0.5452404571960644,0.5470063689429717,0.5016324483151817,0.5227105330699972,0.34293360581612686,0.5102706847950346,0.5523173447083478,0.5209620949565237,0.48968365526482904,0.5068110198338909,0.5643251782231209,0.5534263171532408,0.5550655700110458,0.47476657395028815,0.5262699461934642,0.5287552453606555,0.44580426166222004,0.5246036004818545,0.5799233543049959,0.5273692056175278,0.5698107787870066,0.5813831069084444,0.5873587528009597,0.587817866636938,0.5941308574734923,0.5553786406243972,0.5370051293477618,0.5338654484904477
0.6187536906437813,0.6426146317397039,0.5977437376804028,0.5598832748970283,0.48671684531428777,0.485074706680338,0.4335371268868508,0.5487622033440118,0.46753963207743926,0.5751442714869425,0.5140562428779786,0.5695602980837616,0.4641182046063767,0.5863065033245061,0.5684186913715494,0.5952913905561869,0.5398733092062216,0.5347116629874501,0.54317345763151,0.5412616412042447,0.5051719959104206,0.49026507331643965,0.5680474758692021,0.5673004706939696,0.587462673323066,0.5587075990369946,0.5427578716678811,0.5616628715571477,0.5799623697945901,0.5653519413309475,0.5321172434314348,0.492297359546109
0.5962143941265565,0.6195807735426659,0.5922760423577067,0.5677076927257724,0.5252481444312149,0.4716700618432936,0.484128416952334,0.5557958832722607,0.539148730905001,0.5082347836920189,0.49546500800432963,0.5828940212742506,0.47188084093511734,0.5838052396029342,0.5799185402732847,0.5503516969756245,0.5091747773324656,0.5604879773604692,0.5486492165622164,0.5502350995805911,0.518862737535985,0.4630069314527078,0.5505495426976694,0.5785418833572642,0.5622169078829287,0.5113327874639415,0.5601207305574816,0.5603399147273597,0.6075358193547183,0.5578826852485878,0.5230469664743711,0.4920605781002089
0.6249324114656819,0.6032756521372518,0.5806986801485834,0.5444209238777984,0.5482281709653525,0.5295678055757314,0.5165619662685887,0.5556534251484606,0.5593562162272813,0.5545466682301223,0.5256941294928084,0.5537256953291636,0.4838622845226877,0.5597576419678615,0.5597141018518368,0.5342874669702294,0.5201136824905563,0.5292486233427669,0.5359195752282078,0.534480284781887,0.5148749285343257,0.5150059821977484,0.5589405324677389,0.5941175677157975,0.5634555469088468,0.47189610667122006,0.5943524127285256,0.5914005294297362,0.6148841769968084,0.5491272192075091,0.5575940876713765,0.6223090881394229
0.6258663221130484,0.6304370522524891,0.6488525918190678,0.5723228202452472,0.5319895531720293,0.5682738506785373,0.5342896324871872,0.5274487513222778,0.41779098652704605,0.5462651936243117,0.5609648723194307,0.5374623218637276,0.5295717734360627,0.5487755733825579,0.5369282476686279,0.5291053637735535,0.4868266325547703,0.48814807202238303,0.5694121232795575,0.5317930021517042,0.4674015858362259,0.5052762199573213,0.5690575249088596,0.5623566420563583,0.544282919810542,0.18887206445280838,0.5265911038751993,0.5726782764496808,0.5780969203696438,0.5592048008757299,0.5625807052778868,0.5698631487132144
0.5880778704953243,0.5835001608059651,0.6494671178446598,0.4902356731170922,0.5577383659369951,0.595644504516685,0.5387573521006731,0.46253829173516847,0.38916520827292417,0.5336085090733306,0.5104815278745414,0.5021353602892386,0.5150391659842433,0.5140807868089966,0.5294387939547864,0.554089132404948,0.5430645111015021,0.549714716952711,0.5408477712496061,0.567416500700808,0.47847749226587777,0.47825737329871054,0.535411723068729,0.5316957958750297,0.47930581238460074,0.0674667809166595,0.44408549771335304,0.5550553720318482,0.5742656130545393,0.5143114137009942,0.500691408866025,0.507390092547921
0.6334780084365563,0.6603920071713059,0.602464048461665,0.5318495829692422,0.5841380589610068,0.5519393805513297,0.504197096935083,0.4141927384884421,0.520516647938938,0.5484547135466226,0.48582473884177363,0.5003160456541309,0.5092048778682573,0.5149381387587041,0.5463422595049237,0.5668510710561149,0.5598203357150879,0.542686279984516,0.4923843641982605,0.5312187183138618,0.4816508326633665,0.48749703279109463,0.5481461540851436,0.5475618635916102,0.5367360972526917,0.09790351190124778,0.5753796959147667,0.5878458908193978,0.5902986721336553,0.5138666803417697,0.5339074312252157,0.4972770052724419
0.6091818004426112,0.6320267787652268,0.6032641340894151,0.5789841859974928,0.5570229842479626,0.5333518240805144,0.5184998680396902,0.5045402479510299,0.5656786172258094,0.5520476304578482,0.518073332288903,0.5309789776139513,0.4916918889364592,0.4878335143608926,0.5291568950744737,0.5316375875092021,0.5273120100250719,0.4699808062721294,0.4890570153047157,0.4702451070913167,0.3676425170685815,0.4180751677526006,0.5119788047509827,0.49875785081350593,0.5122472565134187,0.3031246238063652,0.5710900969138872,0.5871487644840785,0.6027786875344431,0.5589831656952261,0.5720669210025654,0.4908947923571643
0.6220849209760599,0.6146595510516936,0.565763867045898,0.5763962760281931,0.4914436544665288,0.5080179476117921,0.4860554109400406,0.5765399239925738,0.48631964534208993,0.5068389075221693,0.48419241405437385,0.5716790110326162,0.5017697829646044,0.47634352055005585,0.5475834078688293,0.4404459194699465,0.49445495051664357,0.5003437934773203,0.5213985995920933,0.4441498301721409,0.4325902543758557,0.4595083947677952,0.5332844591902858,0.49957725670720315,0.5146387064324478,0.40609557928499307,0.5470986879321301,0.5463608564690421,0.5975484421040727,0.5476123996954557,0.49390113172116723,0.5078415246048208
0.6316004342791967,0.6431324316461325,0.5875018051935982,0.587288547482616,0.5111177118326188,0.49108395099670193,0.5096246847057727,0.5042666302530983,0.46675104437725895,0.5249985703020504,0.5164869873172525,0.5126475581226211,0.5527867874892357,0.5065700061141436,0.5124701960465617,0.4224676566759268,0.5224524326838457,0.5371327501318911,0.5284660403530442,0.4752277602456533,0.5041259015961358,0.45651800242411444,0.5079946244470467,0.5655748947245903,0.5049478493199211,0.41656308023064154,0.511895754313326,0.5849335959197125,0.5999935683371717,0.5771881996097753,0.47952078857886654,0.5685026486828372
0.6226845376983715,0.660725388164957,0.5902640192814986,0.6100583804426604,0.5466915369544875,0.5668676545706511,0.56388262234147,0.5109809816720785,0.5149388784552801,0.557857514809518,0.5293770362890079,0.5311208676873871,0.5506343992708262,0.5397310082465084,0.5550012303440301,0.5454617375886941,0.48912214947076016,0.49180805160792584,0.47478451484607753,0.48762663826563524,0.5034793673206904,0.51453798058324,0.549736036895449,0.5581339721181,0.5538952002776901,0.46169244661473907,0.5088477394567174,0.6342202007425068,0.5787766695434793,0.6075448289804884,0.5679348963493874,0.5514389650864938
0.6039792359887642,0.6384929325630968,0.6136038608420494,0.585709947810776,0.5147939641138982,0.6020349451287572,0.5276367404750181,0.5032148433189267,0.5913189893096643,0.5546703333711922,0.5435791601437792,0.5361059866307795,0.5493846173696738,0.5678981675273154,0.5530843736771671,0.5338434916171849,0.5079710861576727,0.5385568016327212,0.5317800284798812,0.4842249419688116,0.5012509069174567,0.526002424474838,0.5402440005180719,0.5366718193293272,0.5741471091880432,0.3693410989732127,0.5906685112770079,0.6010890361419977,0.5459967352071612,0.565058413824563,0.5540308082814478,0.5403536599547952
0.5820182105053787,0.6472709163237262,0.6232402163620056,0.5839895353059104,0.5135358121920965,0.5708706595921815,0.45028910897027397,0.46141739319919844,0.5428075872279747,0.5407460041610288,0.49560337422624123,0.5241026672976309,0.5153456275310134,0.5255147491810903,0.49122930308742485,0.4571116969703312,0.537729234056942,0.5268739758319253,0.524957829833823,0.5153361921974972,0.5367806788644054,0.5257672037641898,0.5401727165491055,0.5513070159752327,0.5296511078918226,0.39780515201133665,0.5628014263086052,0.5754959579927925,0.6147881038037418,0.5424887605831927,0.5125490011707362,0.5554844990666336
0.5990881261686646,0.6474089239225213,0.6313569844699585,0.6135023676665765,0.5388698463091118,0.58905389143001,0.46113655320539876,0.5034332411828142,0.5520754803027231,0.5154211608764196,0.46735199413488504,0.5278440027101662,0.46832880845669345,0.5195040443066514,0.4367656773540757,0.44404564952293396,0.48355774868419205,0.48654677691411985,0.4995695807532291,0.4587289197432989,0.5436307491590485,0.5349820433140251,0.491592255898516,0.5557652885886357,0.5103029791725109,0.42669645286341534,0.5633748478535642,0.4835357648775542,0.6179494833905691,0.5158750403187745,0.49099616684160696,0.5561189348356367
0.5866462365995743,0.6063391589345141,0.6183923994933967,0.6221905783010513,0.48168766136177077,0.5949123993837349,0.5082678520416737,0.5240439148518435,0.527568597670518,0.5250611653189653,0.5141460916818886,0.5312700156991976,0.48277741240871835,0.5518439862211046,0.5107441374556456,0.5386935622268865,0.5411037430194113,0.536939079264393,0.5348999246678742,0.4998045227987292,0.5528592509167608,0.5324530918950418,0.5056038944906636,0.5732105303394819,0.4864383730199573,0.544190118500729,0.5627452089076843,0.5219903864407949,0.6322720918392244,0.5178931217665542,0.5224263482739032,0.5832473924686997
0.5848726927253212,0.6173474759845723,0.6147247955645371,0.6203720976405446,0.46164767410292484,0.6104163501129549,0.45380067418165265,0.5381067620110603,0.4851122812252371,0.519522390897308,0.4821442446953055,0.5186515468239965,0.5095089678812439,0.5356575994671723,0.5462496976750552,0.5389782537229152,0.5387400575975464,0.5314264418721417,0.5580491901965038,0.5157168679106884,0.5141748475588729,0.4799726122440281,0.4874710239261071,0.5268775885253818,0.465193573285966,0.5442810498451733,0.5678741878886919,0.579443190313277,0.6214832880459085,0.5646836181289229,0.5611145727382978,0.58329748206796
0.6234672599219555,0.6173386012544713,0.6002700160860163,0.5898390001530305,0.5137675658376842,0.566635899993486,0.4526213339096217,0.49858369582472534,0.47019552485511323,0.5288802766778073,0.5423293541293194,0.5147702509822499,0.5484021144870593,0.5140510223097625,0.574631952272363,0.5286404458571639,0.5489534092025544,0.5500551704903758,0.5587999759719052,0.5304002268906204,0.5271859068711976,0.4199984574901496,0.485418232408315,0.5390334058680407,0.49985957351449894,0.5374998489741889,0.5325367113827939,0.5492928058555984,0.6052810296059712,0.5534129847476829,0.5034293113007104,0.5817853706010049
0.6203908422455598,0.643641586402146,0.6073116748303273,0.5998152407677262,0.5440139934311746,0.478195913099955,0.4370075145189703,0.4480163468616183,0.5205030554537062,0.5320866705210795,0.5393883963367151,0.5234338365404214,0.526306349616199,0.5144066481836969,0.578910614479987,0.5541047608497778,0.5285484374956165,0.5451261677594039,0.5769288617254089,0.5481022227269001,0.5294229475815802,0.4649508793018011,0.537359810659322,0.5343122917453563,0.5258603167061876,0.5444789408456403,0.5322627190799268,0.5260230864454747,0.6150837634019947,0.5648341226565123,0.5226878659134847,0.5666773862816826
0.5922240291823918,0.6001854884989736,0.5844025669178784,0.5967657976282394,0.5643176077350243,0.543014587504834,0.5154379508643945,0.5195161520264318,0.5872335675428862,0.5713634063651816,0.5689598514423452,0.5669872341686436,0.4846726031715516,0.5203699751155474,0.5451427166901197,0.5566525670787512,0.5725879331047483,0.5729820408566828,0.5926552662714616,0.6086210562097439,0.4900024610748694,0.5550093404387186,0.5697381856264898,0.5622147908346941,0.5545497128845464,0.4852522247259964,0.537534636425704,0.5535661627095995,0.6334986447165659,0.6044655998827156,0.5790952140777758,0.5435385471733791
0.6162552759401813,0.6220120831338296,0.5571063763299968,0.599373807574146,0.4774700300651075,0.615103983106846,0.5582429108386852,0.530479251055122,0.5082627146277969,0.5920385110459312,0.5983556547899697,0.5408156753293452,0.4276611024226368,0.5207093450277447,0.5387531621258166,0.4546924622796697,0.5365800524951059,0.5446657107377588,0.5387465944462433,0.5858855236450947,0.4574070871788226,0.48129444222838313,0.5354688954683806,0.5472044811505167,0.5851018421176428,0.5587169114704056,0.5784497853189667,0.5819932206178895,0.6032857057243352,0.616915106383185,0.5879253707765352,0.5437401005826538
0.6207566841396889,0.6251270923670813,0.6142163880080137,0.512288383198819,0.47890267500399253,0.6108845571908428,0.5355659656358978,0.5476562149475519,0.45072732559115414,0.602845173493791,0.6057022932134668,0.5459087896639938,0.49594530061241227,0.5675476845409079,0.5342585026718603,0.5433979815903952,0.5618217725608867,0.567953392840063,0.5169440520665547,0.554228124787617,0.4863872459676561,0.49688696863917603,0.5636105587275743,0.5448094765815892,0.5768462702355671,0.5271548616282073,0.5895731352188103,0.5713269977165908,0.5996824125931305,0.5871013279699022,0.5685553029742313,0.5177925591368993
0.6353313045003902,0.6297055474047397,0.602967538643074,0.470457442908993,0.5710280775949211,0.5814703664501848,0.5648876519710857,0.5533412009796321,0.5512166120674623,0.5693212098228101,0.542992139686055,0.5737546434167542,0.5415291233494176,0.5594979444706883,0.6127474929329918,0.5242468603730176,0.5995369651747822,0.588704517192348,0.5727010274840783,0.5487191967112094,0.5485255835912349,0.580316120953402,0.5867983893623591,0.5733553964555508,0.5363693646748618,0.5186588383718614,0.5821825625478226,0.5695052732839468,0.6095338777813483,0.5911240999338969,0.5412526887336544,0.5411151455929721
0.6761472831952956,0.6184740044039198,0.6154044189652601,0.5531419841394886,0.5547669017580799,0.5734751505088632,0.5073099795393047,0.47704135350720334,0.5425640127490795,0.5575016222430872,0.5346246733866407,0.569160206248375,0.5508448415803232,0.5166048580948417,0.5274999899083602,0.4939589493805307,0.581697474858821,0.5639124541779079,0.576907896525844,0.5402514207536315,0.5310884610713829,0.5859187140751904,0.5153244850114435,0.5500200110844126,0.5432524508021526,0.5215676405626171,0.598753344463152,0.5521068188312263,0.6084482997831496,0.5940363060190256,0.5390168654650442,0.5725134397761774
0.6231430162175485,0.5579560365170583,0.5964410597058792,0.5617360697568283,0.5461699211656117,0.5460948449148545,0.5000887796615994,0.43256932464561715,0.526399051990096,0.5331502882067778,0.4903004724703182,0.5014362264692661,0.5402836057289747,0.5329061694125626,0.5599247318645574,0.5896362992929021,0.5526624336719299,0.5432622695501277,0.5599896006596029,0.5477986639190516,0.5157839566838596,0.5176151745811988,0.5275178691273156,0.5608657012986215,0.5487048309935578,0.5161965802824552,0.5677422434924478,0.5796883240776631,0.6302842666778784,0.5789319612334116,0.575978555207173,0.4690036189582139
0.6275151656010027,0.6123998670841876,0.6333457597066433,0.622749028321538,0.5853024890140671,0.559014326720383,0.5690945318899665,0.4974959991293593,0.532012298184019,0.46283377825132016,0.4562797372786981,0.5316107898514199,0.5406965333841179,0.5235229067831744,0.5858400367469911,0.5418764796834821,0.5262295281924642,0.5463017722766484,0.564491737770464,0.5559910105149359,0.4979017667319821,0.43623111426308314,0.5549923797755533,0.539992100265354,0.5475710881307291,0.4995507270934504,0.5419076088334754,0.5899878171623335,0.5830055747569128,0.5983540602359663,0.528452267611442,0.49436658961621066
0.6011518131893347,0.6029960835656478,0.6154509943896946,0.6247576487537808,0.5742586147373698,0.5840577441350288,0.5589638549310431,0.4408608106213299,0.5438875690744229,0.537278204318944,0.5240736716729961,0.5847357680688625,0.5244462395663431,0.5464924696415732,0.582014813081257,0.550093240134496,0.5767254815197098,0.5800521484212753,0.567086371477438,0.5700454826769606,0.48107362555271527,0.5137719661795278,0.561427973564193,0.593517339611104,0.5379559780652479,0.46970547436353416,0.5586321688949709,0.5595478554602767,0.6049977522906983,0.5529054607922893,0.5687826167283608,0.5264642360435572
0.607199124421207,0.5985267217394739,0.575895262404375,0.5876256213394874,0.555647003786976,0.5595118864339524,0.5501172530373534,0.492790419880422,0.555691379304857,0.553848305700872,0.5638334238796262,0.573593862644563,0.5233316425140129,0.5317394184071678,0.5324706685335803,0.486214839383319,0.45516354632958245,0.5598896854994467,0.6080713360736247,0.5744098172403829,0.5267854192801643,0.5058877451780482,0.49436118045158883,0.4984448130122937,0.5227972389808774,0.42559307914580125,0.5393890424452839,0.5261194970267491,0.5798623779982538,0.551838628830787,0.5436432908836875,0.5162164724008671
0.5772737362387919,0.5950671507611255,0.5948444798191664,0.5701581629965224,0.511467654114536,0.5461576136877181,0.5216854969484577,0.5222005257812677,0.5168556289995144,0.4916262227029668,0.5117915436697453,0.5254853075041923,0.4911544793450553,0.5044837172407064,0.5172154218647618,0.5121350698194115,0.4305803870925493,0.524401793545579,0.5653571704237556,0.5369878284751145,0.5595161383696462,0.5011418406148637,0.4715670208556594,0.5053226004202752,0.5643711827315708,0.4296694060579497,0.5992580458649169,0.5302185498279566,0.597152420889761,0.5736231578542704,0.5466243027815731,0.5018277349487675
0.6029896919718719,0.5942591794077365,0.6210561514054265,0.5812214369043042,0.5743390294883166,0.578728492887947,0.5672435899843088,0.49246517946702467,0.537952715657627,0.4858471700862733,0.5643405948633289,0.51025963119586,0.41897790499750764,0.5293366990383356,0.542187078970042,0.5448496794232047,0.5416830633438353,0.5728823141668017,0.5761700716078577,0.5506242046036566,0.54640880214986,0.5552992344704486,0.5476313840446401,0.5740235449301029,0.5443721528545621,0.5018679545477834,0.6002077692731391,0.5534316408204646,0.5979452869716645,0.588825689534909,0.5547825257474034,0.5315788214759525
0.5887768771169364,0.6122831839552453,0.5768914105673869,0.5947695368636532,0.5239467117286878,0.5321451265900317,0.5473637356275629,0.49506142006742787,0.5219665679255864,0.5688028898235516,0.5804716764727116,0.5535495686207964,0.4837173050079125,0.5487057043868961,0.5527249953658574,0.5665905968726401,0.5629111888561262,0.5875933534768117,0.5879353969615886,0.5764334239320243,0.5329035648993059,0.5077529467602729,0.5159221036724749,0.5333552639228828,0.5188571405305805,0.560347370380811,0.5520227370278254,0.5466853377254892,0.5858830181125656,0.5379229633241629,0.5351369822405092,0.5407941723237849
0.6265239025478302,0.5588634169414509,0.5857493362048817,0.5753641449035618,0.5438400596938543,0.5048443824334466,0.5113305467759608,0.5061406195117704,0.48277670594716265,0.5477270255251383,0.5598233070452187,0.5663320787900574,0.5446163045507109,0.5253283109279507,0.5559153333044313,0.5901628312550123,0.552971722480961,0.5356512546870625,0.5290430748577067,0.545692087575665,0.5056200795196129,0.4614989713229012,0.49982984017259197,0.5197138151336113,0.5709025482426169,0.4910895223234454,0.5606974538061636,0.600641723875048,0.6414968070755815,0.5291215783707792,0.5586462286745686,0.5505381658621411
0.5894304662458953,0.5914675524701407,0.582018347889218,0.5801840591393017,0.5522167886331677,0.5471979425706663,0.5069010186215612,0.49268241590577067,0.5074223306342828,0.5422787013246158,0.5308998865032108,0.5576099155292464,0.5773767359739498,0.5241591546354558,0.5313333205407201,0.5326421424247075,0.49716500568571786,0.4839231609425071,0.46715249704484363,0.5147819814248895,0.4612322173758547,0.5257558530412578,0.5222001141986582,0.5136929198773982,0.526243563097721,0.4150776783705973,0.5481841227834768,0.5527969058958517,0.5455868007389354,0.5034865852201427,0.5058352721345842,0.5074781248244278
0.5564063048693375,0.6426403271643204,0.6041182823125735,0.5512290691683214,0.6111222203069422,0.5445342589826692,0.5419850649153756,0.5351531456604601,0.4871741356840298,0.5551765688948528,0.4553251571966216,0.543299792642763,0.494871695823749,0.5261025774007354,0.49087336517040475,0.5062099860953052,0.4677167753888418,0.4762130258021551,0.4981042481007599,0.5469478783262837,0.46911626150036834,0.5262983879701021,0.5319244968087082,0.5746960539872766,0.5109900839258879,0.46262352194811296,0.5635156446837518,0.5694397743747102,0.5840750611258582,0.5315846831403145,0.50118678938427,0.5152386935935793
0.6037221301129222,0.6007923993746208,0.6088242551947775,0.5406447797181163,0.45803769483720164,0.5659961099712245,0.5657756606535378,0.5469286826727211,0.45278153171078367,0.5444739788331538,0.45465304748498653,0.47906974899306437,0.5051018304459453,0.5047221676199652,0.5012244905853118,0.5225558411306501,0.5555745190087478,0.5661104509404011,0.5608263125251576,0.5752416484251824,0.5121625223608322,0.5095557823255148,0.5514280168134504,0.5752843612767153,0.5626448416076153,0.5057559044157399,0.5823984730047955,0.5823910216793734,0.6047992149450991,0.5373434208431187,0.5435156597051718,0.5343398468562476
0.6105699459869169,0.6066011002053099,0.5874618985096334,0.5811928809603885,0.49999742305740735,0.597509538352395,0.5208733366652326,0.48963720912371206,0.4563466135611355,0.5100045910035006,0.48628228060992246,0.5224653142628909,0.5514305694756071,0.5434162150528167,0.5415710348770464,0.5354773416980751,0.5582783529360098,0.5693510807593518,0.5187337802122448,0.5110514593586398,0.5032902789412578,0.4945380378821164,0.5372768098531603,0.54412938724015,0.51749444672722,0.5372890070492963,0.5775391576316657,0.5156231495473782,0.5544865598820067,0.5594291917601029,0.5715302743928399,0.5526787740084596
0.6153392869467215,0.6190640059958991,0.6194232379044082,0.5967481373003888,0.5806037328276443,0.590797951033403,0.5723842308978548,0.5494897764485257,0.4626899538886144,0.5477745275441929,0.5361918841846898,0.5643820172113277,0.5524132019295381,0.5166543746888008,0.5658613042731534,0.5098328964902115,0.547639596888707,0.5473722986838939,0.5520411024118812,0.4882234269061854,0.5752217657476296,0.4598437103555786,0.5013468798114469,0.5132902691072655,0.49254668763213444,0.5047465776896085,0.5827140635055977,0.5446592537327356,0.5974425567756381,0.5531480305661043,0.6036177877211154,0.48799745577715126
0.5790896540184487,0.5871871445004692,0.6105458587094453,0.5917107540034818,0.5794634682893534,0.562126459603234,0.5388924586996119,0.5309524737411445,0.47801000366903323,0.4937767291989185,0.4821641439106312,0.5106744978778386,0.5475158911597369,0.5193786854175502,0.520131448602535,0.4768040479589978,0.5322695816897401,0.5413835569836417,0.585191873434722,0.5221498270189666,0.5597231666423282,0.47244292527729503,0.5263186513279824,0.5042225183362569,0.5088767499710402,0.4967041007717831,0.5585438774297126,0.5657676840153012,0.5894265471981196,0.5524511642443968,0.584122500084833,0.49623202075619627
0.5990806715208778,0.5852870711429197,0.6065188155220244,0.601186565717919,0.595233177747606,0.5543672306466226,0.563026330801919,0.439341573909521,0.5576474986176269,0.5565267655409025,0.5314772289165015,0.522593685135695,0.5387400575975464,0.5250778729244929,0.5018743343569635,0.5284814819392185,0.5520313085053768,0.49130457973321706,0.5403822129351378,0.5147852692324387,0.5327909688641521,0.43801035332657423,0.5326191961339393,0.5815687061151421,0.5469026749355851,0.539810501591634,0.5822934887819907,0.589101465993105,0.597575718438592,0.52489740706611,0.5504404477821273,0.5372388558860829
0.608704883121583,0.5741273528764688,0.5846249193574409,0.5804343552885065,0.5483191173981163,0.5524677417225669,0.5311846331416683,0.47768331591996355,0.5263142166111628,0.5279068841220435,0.5279281579257605,0.5469365854400356,0.46898985099200524,0.5173770889474237,0.5053788236895523,0.5322598000024598,0.5271963692152597,0.5403428756242268,0.5085858865269574,0.5570076062553452,0.5021022859679545,0.4879702646989736,0.48619562102237973,0.550870636195828,0.569695176465251,0.5020341158161876,0.5973441991686821,0.5816204668537278,0.60798242123451,0.5485713077774496,0.547790287089767,0.5041988013897117
0.5536754116691118,0.5385418188657505,0.5622892613955851,0.5222184155640978,0.41327530100831783,0.5000020685525793,0.45947225565938693,0.5079673981221101,0.4941884635858022,0.47576244518789684,0.46993881553113076,0.49134892199800195,0.4920778877243366,0.5226807421083997,0.49453770400751684,0.4824216533569057,0.4817204329129568,0.4909687577107804,0.4945517039955997,0.531651169390972,0.47475944578226287,0.5066592786149503,0.5063317656829663,0.539968790551626,0.4989911661189879,0.44789972096427805,0.572599151192994,0.5593464639370265,0.583425475695421,0.5522939141020702,0.5132256592042452,0.5144732435401538
0.5797563493550694,0.5986044605016548,0.6013396313068224,0.5252892100827502,0.5212773799776447,0.5500554531466125,0.5010476110077626,0.5674793451572017,0.494185060294462,0.5335741154584573,0.509418446933126,0.518932211298979,0.504913444382762,0.5494627360856668,0.5471449020976483,0.48962746534593266,0.4936578201436253,0.4461184357926861,0.5430013118521998,0.5378159595445344,0.48677906740498056,0.5442069837251848,0.5781398316850577,0.5119957521957119,0.5378968393884787,0.44335135545622933,0.5310891867698013,0.5203518928494554,0.5211105245523151,0.5578243607128918,0.533534990707165,0.5379131943760668
0.5814444841382957,0.6016529635982784,0.6197023384039987,0.617136579073669,0.5388860218064299,0.5340089592216478,0.5304948554773665,0.533149892434246,0.46000991784673323,0.4780115288037736,0.5116698618912712,0.5048506715690931,0.4476311553981422,0.49530412406076274,0.5369519283582107,0.5049166668559929,0.5276827408324136,0.45569955578711185,0.5432762767040157,0.5065117639099405,0.49859317561663047,0.565010945392181,0.5195453905944798,0.463515974917428,0.5606627714102012,0.4802047378096621,0.5398663455391545,0.5359513825851041,0.5243855701739367,0.514716449873512,0.47632276559721404,0.5471098657148838
0.6042810547445597,0.6279646514499486,0.5946236108986502,0.5542707520419068,0.45909575233850364,0.5328280523142008,0.5505604687918897,0.5147276611834098,0.43071203627702714,0.47336380852690196,0.5442346213580882,0.4987033273067343,0.5336668583266023,0.4985144493880372,0.5270436495778154,0.512870491261482,0.5731567611851495,0.5328455468708179,0.5607600837462909,0.5617114452851223,0.5198017825623358,0.520918429760094,0.5164965118882646,0.46810026277636274,0.5272488255036208,0.49941923813674965,0.5136523939147489,0.5300668976754817,0.5603144535126446,0.5309851743869327,0.5029682246221128,0.5656839843180375
0.5847112552852792,0.619484037278009,0.5782299325678042,0.5275560520252002,0.5297522450702301,0.5903944627920346,0.5466699132212696,0.46179446670468255,0.5207705765546704,0.5207886644101464,0.5635875797758968,0.5531277199998847,0.5144402530317593,0.5442277975195903,0.44806895367896793,0.5137851575481144,0.5491285888381858,0.5309200708257449,0.5400146313763001,0.5592805437068646,0.5262458084538658,0.5419931230663863,0.5286581412861222,0.5021533556558853,0.46416747351101706,0.36128372972309347,0.5065010894339955,0.5478239055224128,0.5267743979670387,0.5364663855278569,0.43812440425583576,0.5598668234582673
0.5339982754038924,0.5833748175982255,0.6064069753050357,0.5184961900798136,0.5624939125006932,0.5253208524914202,0.5040032409669299,0.4683079852498038,0.44682683424771424,0.5621010528756016,0.5529166253548513,0.5645247994481887,0.5123096705384858,0.5550740174602199,0.4924164015816887,0.5439360518945394,0.5584593740907832,0.5292061369518066,0.550144974377375,0.5434167118660592,0.5316448556905577,0.5366262697107238,0.5338742543760181,0.48117952056777374,0.5306533140328856,0.4479652590249542,0.5682149946051621,0.571676047993903,0.5620739733233127,0.5771323273939292,0.5336321200003338,0.521459882975291
0.5525225921879581,0.6213283360542488,0.5641803250514837,0.5106665653912319,0.5241144187547722,0.5201098153676101,0.49136697649623623,0.45704586328888797,0.44167124855478507,0.5796939962415908,0.5312842444514977,0.48943249462390315,0.5439948812359167,0.47042687710214726,0.5144184420020206,0.538653803340146,0.5536233603890648,0.49097471944242504,0.5499210471866016,0.5672284769946788,0.5297483334812486,0.4621467577505155,0.5511968921663919,0.45938020341785174,0.5200972404110261,0.5053586576807916,0.5785089310238821,0.5151077808132649,0.605043962870575,0.5430171951313594,0.5255785302807379,0.47290638890369696
0.5923468706274062,0.5660623398790532,0.5779161344252828,0.5534517548195129,0.517124273711662,0.5573394382158371,0.5263166497231535,0.4744857917518112,0.492410081830729,0.5712932944295824,0.5211927081155012,0.4449043615283595,0.5157396385684198,0.4260895397804667,0.4817109752504119,0.5002476757011444,0.5416845767455755,0.48767990745532747,0.5275524175713041,0.5662851014362958,0.5001762343990971,0.48841301867762865,0.5671026666781913,0.5118232544759933,0.4988015893310445,0.5257026996396248,0.5131853471100457,0.554854099421466,0.5507141802871273,0.49955847599448483,0.44765704946901086,0.4682270146309739
0.5935200036102196,0.556643186120707,0.6058002893916943,0.5358018635895718,0.5355279342194381,0.559517419216596,0.5188340964943282,0.5045262031603994,0.4239382624024887,0.513651616325191,0.5124760758432133,0.475346473656231,0.5384797005478066,0.5453019035841478,0.5331221708731428,0.5189374303013669,0.5469400553002022,0.5450881532944758,0.5621425306256501,0.5334050431718924,0.44830526678465676,0.5284564280497055,0.5334319592618257,0.5580694321060914,0.5236989278144263,0.5333490046574274,0.5225876219283012,0.573534500840983,0.5845089100843236,0.5226880639945497,0.39866678873056727,0.557940277909266
0.5651102098682783,0.5851779010501533,0.6119417786270311,0.5635121111740915,0.5225139832440897,0.558358189781833,0.5043079098178254,0.4051566089540904,0.43997922334814527,0.4652999837762536,0.528836016040456,0.47980820840780847,0.5793867835091998,0.5420296082919579,0.5226278488226186,0.5386598948389058,0.5484674004528085,0.516209925177381,0.5478755823738171,0.52057280314938,0.42395453334922584,0.45859798905624577,0.502113580389041,0.4832603142737661,0.5207469190360496,0.5247141254771044,0.512552526871853,0.5465317933095707,0.5575359334056944,0.5116374768651791,0.45434701960551976,0.580459779498293
0.5521318434102933,0.6129556965713236,0.5985669629815011,0.5938038087221441,0.5422413296649641,0.5849661863717994,0.4523424420728227,0.38106828401377707,0.5040588396456934,0.37913868294011577,0.4589825506979004,0.4218269846116038,0.5197257281562689,0.4453304203789392,0.4904377484079459,0.5254280569674923,0.5523545506710971,0.5578137057326498,0.5356153129241535,0.5428463978052189,0.4301944128487787,0.4347820264182612,0.5151802185165052,0.47680284875530693,0.5028432510055295,0.5175077937117252,0.5747734682507577,0.5416549485213931,0.49035994220831675,0.5377503271365834,0.46260485391245654,0.45329333580307674
0.5531510475895501,0.6024971975450849,0.5296403828148702,0.5770477758208948,0.5591195005366625,0.5566684996133634,0.4333978697852822,0.5194185449547704,0.5356326403377455,0.4298394106329097,0.4814239939229509,0.48425136263779356,0.4614736793626898,0.538978770079046,0.5267361138162665,0.5203043677205345,0.477272784003498,0.5450099973406267,0.5297274223623059,0.5165798870762908,0.44461591655027666,0.48214461204935893,0.5563533712063943,0.497633129243283,0.5236317941256647,0.547138426838933,0.5725517398751294,0.4986821837105627,0.5149186185117176,0.5374938708481519,0.5543835981051205,0.5160407594450989
0.563850092074211,0.5182345092842578,0.5742363220710114,0.5332639665116938,0.48872413547924365,0.5381547910336726,0.5059211326629476,0.5579068726804538,0.5411630772268043,0.5284629130332995,0.50334977540406,0.47441502888105364,0.5058414720797146,0.4891943159216182,0.5346245880156476,0.49729577153374316,0.4874809199059167,0.512575861612009,0.5190896135787223,0.5130436827272878,0.46270158010147683,0.4914735765792716,0.504084111276236,0.4779748234741556,0.5253267144567906,0.4607350178856316,0.50746169503894,0.49956341634557605,0.5272650124834113,0.5014933327598451,0.5073676561966406,0.5065103774603364
0.5268181714572465,0.5540848003838889,0.5561585089604509,0.5136293818679413,0.45380986677163015,0.49227934978451465,0.5117411079962156,0.5236567239540929,0.5196911424773202,0.5481606297715387,0.5254173420120931,0.5120936883885653,0.5149196030798812,0.5097465516632034,0.5456964281983404,0.5427342211429491,0.5212425848308395,0.5463981190630258,0.5036190239664635,0.5429816425246519,0.535052137365915,0.49743627011044717,0.49909172421651343,0.48470960137441693,0.5043336557862739,0.4504337049921652,0.4716892109972135,0.453832727772933,0.48022063279164995,0.4787563250680079,0.44602422056321395,0.5248657094704037
0.5395298845493914,0.5763906132098339,0.5295524319583957,0.5799583080116218,0.4946806169581761,0.5257142362597412,0.46128940113679184,0.49197372226319463,0.5111688388365013,0.48578443184695463,0.537944766180556,0.4972629912761966,0.49561620510246185,0.5407920878521765,0.5579876912855236,0.5540311634952193,0.554118603518194,0.5239631289512928,0.45507039368592656,0.5152350522283992,0.5476737271639709,0.45259234975098783,0.47114103492307396,0.464493067124992,0.4310293751124215,0.520829427585502,0.5159884628748616,0.44172406017106614,0.5046831694993626,0.49406497223167706,0.5303741998513388,0.49164003181230387
0.5999617640155296,0.6160705258044038,0.57228954527922,0.5539416456187696,0.5378732040347154,0.5652893445175151,0.4653324212916526,0.5582344093697075,0.5254888333510894,0.5547373075394415,0.5218977046666764,0.5764823152869024,0.5218374349701577,0.5622621340070767,0.5525790524985561,0.5596157879354228,0.5422229531682016,0.5858758098364061,0.4928835596301914,0.5117515107897547,0.5365095559045153,0.5060846734704602,0.5172527337138199,0.5031119671801616,0.520746549464433,0.557441945638043,0.5471563055091689,0.5505168345861563,0.6086601320961577,0.5188386878011322,0.5534988967923383,0.5382163633526628
0.5562303348557553,0.630834592450528,0.5722838063441944,0.5675510434445955,0.5056735432322033,0.582467503424519,0.5115783524428569,0.5571429552833858,0.5081801718056138,0.5805283024517962,0.5296610560357748,0.551098972824568,0.5199093980490701,0.5478557555394534,0.5581433950313809,0.5347562961056331,0.5452906572196327,0.5643675787947168,0.5121089755597737,0.5454394358164637,0.5061029703073646,0.49842931574368704,0.534207500580575,0.5469678691074915,0.5484897931866747,0.5823908580771803,0.5703615710454686,0.5734480684407418,0.5922843324852675,0.5098411294703775,0.5318379857115887,0.523738144469129
0.5783051035818966,0.5650535392355517,0.5133404445632561,0.5408609688238921,0.534112463971345,0.5518099667306402,0.5186178243509334,0.5111756208529211,0.4799805647144118,0.5928453098583794,0.5188031414373598,0.5403994915480169,0.4660762165023924,0.528832373345153,0.5350554417297423,0.5561530093083374,0.5485825229927586,0.5348875414092307,0.5369005033189365,0.5466637255712864,0.46980582487361405,0.516716111006011,0.5371828649960761,0.5128827085746986,0.5335251066119728,0.5475123920665852,0.5665556006926588,0.5855595595183452,0.5392128253778241,0.5363213951311924,0.5556724721298273,0.5454541838342893
0.591964546274009,0.4937129066983884,0.5314399683158563,0.47663851356185083,0.5185486806751185,0.5209873335624626,0.46630531287713434,0.46768265386348656,0.5679840376059393,0.5387542233238701,0.49093041952592514,0.5684061032011974,0.481685682716569,0.551276210882315,0.5027853388405135,0.5607543511917442,0.5336288920634438,0.5303340261826949,0.5407987734310085,0.5028164276342134,0.4500618344733755,0.5625408605968407,0.520976728115248,0.4376078911156338,0.513164806119163,0.5384344579832631,0.5325627404637128,0.5417510187752204,0.5774871617424759,0.4715260403220315,0.5441116013994574,0.5111678355984526
0.5851530199863771,0.5495106530573302,0.5512463095229106,0.5579010872580877,0.5050263135135206,0.5265164346676415,0.4994339437296055,0.4987560877192594,0.5498518222327998,0.4965281358939989,0.5057988578706432,0.5232246477999787,0.5076877510206828,0.4876217202901761,0.5420147643983201,0.539423262586655,0.5265957441187723,0.4521297118119017,0.4874525052112885,0.4824198855620617,0.4836340083764261,0.5038510885190978,0.47751109881688214,0.47145606232605036,0.46613472484537255,0.48756834098290486,0.5323793733220556,0.5265977990480325,0.536273704954499,0.5027030168816254,0.5416860527733638,0.5184068019855015
0.5847850680513966,0.5569972085015249,0.5113370019412872,0.5552256488528068,0.4612909335206761,0.5193074388218999,0.5103614789444764,0.4851633247637679,0.5161278863580716,0.5004722688685684,0.5077459622632245,0.5419867272275862,0.48813795428419454,0.48903879122527466,0.5051988269486376,0.49454263339276217,0.4958505920525517,0.4478938513171309,0.46868436784067274,0.5022871033646013,0.4524843382247715,0.5047768170705986,0.48471877888678827,0.49745316722007704,0.4608429828982552,0.4106437835866159,0.5008216927014718,0.5673534211574828,0.5335713193640251,0.5424397931644125,0.5271468472493431,0.5124460413780024
0.5776373141800254,0.5400320803799363,0.5272174862149086,0.5276420599666533,0.4942283160150799,0.5270410663110832,0.553240417689537,0.4414467562114065,0.45852124839217046,0.5142191706984724,0.518809351684777,0.4796107007650649,0.44990285889508763,0.5096157022632773,0.4873331060872845,0.5171705513043631,0.5311349172683586,0.4797454278717732,0.4733784437258179,0.5247499246232763,0.44250036981969226,0.46227639442485335,0.4711350644032073,0.517460477313277,0.48413431223652054,0.4397258847347062,0.504779884587987,0.5922819081551057,0.5886600274030479,0.5626323814748483,0.5586358760490739,0.49022579162692237
0.5778307053040765,0.5087328430928602,0.5031692699039976,0.5515062655402333,0.5907135109786479,0.5515453112627794,0.46336650409679464,0.5031035776720805,0.5632934106488806,0.510254031867033,0.4865212507278584,0.48209086167175735,0.5263942670662882,0.5141726174843104,0.5274573588342478,0.5358782959337453,0.5718018769855984,0.5036283254666389,0.5146126937068546,0.5154539599905845,0.4489148762410181,0.4596889313012791,0.5236679766772177,0.4980977482183951,0.4982517842364306,0.5257307666881277,0.5619507221912116,0.5618200636757178,0.5742418014593438,0.5416665510473452,0.5231896317256791,0.5204695723268146
0.5449394279491248,0.5919247315612461,0.531953170191866,0.5552336886375014,0.5840229082876578,0.4855609013822441,0.4232128117506319,0.4970234237533375,0.5738481409943661,0.5371762743079603,0.5187888618529226,0.5164266241819522,0.5029790099105174,0.5008177027722387,0.5623471689801006,0.5483690872149437,0.5121012182999483,0.5156496791352007,0.5373223178557506,0.49519031422526577,0.430244012466747,0.4933769804310444,0.5411978709480225,0.4837310904105499,0.4831846645451981,0.5539991935961819,0.5840375617364131,0.5337426168574994,0.5594392747759083,0.46753753675054205,0.5051584902052155,0.5453249897521512
0.5363269011572718,0.6024260669465191,0.5711242492147054,0.5712777276832658,0.5530151039040707,0.48076678361916936,0.5184107900337532,0.5238334788856072,0.48344773877463476,0.5477951043693876,0.5207759546191588,0.5244738946903665,0.5077239939066488,0.5169413383832135,0.5729911749997473,0.5564191949097954,0.5738793140933,0.5720840707383325,0.5803027372219703,0.5318308970279307,0.4756326345046083,0.5298551253780691,0.5365408928356189,0.5145438151129079,0.5263800527216415,0.5465203246735973,0.5373018167135964,0.5605605806237224,0.5901289472316557,0.4595232030009275,0.5019417710983505,0.522546143033718
0.5860305603003297,0.5907308871749812,0.5657285770381603,0.553902272339214,0.5579321157863346,0.5022432015053652,0.5011181898458971,0.49213064383548494,0.5010985911506471,0.5531662893814402,0.5495245276524333,0.5193748334932249,0.5294988037437618,0.5340437666104741,0.5234125854205861,0.5943715435296032,0.5800210063917469,0.5228872217689968,0.5555416187118606,0.547026342952098,0.39602702861085737,0.48048258464472676,0.48968720457943343,0.5218520289510163,0.5487628643669091,0.4594513793488491,0.5221683665072618,0.5882627020420048,0.622195444587661,0.541773705814894,0.47257046626882415,0.4769361415864684
0.6289663771868755,0.6112868717442111,0.5319288104859636,0.5608538554053311,0.5296411499909177,0.5029907009175736,0.48890847784765507,0.4749978409197183,0.5652778800150334,0.5320630991373927,0.5109079926964766,0.540585276274337,0.5112524684204217,0.5599157929377561,0.549094790139426,0.5115906371910351,0.5385138230271865,0.5324775081066364,0.5369182180310489,0.5335001694285746,0.43118220989578726,0.49535385371705354,0.45146741733782036,0.5432105155936214,0.5676207345861058,0.46539178402317255,0.5399445298513013,0.5711950324120408,0.6075461825322759,0.5721037896166012,0.5044978697261898,0.5491330397671392
0.5844693175285197,0.5834537920599654,0.5587186483700571,0.5412247735813517,0.5504004863740418,0.5517313005181532,0.5059826116383862,0.4780425622453619,0.5238761881572569,0.4770338837634005,0.4897796409265321,0.5378577105740304,0.4993601108183631,0.5179430915348547,0.49815320785184103,0.4030459959517077,0.44176346901438407,0.45356135221383076,0.4538872449632778,0.4470614162771326,0.4502028999131359,0.5391291883199579,0.5098955484474016,0.4464000267999583,0.5008507909515224,0.5076898419553065,0.5055685408983868,0.5179815039087654,0.5767005075239308,0.5272822479031102,0.5276077313485975,0.5442255098132881
0.5313117062173167,0.5708566310008999,0.5565998942215655,0.5428919741765207,0.4914812620857131,0.560864880817644,0.5454566840978589,0.5154930768134859,0.48967781263961285,0.5553159187650788,0.49854728847617635,0.5064785570602751,0.5083398943573266,0.5092331692125225,0.518068240148997,0.4312120085684652,0.44830856346440573,0.4567406277198989,0.46854069897620143,0.45348327474347316,0.4343260644613722,0.5269442018910531,0.48138803803490304,0.45356997622476464,0.496623401282258,0.5199425216203736,0.496315431282467,0.47225931918246933,0.5695269409556739,0.4976619773714657,0.5059211326629476,0.5426306658469066
0.5303593558659903,0.6191804280736505,0.5368970994185291,0.5750596255573094,0.5098504530338472,0.5802910571378069,0.572548469604282,0.545203582876163,0.49275053567238053,0.5906943109938079,0.5460377216829883,0.5284376696823517,0.5497102589460198,0.5724511771277063,0.5382083374704484,0.5281255384853017,0.5171283251676002,0.5706117752757063,0.5727225161250299,0.5492183080979618,0.47701833434682905,0.5353169939486119,0.494948063222011,0.4789811996101465,0.5094965727341626,0.5326400888287275,0.578541083965761,0.5473232945622681,0.5798566624634963,0.5098530461474107,0.5330177671516185,0.5528835782701714
0.5296660957602346,0.5798895827735577,0.6004489712042723,0.6100715338275826,0.5391721457896085,0.5612637257568666,0.5921468708479994,0.5452431713251538,0.5314600115631127,0.612405416583911,0.5644455650189593,0.5438139380545003,0.5893223703485473,0.5555553266832206,0.5862860246416943,0.5840602831613053,0.5816894425187663,0.596369069146046,0.5977152277403702,0.5691585891275939,0.5363651366619525,0.6059259509909819,0.5872679926913211,0.5277320348034494,0.5449125108880586,0.5292731567708647,0.5411584155382071,0.5848181024738373,0.5551835733061258,0.5799752637323476,0.5615310545117149,0.5261805233441962
0.6278636218699505,0.590715996912612,0.6196501043652075,0.6163689150294549,0.5492945379363807,0.5345871457712871,0.541032124845285,0.5104804390887628,0.5164219332385438,0.6118438074260819,0.5673990712248247,0.5775833316848857,0.5813139751047658,0.5962530329302131,0.5962770316386474,0.5561824600782697,0.6117719953716562,0.5343265967577853,0.5923652747595376,0.5591009874092527,0.559950919812952,0.534483281589217,0.5593433825945935,0.5389965007326869,0.5769677740300688,0.5684214522448457,0.5778221696426873,0.5330427391566879,0.5855972825278453,0.571424501912149,0.5726514906534345,0.5792072391025601
0.5625839262995629,0.6012146234936714,0.6028294246142876,0.6017179989727066,0.5764855984247066,0.5641609854345361,0.4863909740127327,0.5090806401498293,0.46310865167709614,0.6110822275056411,0.5545006872686523,0.5973454084203441,0.4904737851380762,0.5757417171187327,0.5816488801446914,0.552973656915422,0.5616530947202858,0.5274184771378477,0.5562685044753658,0.5008251727616394,0.4461905573405591,0.4947294059534827,0.49675512454971826,0.5360421082578538,0.5426192470756566,0.5541035074835368,0.5906816075103131,0.503997805022677,0.5881909911989445,0.5660083425986072,0.5919304159195913,0.5437342975381463
0.5715026871756131,0.5942363496605749,0.5648419630570063,0.5600142448258484,0.5834825605808921,0.5244170509695298,0.4942169835712494,0.46911146176372487,0.48861168854002457,0.542686541820141,0.5439214535071257,0.6026844639842212,0.40430622514152004,0.5420688192479028,0.5872199151964238,0.565108806999322,0.553912617042594,0.5624641721476489,0.5640053063615413,0.5051716881568937,0.441095412700773,0.5228816887348349,0.5384094740061143,0.5555003269240817,0.5217500698350652,0.47467253673306914,0.6012808455682258,0.5402319211143742,0.5674335929500783,0.5234368278650415,0.5840229082876578,0.538937978421039
0.5982280193640644,0.5766265287809693,0.5440219492592387,0.5101115080489019,0.5424062824007732,0.5568897526261841,0.5022380507770263,0.49239048208763586,0.49691912256911047,0.5136548181378505,0.5206063110042715,0.5486001316866823,0.4468532564096032,0.535528681802409,0.5614417873471884,0.5228809453760949,0.5636695225738098,0.5014329575042128,0.5835225222287937,0.5377171026277852,0.537841787699535,0.5155994868012704,0.5763346468313514,0.5401769616018286,0.5349342947339297,0.5519950463997801,0.5831528233658388,0.49521648308562943,0.5764147615696704,0.545036298328835,0.5683702622647475,0.5799038249455937
0.5957627789721277,0.5761865914118202,0.5767246051962605,0.5600421362684637,0.5794275393608184,0.5500296034582062,0.46992295480738766,0.5193544601135112,0.5526482171463255,0.5160898242152848,0.5373070144530816,0.4584175908284163,0.46060959104720517,0.4448833815935864,0.5267749251736686,0.462288401301545,0.5494713388636503,0.47122836914163135,0.526103698720311,0.5177245050283747,0.5624926800715533,0.4974945847533451,0.5699354232843414,0.5238085324976314,0.5591104183731823,0.5669624514846667,0.5845003733966676,0.5288322875918874,0.5943345696797782,0.5753795578550652,0.5996663529982679,0.49635447529713966
0.5930495201808688,0.6079544110186224,0.606504428340808,0.5811722647627144,0.5479888029040648,0.5218094973269753,0.4952741044990155,0.49619268805625305,0.5246257442028293,0.5272822479031102,0.5253003887605403,0.4742578980227306,0.5140007896016786,0.4861796029847875,0.5554948565842642,0.486013174076616,0.5470820517881662,0.5208429308209633,0.5692056323400375,0.5423047191514447,0.53537111911837,0.5807473566568825,0.5507472575473408,0.5053254380196732,0.5085137345738596,0.5540807184534216,0.5786875734312198,0.5344231385672228,0.5676187407982242,0.5543300034356543,0.5848478436579441,0.4785442052955844
0.5906894245600803,0.6344757565370764,0.5818811660448271,0.6105741721176406,0.5606656567982595,0.550379813592159,0.5040902575745255,0.4717270742635821,0.5066136133268798,0.5110841553082787,0.5324946821751654,0.562535924336648,0.5206969485580717,0.5938210446808785,0.5873592231345508,0.5388338065161076,0.5643840088900939,0.5305049236895039,0.5789370496251366,0.5208673441977641,0.5263323017345422,0.5588916987749967,0.574450604872655,0.4910106697374427,0.5051463378388459,0.5443342489955368,0.5602577123793113,0.5449114130752422,0.5355933871638352,0.5448053313105663,0.5166981770295922,0.5049184639888873
0.5789301985034365,0.634206994547795,0.500936019073342,0.6187186442104986,0.5980087581201395,0.5055828894837402,0.3950767762843918,0.48636660265496645,0.503225602234033,0.44120558925881853,0.43855159926440457,0.5200216622270974,0.5209194369352095,0.490079313780015,0.4556055456061795,0.4607213564981142,0.4122409130080091,0.4801985234880674,0.4615717759529712,0.406556215690499,0.43575644771333477,0.5329041217081454,0.5228827589208439,0.4339035027039569,0.4494072299646631,0.5386287590303116,0.5370356638342504,0.4492397715006642,0.5564377611149469,0.5177878951089618,0.5886320925979588,0.5498909062159095
0.5868730056334445,0.6147924109752132,0.5727720308804372,0.6072920129461044,0.5021422787765338,0.5755862014654526,0.5061402667442697,0.49645351902211216,0.49013388417048304,0.5218160581289223,0.49649873114522897,0.5341345171936259,0.5158424877805872,0.5023663588200142,0.45336015063048,0.503585447335663,0.4440161074430828,0.467312276644562,0.5041491102760394,0.44859616848311695,0.5272256931630406,0.5486809159868746,0.532499526234128,0.49576604550161313,0.5411126147002632,0.5541128911692378,0.5547753958641017,0.40779585522191,0.5680373695171009,0.5165625606862878,0.491744169345452,0.5560084479163062
0.5689859762230073,0.6026298783921558,0.5751898408122036,0.5664240367607571,0.5251855143256534,0.5556661743571245,0.5596157879354228,0.5561617870073804,0.4869719448865902,0.5278984122472188,0.5544462462418811,0.5368961810939933,0.4950328533441209,0.5317082074420747,0.47597189225187325,0.5313602262076985,0.5186039611241249,0.46326051536084545,0.548724527736801,0.48020566337276965,0.5279302149562167,0.5546102858478487,0.5668885472645024,0.5468352515596394,0.5666251208618055,0.544434800795218,0.5584595513562558,0.5513017824604955,0.6225068255647992,0.5259794788995541,0.4780434432523528,0.5083741677934396
0.5539558808785734,0.6127467551219076,0.5589096125887618,0.5757825482182704,0.5605953306426874,0.5671064596645803,0.5409340019629821,0.5655967501974158,0.5283136178711731,0.544598962094487,0.5830593671542055,0.547315509853771,0.5183887371216246,0.5392346243199534,0.5386930796577657,0.5158162256318167,0.5296418955654667,0.5259843253662343,0.5335621213820624,0.5088875281926789,0.5184974038088631,0.5452600630446056,0.5823772024390291,0.5570658799921487,0.5604395554646802,0.5470821066592492,0.5790747243000975,0.5509908422797217,0.5888072684224891,0.5502840190443185,0.5504015767098639,0.4774835126643407
0.5737266793338205,0.6172787898522862,0.5656021389014056,0.5839638652902808,0.5865547583712091,0.5989736638019975,0.5972451096463014,0.537297042842781,0.544061380847523,0.529349869430159,0.5512179178505143,0.5667423598972228,0.5545227563110715,0.5530153296434376,0.5611790753254107,0.5036248725804084,0.4713871653889515,0.5372768098531603,0.5137700856173245,0.5215613207946133,0.5310513524012513,0.4782741009834633,0.5437113054847605,0.561983162332802,0.5164687465797171,0.4921980445550524,0.5789643756559152,0.5785078130065293,0.6192464026515689,0.5473605471779959,0.5503485590711886,0.5072951699666081
0.595725734863989,0.6005935055802776,0.5873036897659496,0.581067714653374,0.5186419236914857,0.5934071500425543,0.5562306485280567,0.4802404142873192,0.5694042489174022,0.539186404198996,0.5773153650348236,0.5817665307230114,0.5410362770646072,0.566184355525402,0.5706097654343169,0.5473433301171675,0.49590735647276085,0.5695240531556808,0.502963139291317,0.5527960893733558,0.5331891368542733,0.4839931672492552,0.5516634597449277,0.5557209436738817,0.5372481096014573,0.5058986454364449,0.5393728762410275,0.5938205657802497,0.6084305103631842,0.5913697788094582,0.5510767504334027,0.5801603171670549
0.6011500292435977,0.5868766087191825,0.5715290907455195,0.5624143798394001,0.5213995245670446,0.567727409378634,0.5330108339954707,0.48094303201087646,0.5938088701073947,0.5728214115092634,0.6049160222011116,0.5518577971244834,0.5009019698414816,0.5872719968516437,0.5847435240086009,0.5682420688291487,0.5115598044991938,0.5696910494792112,0.5697110618656662,0.570252032696853,0.5363265821462467,0.5436737513772788,0.5444734750207108,0.559086939226709,0.571447192189266,0.5370628609801817,0.5472016950570237,0.6131167747495262,0.5864291914879751,0.5361835593560724,0.529761975128005,0.5581798457274588
0.5642134971840521,0.5837733202148288,0.5265058585228566,0.5506704296308604,0.5234997334474516,0.5121524438146906,0.49248602740121084,0.49845918136564943,0.5275504680274488,0.5437426534001691,0.5396718078932305,0.5339878485913893,0.5487483673759536,0.5331750753487545,0.577414531329698,0.5469071180811947,0.5382535034475963,0.5627443456635841,0.5478446165918185,0.5249823682560558,0.5344094634819802,0.5329088121971662,0.5462778549774305,0.49947281895800966,0.47013398751389335,0.5579918951790911,0.5317245613617155,0.5676031073032964,0.5348493363429357,0.4764397975509948,0.4861266102772988,0.5205191597310974
0.5708361973800662,0.6243813496007032,0.4764517444399261,0.5442396961328042,0.5293345898209502,0.4486034400963116,0.44732175184097633,0.5181254931006973,0.4801595561452145,0.471730716147885,0.486524212567664,0.437523468020283,0.507762834235445,0.4676056834777937,0.5300434036779489,0.47926154164804996,0.5214532239427663,0.5297746550828596,0.49493011133799153,0.47983842463067966,0.49899798310008786,0.5536494966850666,0.4672565603501557,0.4623699298726589,0.48524334468754565,0.5366535755773911,0.5223746217478672,0.5024591510787428,0.5363487303204438,0.5008368661630705,0.447381240683118,0.5311799565780193
0.5937099992783987,0.5700673274051382,0.5358079457117403,0.5472537157242907,0.5699752997527442,0.5038830739990754,0.4978494831544713,0.563931402749455,0.522196304651911,0.5129350651888943,0.5548217219202205,0.5495929249867705,0.45214840237841053,0.5202087767500678,0.5524729004230426,0.523577588023106,0.579246764880909,0.546686039927005,0.5642927195374727,0.5188356207102721,0.5387058284055524,0.5754093681935638,0.5773906577352318,0.5542312829760893,0.548006377011026,0.5647953964076599,0.5765803961676944,0.5937325437868957,0.6131444337247927,0.5951774440458111,0.5216312298866407,0.5691436775375708
0.6185296542550708,0.5866921452087692,0.5692614907349992,0.540944259016555,0.5893637035509981,0.49236865094661403,0.4840885352794992,0.5583266295771733,0.5338716981100021,0.5473080376154713,0.54724421426492,0.5721353598107206,0.46011372474365436,0.5271543184235415,0.5424767935799096,0.5121867356970548,0.5599180498644759,0.5454980627156635,0.5982608510680106,0.5172416006316592,0.5645393442218388,0.5797383317192907,0.5718618769286163,0.5680958593106487,0.5778334038993229,0.5548741953628402,0.5568369277022619,0.5658644459189673,0.620480782170013,0.568761022534717,0.594925790548162,0.5362411358719561
0.628649785453101,0.5751039653782226,0.53559546657195,0.5317640309511611,0.5662529804422215,0.478367856252565,0.46471834936260675,0.5483714025587503,0.5767527873252841,0.4998391268244231,0.5606123002251616,0.5492927168157783,0.4903744125703464,0.5605722681613796,0.5404316171682104,0.5180571451313953,0.5317625076404351,0.5569413131040581,0.5872390276548651,0.5313284433133592,0.5457271755250054,0.5203987229681114,0.5767550472870494,0.5314478036878969,0.5417463026252562,0.5156526645143066,0.5975922256235516,0.560290475917836,0.6148012947129442,0.5269505450382739,0.5208081262871822,0.5314723778368184
0.6151172523709076,0.6043787094461593,0.5175842985107258,0.575478278750078,0.5419944817601923,0.5043268194148246,0.4993256049616024,0.5591498798542416,0.5705120606497581,0.5381414344129536,0.4782706387238093,0.5141824010155894,0.4746416174617598,0.5411140240225943,0.518221785391459,0.4816295432135265,0.5263893015051295,0.5451025007468469,0.5309732754163501,0.5572389954848178,0.5214612396681622,0.5094791519302719,0.5336091842667448,0.5199631648458708,0.5355126741415995,0.5231521053491078,0.5640594800878501,0.5416403868100006,0.5890149507206954,0.5320128569854347,0.5560148216631996,0.5899830198373219
0.6043981836717747,0.5100476154279917,0.5443809236142075,0.49827930442972523,0.5449180986001211,0.5631099542792982,0.5436674384337011,0.537696673859902,0.5597473236146654,0.5558073146827274,0.47110699462172867,0.4977432222279466,0.44432714120021155,0.5643605468588283,0.5497014562958142,0.5352938987123127,0.5405888435122258,0.5229168094783583,0.5437997613991984,0.5331378241433684,0.5211375046831367,0.5300188458904515,0.505717312675739,0.5360964712675181,0.5745206994586919,0.5189300115460114,0.5508248499986858,0.5331802693217949,0.601012841546439,0.5502951584740317,0.5867053991468758,0.5439304644627928
0.6110865288676675,0.5679301713558254,0.5388976425446772,0.52295950182287,0.522475001497602,0.5842416350341453,0.5756013727281091,0.5584969066998147,0.5210945816688959,0.5369282476686279,0.5248085971206277,0.495243504018748,0.5507950728985376,0.5413265988743097,0.5855354188277356,0.5559637597592685,0.5532653132234043,0.5289964173981037,0.5083451478520022,0.5366313023347089,0.5502754582400132,0.5179820232486335,0.5238572255125287,0.5703765277815835,0.6134060746563437,0.5743208647363853,0.6205525849887575,0.5688638460599739,0.5817737367139555,0.6040848089621813,0.5862413863657016,0.5414438930754738
0.6268467832466079,0.6044959490933038,0.49775617062002125,0.5759619705441731,0.5654713904017591,0.5684743538697461,0.570257832059213,0.5950471890937513,0.5392655710962101,0.5494929761456867,0.5460997270375283,0.4962178042667884,0.5491678779307355,0.5643766047291262,0.5586897190314557,0.5503107722569291,0.5670011870083036,0.5573527140132832,0.5160384158692649,0.5599020338225925,0.5117928353705541,0.5468206763186011,0.5753475489081751,0.5067492648896776,0.5512385208057963,0.5280943354268386,0.5942803001592981,0.5823114850140302,0.6135985247719051,0.5653485419253093,0.5628018018185242,0.5665225741486776
0.5991476169327409,0.6078055317926108,0.524869309795333,0.5965829736513238,0.5259825485768863,0.5317137583083152,0.5330300614984914,0.5408632177205271,0.504963042791436,0.5553868973701706,0.5253982198454671,0.5042915448552867,0.5224755969484173,0.5351329102218699,0.5490141675518735,0.5008745223480873,0.5151115567870415,0.5396670460689251,0.5295735099033194,0.5638275227546609,0.5815252230175444,0.553780464337135,0.5892282444165652,0.5513760409424833,0.49503227140987116,0.5342987722942459,0.5399303838664781,0.5772663710811131,0.5761032114789729,0.5491784068778064,0.545896599559927,0.5533681186591111
0.5815813300030318,0.5931001900041192,0.5668371945883165,0.560997556090983,0.4880442886452061,0.5831462853456169,0.5404300058976954,0.5231166060497873,0.5314826532268501,0.5560595841427237,0.5315744492561377,0.574312392401499,0.542697485970598,0.5507896053071507,0.5388145336682235,0.5462976246325377,0.5561571764918789,0.5348779254525119,0.5467181219310314,0.5616117965821377,0.5654941679647888,0.5389075414670761,0.5274707015344865,0.5449284660427829,0.5181394715963636,0.5222956410499197,0.5757997068691366,0.5552620885155618,0.5512948878707296,0.5219450538005075,0.5855607318739652,0.558730933632846
0.5824670528521908,0.5943301202796083,0.6054649597578414,0.5722022464772935,0.5612723316604554,0.5959998372476693,0.529040894367362,0.5268238378353146,0.5520618467738437,0.5799753456963662,0.5339797357829581,0.5552173288265629,0.48338921672305524,0.5395997735056773,0.5619501165793904,0.5834796239232093,0.567042497108991,0.5539638564840869,0.5260071306744344,0.5520762056748316,0.528182676457179,0.5463970895508584,0.5526358938260056,0.5770653962796163,0.5880491665442616,0.5097290121855399,0.5928229264131744,0.5573777622386179,0.5571525302649166,0.5730232038702439,0.5933329568319332,0.5044773615172186
0.5527386632134482,0.6048071351433082,0.595480968089542,0.567155367392011,0.5531463751715884,0.5812292643559599,0.5019689652568364,0.49721163337884317,0.5261304832673296,0.5934312538148159,0.5152264064506638,0.5513310284866418,0.5521341553539096,0.5211092585880308,0.48033695429121326,0.5537459049068867,0.5391990405830948,0.5788534325003006,0.5721819246399718,0.5180065725918843,0.5335671025048252,0.5366763140769899,0.559834088827685,0.5565288117950667,0.5619825762077304,0.5472824103865591,0.5580923141211362,0.5912183675282819,0.5141358886003864,0.563237340105526,0.5634572845010187,0.5105668580768771
0.578256300051425,0.6078319583854994,0.6014941570114334,0.5487374544343471,0.5462967013032103,0.5626112969152212,0.5026763185329167,0.4787287470941667,0.48345009046581816,0.54311059105603,0.5169431409986281,0.5228307849718351,0.5281855846284713,0.4818380868927383,0.5080361000985967,0.5144717404058617,0.5146378652443828,0.5137473764257482,0.5721116987568241,0.5223068061399471,0.5431303629025354,0.5394973386835564,0.5882900153390215,0.5198575168631427,0.5260048650141483,0.5136907817963243,0.5480487816917997,0.5103497320007524,0.5630297001768433,0.5344502944337832,0.5769580409595283,0.5127213589308898
0.5956348672741412,0.6129478190128214,0.553038744723514,0.5653430963437701,0.5472339318908395,0.5691922883786311,0.5593692699999946,0.472611249791806,0.4970338695220463,0.591374990396515,0.5337667540354097,0.5195289717290136,0.5193241991880092,0.5459375869682402,0.5437016943789353,0.5177222028250511,0.48928377999123585,0.5079294694867892,0.5359053081630142,0.5249103636477297,0.5497547183013333,0.537080791334548,0.5293051830408279,0.5020393844182656,0.4232691936201857,0.4711809231609391,0.49924889982723564,0.5146644000731563,0.5679664889742934,0.5417177909789546,0.5482664438690251,0.5468767621579929
0.5951235052735425,0.5979644217547735,0.5725816537332498,0.5655559272395073,0.5541862743122484,0.5448818551125941,0.556729420869103,0.5852479020914316,0.5510116286669452,0.5727360224972924,0.5064163930034288,0.5409940338567921,0.46000269836051005,0.570199092939296,0.5253101557104981,0.5765064030998465,0.5242663110771828,0.5477648785906042,0.5736971082479931,0.5349015721737048,0.5285744508111146,0.5359221464526729,0.519689874438678,0.547547137725872,0.5244436657136451,0.5506471179526623,0.5617836078836184,0.6302688260477246,0.5873728860610027,0.5772224424193834,0.6191108065972065,0.5549387734419828
0.5915008711072989,0.5750206793326085,0.5642419803886736,0.6012282383681163,0.5709633750022968,0.5495973779353572,0.5569625279482445,0.5727631186960884,0.5740305227097996,0.5630214957824055,0.5418333820678867,0.5649152889545267,0.4553324072031142,0.5624030696081774,0.5641695298664178,0.5963171547858507,0.5560523609794837,0.5637111458209939,0.6002403695761241,0.5769849680643265,0.5389775266607557,0.5290973900019462,0.5896686470020337,0.5666630334508256,0.5567915675125051,0.5868194883774717,0.5671501349822756,0.6126497268007572,0.5793625508702572,0.6184371251801359,0.5759276465841174,0.5131167773942659
0.5563475789873193,0.6106388668244703,0.4731335222546632,0.5460992619163094,0.5589304652358414,0.5211632044243225,0.542935405760326,0.6053469953258094,0.5498747398468389,0.5598983846874407,0.5274150281919386,0.5911212838700096,0.5110374208651622,0.5707243300825474,0.5145987164710439,0.5417228899580159,0.5025050152185677,0.5582178551764061,0.5598564328649921,0.5268632153033432,0.5455646688447842,0.5253517648029097,0.5193239648909832,0.5188087022106117,0.4830835721701945,0.45959061292792486,0.5072043608886836,0.588209793783723,0.549950418258223,0.6024488879295592,0.5080016437475787,0.501045499442767
0.5771108702385035,0.5934466695776149,0.4276761632937539,0.5867013093416624,0.5602758195714245,0.39973443339917936,0.539529913102721,0.5307101257588412,0.5530619874771059,0.5544814032830375,0.539390341074905,0.5308705037584163,0.5156770583875426,0.5249450780146858,0.5157476325348199,0.5106754341513201,0.469637395951036,0.4978755284840453,0.5534135631858508,0.5130033998573756,0.5106629758576908,0.4788499006223316,0.5312344953971978,0.455912441318065,0.49458466528356115,0.385782559377819,0.5136244186134713,0.598791304369978,0.5914631396314276,0.6023886191298561,0.4965424105054099,0.547522419438609
0.5965765167568595,0.6355325248674055,0.4322868261709554,0.5918934468547724,0.5393413189352452,0.41716857218282044,0.5811254198852138,0.5015612851112724,0.4536319856353676,0.545976394842104,0.591300533004723,0.5001436568323128,0.43242091809669264,0.555858779971563,0.5647815333873875,0.5742450979513818,0.5037866904893807,0.5430023126713113,0.5367602109313347,0.5265674567044978,0.5351211319931918,0.5084460866527254,0.555833109365423,0.5104632392720811,0.4855927474825092,0.4528170013386552,0.5745909051452572,0.5830893307099687,0.5585786625999831,0.5388956891997624,0.4492117367324525,0.57209245237027
0.6190392084062235,0.6373104558274941,0.5764060583295735,0.5990255653878109,0.529510480320032,0.5191938734365074,0.5418708006686775,0.49589851923549305,0.4123204870274086,0.5604541280711509,0.594386246100348,0.5227221245902923,0.39697596635362636,0.5665199854797853,0.6065636972075217,0.5777832095600869,0.5114643973424856,0.5569503043492827,0.5432135750102458,0.5621821149898314,0.5433270003028909,0.5553839603886513,0.5287814266608469,0.5150092696347356,0.5632755683673408,0.5060644533606881,0.5616985983267566,0.5906129159696493,0.5831528677790766,0.4797173214333746,0.531336158181829,0.5174954912750981
0.6403381602285493,0.6065351216631952,0.6339388341764789,0.6057243655887863,0.5400517860507641,0.5240930952301119,0.5460894912439817,0.5579345441347117,0.5409523291694978,0.5477749606790998,0.5733598493149099,0.5705145384397162,0.5232166223851695,0.5791853188308854,0.6021949609174472,0.5837881284228243,0.5668890583464196,0.5817729901497374,0.5622288022259555,0.5493481521711817,0.4830450360750305,0.4719402937681331,0.520325308593979,0.5187131311781583,0.5647493406591366,0.5028013895530996,0.5116093228656631,0.6106088997096307,0.5875777315063405,0.5525511422901016,0.5413226939551286,0.5276035701282865
0.6302110404451007,0.6100669352937845,0.6429207844029081,0.5748501199886235,0.5826474078097026,0.43191607890292016,0.5716312246798337,0.5774714206827483,0.5506029118283386,0.56947823048629,0.6071992609441998,0.5432053339513916,0.5245633153961078,0.5475894644555188,0.5977917508630812,0.5615013494484579,0.5976724233078451,0.5492408438059078,0.5460458282667922,0.5577058667261305,0.4877689115260137,0.5171751333650517,0.5448115975612061,0.59160346342882,0.5586729681362067,0.5156246731684567,0.5528400863788965,0.6244838901102935,0.5564892241223778,0.5842625900567853,0.5469098994291416,0.5459971328239258
0.6221855681907679,0.5963936519363692,0.5909492325932644,0.5405198462934788,0.5564735282137322,0.5081468798974507,0.5756561583382548,0.4275850639763906,0.5061790837099951,0.5661394913023552,0.5807981545130199,0.5302473980879717,0.4990865086370559,0.5540996061618899,0.5460020825667125,0.49708966335931987,0.5557246698780949,0.5533615187383975,0.5367013168102445,0.5461088292140105,0.5504403850839089,0.5376123387354158,0.539644666276385,0.5308596105572962,0.49960137404447336,0.43841908063605445,0.5969260124062957,0.5517455726722318,0.5661997907040028,0.5334055211681131,0.5816983660348636,0.5490785619712579
0.5768572588377975,0.6187313740186917,0.5659351564559956,0.5238900174314104,0.5370456132180254,0.5533057340459427,0.5635801142373318,0.4137090934554509,0.5082754018524839,0.5377268577224297,0.5547204080759857,0.5666501546624048,0.5360034700645635,0.5660865879530164,0.5563802870772743,0.545223778237368,0.5694256524639707,0.47425747030083826,0.4788498242634967,0.5313935300185942,0.5602331822262651,0.4962171042353895,0.5099370267248868,0.4957159923742247,0.49280781796744255,0.3494144319689665,0.5697681593994407,0.5405898577098658,0.5550980561884613,0.5275317500652459,0.569777918781867,0.5329483649732762
0.5536315710521151,0.5909929964026008,0.5850967828469043,0.5279020533110538,0.5586265413308512,0.5204904528478599,0.49743633244055796,0.43953756006723305,0.5672019265774119,0.5625462176391387,0.5303623597176792,0.5597528775236832,0.5761755039744411,0.555638623989694,0.5129721754732227,0.5439196549245137,0.515213931513314,0.4791981239313835,0.5234217280156093,0.5188832593300293,0.5001504094781682,0.483471684914539,0.5360158725945491,0.5324830217904648,0.5041150031188574,0.4169957147599009,0.5178984105792109,0.5593797440301604,0.5647944634138742,0.53804599485625,0.5336467415945019,0.4871310309577748
0.5696862116656594,0.555893563442955,0.5373125817571953,0.5395095843765751,0.5638266235467497,0.5270255151996515,0.45868161210010955,0.543867968944291,0.524920855120785,0.5326084773434182,0.5315821942934595,0.5283598286699707,0.5216133960237116,0.5404490448510808,0.517980867377208,0.5233150624917787,0.5029792531506233,0.5058812379205266,0.5362881581190196,0.5109837452827054,0.4651894985252839,0.5154445696222851,0.5339227486090681,0.4912742522350842,0.5425756734310093,0.5180112834268652,0.5101203222203546,0.5567717766266208,0.5784269344341075,0.5014351808307428,0.4960487628857703,0.5467032948755809
0.6248955900882985,0.5893612495834848,0.550862537130638,0.5758959183805974,0.5618219415450156,0.5625151810944252,0.4753618044789599,0.498801872932651,0.4989223368362306,0.49132226608184243,0.525397120923784,0.5440836805272076,0.49672829906783256,0.4942075115928718,0.5566933629011898,0.4715169291096452,0.5090498544721693,0.5258958766869889,0.4936893415230035,0.5234235314730172,0.4920651183802205,0.5091545368075607,0.5371243258744717,0.5385874647504105,0.5452712154964378,0.49674745705306955,0.5177550747435838,0.5555641491828669,0.6287167032882888,0.5649270806536895,0.5002670372054963,0.5304274680075857
0.5982239227956576,0.584718393510074,0.5745337220729468,0.5795362500427035,0.48681623096522636,0.5557998534146247,0.5430738660156357,0.46401599090650253,0.46484795651282707,0.5107853815075897,0.5560675878793253,0.5696735564950609,0.46955550017706643,0.5259818451040025,0.5651652537500769,0.5102135483741718,0.5495064122210734,0.550557323133763,0.5511648900102922,0.5858234302897507,0.47416305122654095,0.5224283080485214,0.5757200225501138,0.5931673221066555,0.5427170670668957,0.4798898624425413,0.5352229113490475,0.5504019286021736,0.6234871746206634,0.5846709563909539,0.5124148910049418,0.47499389834317424
0.5998168851786612,0.6343852845301352,0.6133716869385996,0.5796311728184517,0.5377169961977111,0.5153232050248454,0.520263170530177,0.4800781732939226,0.5310737845959381,0.5170927017936109,0.5558369542511962,0.5840179983166967,0.5056541040182722,0.5607863536650971,0.573725248060352,0.5878808756516352,0.5825610622126012,0.5383481642823105,0.5289754231702558,0.5716006780761277,0.4406266250070231,0.5535858991505176,0.5544971399680594,0.5838861671848052,0.533047832228328,0.47666576341000183,0.5885912780607219,0.5859730754420127,0.6119014535512227,0.5695766132466425,0.5279313040113094,0.4964922710997045
0.6326692615971441,0.6197000683411914,0.6080120015177918,0.6289635395496803,0.5859772135071776,0.5500982054843399,0.4971409484378172,0.5237925481585844,0.5088057811022152,0.5070720754544951,0.5459672821038627,0.5369674165059061,0.5006898386630084,0.5356179977167698,0.5157746589094048,0.541243649894866,0.5528406042638074,0.48240646682020466,0.5071759846784412,0.5727658355105749,0.45349790556681135,0.5581334885234305,0.5550460922453574,0.5130042233715094,0.5454124342019168,0.4922338549862071,0.5976026198303973,0.5526405891797184,0.5539390472651214,0.5618001722528136,0.5648305236790004,0.5757383263859446
0.5871138143937236,0.5658901692000952,0.5789327206465751,0.6153039986271912,0.5570693998822007,0.5366353909719278,0.4811261250767994,0.5064985565581303,0.4733616998877017,0.5926722531713379,0.5219305832430187,0.5121735805903974,0.49701236205059085,0.5278405931025852,0.518344456180018,0.4899023688011079,0.5504749564647619,0.5041257049212589,0.5517990321361593,0.5758616326010021,0.4852855833910689,0.5372143622247163,0.5871751375936562,0.5666330944067173,0.5868342190855094,0.5119991032669738,0.5279848381309403,0.5331626224239852,0.5514673865704613,0.5756039473075311,0.5179558497559336,0.5071467899980846
0.5595433057841207,0.5885384586191925,0.575022823009325,0.5958124158269,0.5209845785301512,0.5153552269075303,0.531884971188472,0.5582419130311534,0.5256488433025396,0.5840614496814763,0.5235195825858433,0.5360903308097021,0.5211290921357153,0.5476695819861159,0.5572794120423377,0.4990530368847271,0.5449505102027946,0.546567176139006,0.5082698698706104,0.5553105911399023,0.5363672872897745,0.5382488371464564,0.5415024462621578,0.5032558394155615,0.4982820166431147,0.5085811276416463,0.5468921222407759,0.49754974520521184,0.5736170936675159,0.5795819025975261,0.5007924113467657,0.5439454746443616
0.5718490804668033,0.5767975433265238,0.5991087971718987,0.5973348666752732,0.537244501328284,0.5373080076057903,0.5585364570157468,0.5393537073805288,0.5569655811549512,0.6058382288024597,0.5450221534433686,0.5497645277022456,0.491026065715053,0.5364011190526098,0.536331103576919,0.5478121922048986,0.572930805398214,0.5575822511221546,0.5174859718885272,0.5427383198786824,0.5350592529094728,0.5124771518044637,0.545059861887768,0.5674762508138371,0.5419238485925072,0.49993057436092364,0.5839006889746393,0.5652822720966327,0.5951756552061063,0.5703300441963357,0.50839002537227,0.5417657602361923
0.5915843908337544,0.5989599655002442,0.5612732285641324,0.5759426812228515,0.5521246196209101,0.5188371000187095,0.4622714526572406,0.43085361272928757,0.4661835942799475,0.5018692260421795,0.4932695191287928,0.49915396146340063,0.48420510539385075,0.47628529851381446,0.5546844640992354,0.5534726062227016,0.5558518939211174,0.5502172225117841,0.5556787075832292,0.4989348772444691,0.5416357210558777,0.4652555780875143,0.547044379903628,0.5731388674619579,0.5627665118446428,0.544894176110063,0.601837670461881,0.5783632536353746,0.5976324486846043,0.5678468892626477,0.5776088147573858,0.48468930854430203
0.5969528081759651,0.616503359382605,0.5123115081404152,0.5591475303852187,0.5454697077684322,0.5185215939006301,0.3956242431470731,0.47185942367605727,0.40189741040742566,0.46566201179426914,0.4405840623818216,0.4971451953198272,0.4557006188733226,0.4938328614428787,0.5321255103918465,0.5336028472965517,0.5375583870124807,0.5483997128007473,0.5365066915037853,0.5182293594365646,0.40890962333918307,0.5555844887039264,0.5419363635262385,0.5417972384430886,0.5200212884269126,0.5577872995854243,0.5754682565708557,0.5483726963612424,0.6061358035703156,0.5339455194335708,0.5205469666699865,0.5503930174566323
0.6216328863392576,0.597053858575296,0.5938255585138514,0.5608901780367729,0.553729422738812,0.5501938766938038,0.5303555384376046,0.5324288702575065,0.4427619509415121,0.5593998596227833,0.5605138571471071,0.569249059912526,0.44976435027909906,0.5376423078740163,0.5550768901079882,0.5681947806380145,0.5004829329915353,0.5390896687239594,0.530641419439629,0.5691143822184901,0.31258690756573676,0.5699145401359973,0.5538935627762879,0.5181393665765531,0.566243959269933,0.5472686149367451,0.6009896390236678,0.5813360653393196,0.5718876314405571,0.5612680956405024,0.5442801239126237,0.583584978048419
0.6323875187618251,0.5850558976382042,0.6157035378615311,0.5519597553456722,0.5873324291459555,0.530887923875886,0.559272157128976,0.5687080511691297,0.46061409441091244,0.566086503829748,0.5633244692116669,0.5702130716857373,0.5647308886021931,0.5591202068564766,0.5311129788708008,0.5229218064427025,0.5325871155475034,0.5611024331818896,0.5299010930516287,0.5544330954128307,0.45748557961085,0.5031707499219059,0.5637122636878357,0.5371093516540352,0.5707243654969172,0.5472074966347265,0.5527760622177217,0.5837799423984127,0.5595768721297633,0.5827545710309112,0.5351979872218868,0.5579785521586366
0.6039477075556902,0.6318315305648416,0.5766593494201525,0.557450503798206,0.5510203792260202,0.49455003588039065,0.5121578079611304,0.548300112359405,0.5168767032375206,0.5647585790780557,0.5294944920370206,0.5867696941159387,0.5589200389335868,0.5921466842661978,0.5908521369764136,0.5478752644875825,0.5399338961813085,0.5362869508626847,0.5110174059020725,0.5639270386156394,0.5022809343700766,0.47812131305370464,0.5770048892988306,0.530472277265452,0.5436554682006572,0.517610167604897,0.4995331574678187,0.5582975892824404,0.6244762076111351,0.5046514034905918,0.4898062565419152,0.545575117071034
0.6138417786494517,0.6393749756230704,0.5584429392450475,0.5967644502812397,0.5685972071438128,0.4707850049663222,0.4324965907636773,0.4833487649250076,0.4901052656711264,0.48117828406377927,0.5001929697061045,0.5623021802954848,0.5218689690803646,0.5658012191370636,0.5743545537022094,0.5558577977930932,0.576545479949393,0.5541258938265574,0.5728335519660832,0.5434487635061708,0.44581885257433956,0.4672542376013041,0.565189206221415,0.4153024935326786,0.54485467528247,0.49066208682000717,0.5553604623652842,0.5124547308327827,0.6024256682630517,0.47479980150922857,0.545434118523462,0.44266081944337504
0.651489451754534,0.6426478520735712,0.5806658773391487,0.5990412881638244,0.495257612319141,0.5167270502158404,0.44159051755240575,0.4189403831296728,0.4012640370083426,0.4257586800916913,0.500512256917154,0.5888692552474464,0.5277831662391916,0.5460397597523055,0.5606954101725423,0.5799147215773313,0.5597962835769429,0.5587800168880267,0.5451496540976958,0.5500651535418769,0.5020318374089107,0.5187710741458182,0.5581157588074477,0.5256186090453973,0.6106105550552661,0.538220123270745,0.5903227567803363,0.5496924511059215,0.6231621159839467,0.518547669859901,0.5818538326198065,0.33600332880710965
0.6084142785341905,0.6153849755851342,0.5417596440874414,0.575261680637885,0.48148830200687476,0.5406617800517481,0.5545006872686523,0.40227728573447563,0.48168832127564887,0.5274621941272449,0.4798264714133517,0.5211574615762482,0.5393935051590871,0.5434872206698219,0.5706689856981836,0.5576550692788069,0.5467340982960273,0.5614438134743596,0.5386038973748115,0.5754956459886353,0.5689015289869006,0.5247631316097724,0.589256172881479,0.5303153109876402,0.6038553008715903,0.5277689067627819,0.5936512469080703,0.6057215533572664,0.5915039400561558,0.5758873333754534,0.5894223225965749,0.35438612846066503
0.5768615415643616,0.579274290429214,0.5370268958799385,0.5491711727701464,0.5531492526996766,0.566449812780039,0.5652114543226041,0.4728369939887743,0.5311867343786298,0.6087715388610011,0.48601027717404094,0.5815278704889252,0.5209984904055054,0.5895167691399017,0.5586798964305176,0.5548447544589845,0.5019676095036055,0.5651932479239884,0.5963840652248293,0.5623805118419053,0.5176553945472403,0.5311144892516841,0.5449404721512084,0.5141214818987274,0.5644255834186221,0.507107204878332,0.5928841025614088,0.5707091205207103,0.6030660565624608,0.5904209326047417,0.5693383525610717,0.5371319771410418
0.5822557142080519,0.5676183914629481,0.5898385489578031,0.5853835396843339,0.5501746560307466,0.6031581839689008,0.5547953682785938,0.5646416669551476,0.5390151142144324,0.5570721762074248,0.5155714900187751,0.5626129083345673,0.5226221300287122,0.523698363161847,0.5605614144834298,0.535541847155943,0.5265037454131927,0.5476277732734,0.5601514926677926,0.5164525292266569,0.5030014613103977,0.591350377267519,0.5149565622433363,0.5703018101992401,0.570544858467613,0.5560868763503233,0.594020051102929,0.579435480223625,0.6200736288351654,0.5488135224624869,0.6083091428498144,0.584228706359317
0.5766425145264283,0.5760023267246883,0.5689314559619792,0.5969970319050751,0.5585938154397296,0.5171818363405881,0.5041445753953643,0.5403462107499766,0.5183034921765279,0.5009523534936162,0.5181841805934889,0.5369114773895869,0.4644305482641133,0.5436001799961031,0.5368891021913649,0.5424418789255815,0.5791433019393767,0.5268284115028439,0.5612229945457556,0.5549242010433205,0.5238147695234044,0.5614480424363311,0.5680302472591441,0.4550414776026681,0.5777999785650251,0.5737090795401202,0.578912507941085,0.5985456343036398,0.6320609068096037,0.5824816126724259,0.5856404409643876,0.5460017833210957
0.6084669706303083,0.5629860264020435,0.5588660690448768,0.5943537603114774,0.5410533350166813,0.4862609262401908,0.5720917510037624,0.509396959324015,0.5394505797320704,0.5655027041194114,0.561489540052468,0.5662184417832765,0.44341368095875433,0.5431588603242958,0.5657046900317799,0.5550053602206402,0.6116320352152573,0.5795751566460715,0.546468985264554,0.5444659765372223,0.5167530582207458,0.533792562099124,0.5770972475903967,0.4886517662716686,0.5611548417213259,0.557754211380539,0.5541576549553349,0.5987672194240689,0.6221675248492924,0.5700567180509885,0.5670703783372647,0.5257807557666112
0.5965033643475335,0.5882305034789767,0.49998665677746906,0.5058800813729764,0.545698559256387,0.5106440366944911,0.5220898465423709,0.5329772976657138,0.4951775123996597,0.4714796725681745,0.47872482255960247,0.46279718582212215,0.5121735031663842,0.46923976684270363,0.48615919287507475,0.5059331805242098,0.5456636183024627,0.5378218218921473,0.562879671815116,0.537044278175856,0.5078783538294713,0.5351614873907934,0.5610842737270043,0.5666456938636808,0.5080559171054991,0.5224337151987694,0.5718800926025841,0.5516434624334545,0.5785273394893223,0.5672764028885032,0.5298808897639758,0.5536550806576545
0.5929153870623957,0.5713792547111765,0.5272744836073222,0.548994357786696,0.5158786514073884,0.5118434806015948,0.5233146353367656,0.5857401049654929,0.4841889060761226,0.5088469232426115,0.5089210628262988,0.5007533607326525,0.5203370035979733,0.5057674808516603,0.4886294448628111,0.494952550281613,0.5496990487918237,0.5163868110003462,0.5537393887397515,0.5426008722803627,0.47512714947770196,0.538064166602685,0.5505772782347863,0.5478626344065182,0.5046891872336257,0.5260623967230962,0.5862269063484248,0.5898902355596408,0.6179445924386803,0.5561465737014115,0.578957704228532,0.5521808094479047
0.6090857825312431,0.5468125906918132,0.5016671276386483,0.5263593748628468,0.5141377574725035,0.5368621852950681,0.5008171999391515,0.552771821874968,0.5561438910034527,0.5640146906251907,0.5709456841739234,0.536045933961314,0.4865834426941244,0.5226466297950999,0.5424989323476211,0.5480731803768304,0.548880726063682,0.5309811803791341,0.5084175847380568,0.5465209907113024,0.5054582419477266,0.5112532150729662,0.5117660691157002,0.5107837906383309,0.5207957960858406,0.5284825832941605,0.5851384661656415,0.5672843109890748,0.6018741479425915,0.5491832025109766,0.574452008711867,0.5315096403931049
0.630471275972953,0.5601585484285472,0.5138102956330126,0.5434377216989156,0.5389226373061292,0.5407074924091628,0.5204200069458805,0.5170273189006076,0.5533909839738415,0.5205315531846461,0.495434580927785,0.5188979773043558,0.4576863064681561,0.5010095940283342,0.48896479125699344,0.5076729595808169,0.5062470517716635,0.5225654371366988,0.47828333590857747,0.4369718064795073,0.47792816850396347,0.4880134973423996,0.4730418738056457,0.46857370040057783,0.48905182421643006,0.5120141728515827,0.5809209662909511,0.5704560024882877,0.596005889255251,0.5075545340216795,0.5158224337332294,0.5399573463506887
0.5683449832875335,0.6105605895506713,0.49883542309466267,0.5646290529029366,0.539326210494113,0.5209671360321776,0.49537378607659205,0.4618300672569709,0.4779056940265788,0.5080600078064077,0.46211588531674724,0.5077999028494538,0.4749773440935183,0.5099865375578674,0.47285582856877456,0.4683124798445877,0.5057111176735511,0.5021223486376889,0.4559202001440483,0.4331234251230131,0.4406354718527017,0.4902063365632549,0.4748756715805946,0.46784104116217035,0.45609408306651367,0.49343182312125333,0.5429586137572668,0.5674549170674976,0.5746116211115149,0.5139765413501549,0.5050370103459213,0.5464174835846899
0.5689372868232063,0.6203937633034826,0.5713169599086205,0.594655439107995,0.5391279326839835,0.5491982267952756,0.5221455285374231,0.4924979971822084,0.4608886704800521,0.5147403294967936,0.5578898699787781,0.5623907349694279,0.48625040629173855,0.5840116295517266,0.5121156344262211,0.5076969548079493,0.5073423705770781,0.523181514854239,0.4950912929285331,0.5533074839658334,0.4526230822973895,0.46706353892521424,0.5212426097533607,0.4925069204758799,0.5136358579408259,0.4574450856066151,0.5886276068065548,0.5790367747943853,0.5468248299994437,0.5731003688654924,0.5602200784160938,0.5306282510621704
0.577657006773101,0.5970270873720752,0.6144309053200293,0.6233954657128455,0.5517715850778888,0.5443985500216817,0.5043383998088149,0.5554545079910067,0.5156726889968719,0.5721344021230711,0.5587661859043754,0.555431606596242,0.49916774410864706,0.5911144549947936,0.5685423923352191,0.5394735999783782,0.5363883585256032,0.5623560254457013,0.5572466184702535,0.5192072334007029,0.4874978119404783,0.5206885423790055,0.5611206264492935,0.5178311031815264,0.5347034675555262,0.42727638990407363,0.624549800476211,0.5606692697900619,0.5459229667484001,0.561017042458182,0.5907739931711387,0.5313055701361232
0.5787787066566666,0.5858005669304895,0.5662316613402895,0.584401496286736,0.5216172482316153,0.5261259461489077,0.5067314522333274,0.5522278915355331,0.5162719566745575,0.556900530818836,0.544435736122595,0.5533978516269321,0.5278661376900172,0.5807079530677624,0.5722957165985474,0.5493692291637073,0.5449666677191908,0.5697810137455595,0.5784628530775081,0.5293305512363125,0.532988598342115,0.5320412193429156,0.5682067490328125,0.4840358158927406,0.5546091604516188,0.5203365650256228,0.6036874267502803,0.5777800218335366,0.5772971090308798,0.5215209128827386,0.5814396453772892,0.5187885059208845
0.5946573478382408,0.5811204463288908,0.5989246106971138,0.5350290359765154,0.5289268525180854,0.5720615678367135,0.5749902128410339,0.548145415199553,0.4890684364166148,0.5806349158176596,0.5032547743944236,0.548006377011026,0.47832645637303617,0.5434731985455882,0.5710979468294423,0.568455126561118,0.5314258781639566,0.4878158943519375,0.5119485885106144,0.5094871989706682,0.5253031736006845,0.5132936796344558,0.49298131252064403,0.48752693874334313,0.5615025809479994,0.48494094771251933,0.5397293699483396,0.5817928701616324,0.5951033827667389,0.5368962401916786,0.5484199983077263,0.5485445428277396
0.6312781912306147,0.6152769144140131,0.5941700836948947,0.5695139360196403,0.4880893812871822,0.5828811580226932,0.550558666547175,0.4827567824098109,0.4930231423026828,0.5726371183976368,0.5366779709396737,0.5542727156025954,0.4775063815459997,0.5425287495216773,0.525993845239162,0.5574230717444122,0.5059897469593295,0.5188193397882226,0.5515593495962965,0.5219382523296018,0.5522115109074439,0.5123574687600513,0.414242296469384,0.553396143250735,0.5596157879354228,0.5230551465920996,0.5198133262590782,0.6075118410808593,0.6038928514339685,0.5544955946984576,0.5372768098531603,0.5114527550529577
0.5963469254439948,0.5993429584304995,0.5581038178867809,0.5557941731606272,0.4671983244785173,0.5312270893338537,0.5297365880516887,0.4853328427562625,0.482875740564093,0.55844675650413,0.5632510332021514,0.5603615928177238,0.47081483345122027,0.5441682026218493,0.5342917548709071,0.5331665214389449,0.5475921619338799,0.523899991776678,0.5096576267478656,0.5284491956970035,0.5365151098813017,0.5013678366299231,0.45248941429016304,0.5584435761135566,0.5583428446847325,0.5021706833347607,0.6114349522115125,0.5829426235050319,0.5987216934551458,0.564081188558021,0.4898990237395008,0.48984828268486486
0.5803556964477039,0.5934392488435623,0.577922486834816,0.5862819585732872,0.518748698603318,0.5538949837254902,0.5575700552128631,0.5477767738673974,0.5421401214942967,0.5775768848612438,0.5446185275643967,0.5819475195881386,0.5063522136025816,0.5532344847070242,0.582430150804489,0.5791243408286597,0.5696628130732965,0.5614073679906272,0.5318124644133865,0.5257512739826663,0.49218841879623537,0.5156103218893269,0.49211162733461705,0.5700109675021585,0.5789863911162729,0.49066999299494446,0.615782272391546,0.5608703358355074,0.6047753208426713,0.569929848729914,0.5120033414854405,0.5030429009532853
0.5974550473887995,0.5980203020117473,0.5758606164198414,0.5873651305107151,0.5842730460282073,0.584818918929525,0.5695572601241525,0.547092796205799,0.555716089882221,0.5946319790888308,0.5578280208904992,0.5889981679515306,0.5251407148724118,0.5531890305965295,0.5552489687690823,0.5973514459997832,0.5839760198101955,0.6167742017753713,0.5716420766726453,0.5734370450615596,0.5550259000809774,0.514857887293929,0.5339331987761402,0.5685363242992477,0.5641762214789545,0.5160262298410303,0.5957867075691954,0.5732889977140074,0.6293263124803098,0.5805841351996099,0.5590051008935428,0.5127207488571695
0.5625889966943894,0.5781430051367227,0.5749417584136495,0.5653138090500603,0.5612457801463536,0.5353863885085873,0.579544276394107,0.5274898128559171,0.5813301793768983,0.598589772197217,0.567675030032795,0.5737667004744047,0.5244722162877065,0.5590951624789621,0.506588062619862,0.523392128426641,0.5224301610585514,0.5540597668197276,0.5549656581361834,0.5456640913872219,0.5219495941666255,0.5375650782439735,0.5409350053920279,0.5766424725721994,0.5570686989519612,0.5314368920119125,0.5653743252532923,0.5949596256428124,0.5980892693191018,0.6099774444450246,0.5985226558979592,0.5276240990026698
0.5458128012313771,0.5817747968481553,0.5182327460434212,0.5475591958021003,0.5399494707254268,0.5446885232023068,0.5253849980062754,0.525197286513411,0.5928875338335426,0.5745414381520983,0.5542455141153532,0.5663883718661328,0.5365915836983075,0.5450380599104825,0.5643926755521723,0.546800312699443,0.5562210856285066,0.5482492212783571,0.5792411921305738,0.5415297901099705,0.5407894191869761,0.4939039775905826,0.5435154761955149,0.542956901948784,0.5220603541012027,0.500980424781734,0.568949383475458,0.5555051558175751,0.6012073148610799,0.5555418903293906,0.5324398457605212,0.5276389301820374
0.5612755393537872,0.6290097589122209,0.4873344105969284,0.5810421377166681,0.5461794076390865,0.5716711400191175,0.5095225921172462,0.5057255734803714,0.48984919795396625,0.5569593572690306,0.5204468645502212,0.553791659649434,0.5761324183237514,0.5731727163758994,0.592929676740145,0.527456323314165,0.5203127329812796,0.5797255877113636,0.582366099468334,0.5660232607072267,0.5104828792358371,0.5030458692726069,0.5457850385523011,0.5379301477423756,0.537733076685915,0.4493636373233582,0.5624742939313864,0.5718539305226016,0.6154982422083902,0.5557258868709303,0.5421007034177248,0.5864554866129325
0.5827749334516745,0.6226822918495569,0.5564293805660148,0.6053144250244265,0.5696908921861987,0.5708298838082952,0.4985484697503814,0.5147515274711283,0.4491286990503223,0.5407657936829723,0.5236596680017565,0.5638731589198954,0.5526277341243243,0.5374832595864197,0.551172814376182,0.5078499098121123,0.4465519682106858,0.517091665344637,0.48911061184268906,0.5144985691698272,0.4796418791198524,0.4834266495778762,0.46800682827432283,0.5449037992775178,0.5439320955410314,0.4836945264682438,0.5501214359561621,0.5801248834491806,0.5586545693320779,0.546846419283509,0.5602352173918919,0.5586055636842483
