Fp1,AF3,F7,F3,FC1,FC5,T7,C3,CP1,CP5,P7,P3,Pz,PO3,O1,Oz,O2,PO4,P4,P8,CP6,CP2,C4,T8,FC6,FC2,F4,F8,AF4,Fp2,Fz,Cz
1.3142498366605797,1.3141322435922889,1.2960435835167219,1.2844287937214427,1.1642054859160178,1.3299744596102137,1.257704687892217,1.2181220096342003,1.1793545419934277,1.2475628771987892,1.2290388655920832,1.1727101184600452,1.1724280205239874,1.1858433646789774,1.2410956229479955,1.2155237853717644,1.1988947854107717,1.1808861892727844,1.2134834528238454,1.2708219636307956,1.2476576172451235,1.2157319418540458,1.219870842584756,1.3287284496574077,1.2751170752846872,1.2223855033407565,1.278299037536183,1.2958681020584786,1.342611793661127,1.296995747128807,1.205958089807889,1.2271849102683312
1.3036493431947136,1.2797211480678898,1.3205746209949372,1.259098244026575,1.1450425522698024,1.3338577231603728,1.260768523572184,1.2045203845265016,1.1863270002840403,1.223596503580336,1.229133782225659,1.1820590575851486,1.174017402355855,1.1937188555886926,1.240432692383486,1.2137045334979537,1.210417646986958,1.1963860584580124,1.2165681722537265,1.2722429318422552,1.2458512472113665,1.1957480109396401,1.214819493035025,1.3258507397782664,1.2642263453309226,1.2043419699078042,1.2564486646323043,1.269151443749345,1.3135554773613447,1.2710027251168785,1.173750873198255,1.204935507892355
1.2535904234692694,1.2886099972130558,1.3163079411063505,1.2607590909696542,1.1313841175179091,1.34189226254908,1.2444013249241594,1.1838627021646393,1.1874712024095069,1.2022292961020917,1.2136661621779448,1.1680084307798204,1.1924855892427446,1.1873883979077213,1.2473528223192434,1.2301527039512892,1.2111726237519178,1.183896269009571,1.20583159323321,1.2447176399692073,1.2363503914142484,1.1883199354027398,1.2112414256823631,1.3034367408595957,1.250416880999003,1.1982671208639588,1.2547129504873067,1.2611804040845211,1.315781996553118,1.2960135526607117,1.1788741864355485,1.1866240954802758
1.2665310555590026,1.3089810035416,1.3361818574852302,1.2660605093818613,1.1453049683754204,1.3557705406787328,1.239007290382603,1.1999150978504276,1.203088460124604,1.2372625868692488,1.2172727406707293,1.1738448346329728,1.1966660266733844,1.189067044892817,1.2508620437556806,1.2304437210108832,1.2173765115635526,1.184323007285538,1.2041940410031953,1.2340582590493754,1.220622871818163,1.1839853299474876,1.2021382095177848,1.2874005083706805,1.2496790123237047,1.2008337777910818,1.259733206244066,1.2593593997594454,1.3127349756153428,1.292484525252527,1.1847494103405363,1.1847565389402899
1.280848702234983,1.3161817199355896,1.338919795344818,1.2529635834266226,1.1602491115916527,1.3452087675074405,1.2293806509404726,1.1883336777705396,1.2116664078047406,1.2263191575830137,1.2025237891056246,1.1783618867654972,1.2103607937484677,1.1928231123542674,1.2615716253113196,1.2575097914490585,1.2408641162324345,1.1967218353951954,1.207573880958057,1.2396546584946608,1.2314067737816958,1.196560015662083,1.2202111895368597,1.2907140365251812,1.2805375201425702,1.212481683589457,1.258471131618501,1.241451371395044,1.322444853288746,1.285728808048291,1.2006419321471313,1.1784997713198924
1.2983936101358025,1.311330628575258,1.3304070351165944,1.2625133709469745,1.1680188350821523,1.32118649996568,1.241103511785711,1.1887777019945285,1.2185882236765369,1.2356965525394068,1.2331633533602768,1.1858521374755533,1.2063282502570045,1.2008871800738943,1.2615397555997223,1.250804786604579,1.2438715133770815,1.2025045265318643,1.2156165810060107,1.2700609712949096,1.2567886114840536,1.2113040860589757,1.2359143531261925,1.3191641570763961,1.3035030264203433,1.2225806622588948,1.2702968937390247,1.2634179923323943,1.3249240138720855,1.2831728790199988,1.2057474726282835,1.2010200640655837
1.3017484614427999,1.3091075640597538,1.330242124543727,1.278565375616775,1.202075122789177,1.3116640215244912,1.219293993405982,1.1868983934144848,1.2244634031888777,1.2366640572566872,1.2288304773404546,1.1940246894379598,1.2118634093319742,1.204263803063424,1.2634335334154674,1.267562181411503,1.2612823908534807,1.2105531139541459,1.2154736032251297,1.2644818689252464,1.2575506497232043,1.2164848514763387,1.2472621246878721,1.3051259894937903,1.3203558007082359,1.2291111875134826,1.2704358826199744,1.2647898367913017,1.31893177630499,1.2693904360654007,1.2258991442003897,1.2199750794660937
1.3110653330078927,1.3283568963407286,1.331068940991453,1.2715391672663683,1.1892998289396315,1.3102179619773344,1.2431315725102423,1.2044122797474168,1.2251196137860279,1.2572664259407003,1.2425557768740711,1.1818470259269063,1.1994848690530908,1.1844258716028604,1.238797136410391,1.2516716067391849,1.2585869177859144,1.2093734280054196,1.2162310861749055,1.2632585054744327,1.2547609243344378,1.2193976105583801,1.26084119942696,1.3035986502991639,1.3085920191520735,1.2458516792474168,1.268587549379407,1.2676004639621803,1.2998394293874307,1.2769089587828457,1.226451393132139,1.2341895731908645
1.276689129859641,1.3182450415330695,1.3173062963234925,1.2595763813750287,1.1928999904139463,1.3275607666394824,1.237184877034374,1.1866345334634738,1.2174490795946293,1.2380935742094719,1.2392213202995672,1.1853380619261837,1.1964082994991756,1.175063674073764,1.2390281580627112,1.2528595916893925,1.2580531059549405,1.202934667075179,1.204276338560019,1.2429641133301368,1.2296909879831663,1.1982172973206218,1.2347128552146576,1.2625276433667152,1.2878056646838347,1.232399870134881,1.2413822114654551,1.2211068729363865,1.2674087673358252,1.2496807778574068,1.2151528963246274,1.2258866849831076
1.2809560412928491,1.3202361324372258,1.3330917050287883,1.2584953569994806,1.2099158273597004,1.3217384306697317,1.2459790971087323,1.2177206031350825,1.2156454284241165,1.243418221662376,1.249873055580147,1.1843593500925622,1.1993919360162681,1.1717922094862014,1.2252166181296913,1.2434801050959317,1.2501870102163242,1.1980869180387796,1.2050920216083554,1.233269599487928,1.2287840767614948,1.202321834262547,1.2368807535005182,1.2708319953374028,1.2889435506810598,1.2470284188306908,1.2710655216684068,1.259273198019533,1.2836072608990694,1.2674963776485082,1.2306915020159324,1.2211240594106165
1.2835681245847919,1.3373758623279401,1.3125749615375617,1.2741665177654427,1.1927205041322384,1.3082799429142307,1.2434199543505988,1.1994665289215163,1.2048484208515795,1.2361936153900588,1.2314261680138792,1.183320166699636,1.197421506685241,1.181644259557344,1.2409557967315545,1.2707893989333503,1.2694895107270763,1.2063245527978759,1.2126834309877559,1.248257957712935,1.2415854099392574,1.2089915360360621,1.25890440981326,1.284278072715227,1.3146076364666104,1.2651628194648865,1.3139380771131857,1.2569901992027304,1.2669429152278402,1.2856189835599157,1.233149240636751,1.233703319217146
1.2862449198089154,1.32525716071064,1.3072176331082999,1.2693750142592113,1.2080452705154268,1.3000045113038756,1.2738389119903075,1.1989363826906703,1.2034876706464543,1.2565335018918942,1.252157205112387,1.1842003735218116,1.1734844079728695,1.176724152906274,1.2301712287527873,1.2561762258694318,1.2571533594604505,1.17800529279962,1.1866769465564566,1.2665213389067504,1.2321581487532232,1.1909355396975376,1.2495081079632002,1.2890429689245904,1.330100412175821,1.259702447983217,1.310324726403026,1.2814416235111434,1.2871191201361665,1.2987613493585402,1.255093796631045,1.2409157996650308
1.286069079672311,1.3227569992770043,1.3123052801758228,1.2484143888606607,1.1888048775845919,1.280847822430579,1.2988858914799075,1.2043804082075078,1.1996964159625374,1.2559608166046432,1.2557801012100702,1.1870187178931695,1.174613475185354,1.1778070507392493,1.2266768193587911,1.2580322524491712,1.258410408443534,1.1855188053303942,1.1836100225420636,1.260376249664368,1.2249546702355238,1.181482604592947,1.240033734334158,1.2903502553125121,1.3130099090079788,1.2494521108765275,1.296235531923649,1.2617437748632452,1.2927201971294981,1.266368661043861,1.2442731013535078,1.2416721813849134
1.3167295765205542,1.3039854352240583,1.3092988336538662,1.2615340414401028,1.179015944707387,1.2757776494791284,1.3197565665807476,1.1953426947367936,1.1760331177779002,1.2350676188329144,1.2477277398597764,1.175669331438543,1.1550142973225734,1.1779174271211754,1.2352155727520482,1.2489543334762654,1.2418111237221419,1.1793371024899484,1.1800023546105847,1.254358542296715,1.2324052289439447,1.1963571704890057,1.252171604313437,1.290042684886399,1.3145474201229725,1.2403752916975803,1.2952775886610461,1.262429767225984,1.2822351549114648,1.2704680097142378,1.2355321687821479,1.240339470826695
1.273185493190019,1.268981747385005,1.278877711233496,1.2686569236667269,1.178491247676906,1.279909169375679,1.3240122647473176,1.1939950898372993,1.1665539424135825,1.2570394360182635,1.26505864799588,1.182253460859712,1.1564442664182863,1.1862557202588826,1.246949064156478,1.2630590938306916,1.2490139875831763,1.18053815578112,1.1874478540177464,1.2675530441615126,1.2382073510932399,1.191037133247847,1.2383865950161599,1.2996846881396142,1.2794654614713388,1.201423139455736,1.260698934870721,1.2613097370488542,1.2625613187601192,1.2601741545124931,1.202689240350421,1.2139172477483928
1.254210491433168,1.2940625261616132,1.2963764700438256,1.2484984853533039,1.160241357043758,1.2790246838064399,1.3169150630296746,1.2039423112371046,1.1633683022456707,1.2456000717575726,1.2490290717471733,1.1792639558800215,1.1703314159801739,1.1837937223116122,1.2357317000601309,1.2481889081129436,1.2372400037847864,1.197939375704818,1.184659644392131,1.261742399693889,1.2186964123768165,1.1848776743055482,1.2159291771749507,1.2883083080299969,1.280695748272111,1.194357535593037,1.2550179304573619,1.2561931580187495,1.2636782909651798,1.2668624412570013,1.1940201863709685,1.2260170964376385
1.2402636972024124,1.2918181988086463,1.2947506442619003,1.2194589366600441,1.1610554264325437,1.2548508326961718,1.3064364762591971,1.1919933169622428,1.1651559180727737,1.2459552210995046,1.2595017470332355,1.1921938386495816,1.1746740270929925,1.1911419432270587,1.2320329859657402,1.2340038903368582,1.2138597518987613,1.1850908117566676,1.1813734996236998,1.2503872092648065,1.2184190270435094,1.18587896577438,1.2040506192259515,1.2655381776864558,1.2602838029582095,1.180926801348921,1.2387607711947324,1.2391330807367695,1.2565995848437939,1.250026677366197,1.176739906176125,1.2238859222419887
1.2593602345336516,1.2654633657840655,1.2720431617937442,1.2267921828321258,1.1651020010429518,1.2666292965931774,1.289837994326472,1.185362549499087,1.17663034906615,1.2402775744389714,1.2300298138848322,1.2012445996260548,1.1664628483813557,1.1868523110685074,1.224512021481654,1.223302592721194,1.1932540351942067,1.1561266225400393,1.160370489102356,1.2385426061791507,1.2093173337853083,1.1745011941844046,1.1987827679524239,1.259405296969046,1.2727344084091925,1.196902956181298,1.2580826244885972,1.2383989397216384,1.3053173315517286,1.257769963882017,1.1964400020010721,1.2094984599700218
1.2877828985665536,1.2745130615193287,1.285799155223856,1.2298502382031629,1.1663382755375185,1.2608509622120974,1.2885228662590305,1.167770930276693,1.1656380194690044,1.223867277628329,1.2334608461242202,1.181766842272794,1.1629161793323135,1.1774172482746497,1.207119989963917,1.2147818316471677,1.19432070127947,1.1545857564529036,1.1634520343378412,1.2510745185949705,1.2261023501439563,1.174009254283051,1.2082900248648696,1.284468153172057,1.2870754647567566,1.2007758428692188,1.260731306998906,1.264277671614385,1.3245599476553616,1.2702365155890172,1.2049509437187969,1.2352001612397085
1.2733537984010892,1.2576732629275873,1.3007948161245528,1.244188235830159,1.1687696829862395,1.2597255042085131,1.3157419259086178,1.2011121107500013,1.1729484809115354,1.240062884020525,1.2478133865068837,1.1915769903556992,1.1660683562252119,1.1844843327854946,1.2055429140213547,1.2143430355682674,1.1918358289073696,1.1597479298213031,1.159905955729356,1.2465419257406618,1.2211648516584548,1.1628765098952656,1.1852194684421722,1.267152347667377,1.2607135726073562,1.187290730415004,1.2387471947821727,1.2372421902632171,1.3020816419829744,1.248576963935377,1.1959906086831222,1.206318406922688
1.2541479741074768,1.2516105702689362,1.278226023191866,1.2398309397023464,1.1635049253584226,1.2625372711007867,1.2929064233534362,1.1836715454635909,1.168885402385674,1.2078595611611407,1.2114390789608909,1.1805689731834643,1.1737688795152077,1.1753828927253227,1.1942612558776384,1.1960224123718162,1.1777355836219565,1.1756187452188915,1.170177437242121,1.2565775519692912,1.2278053079614786,1.1672677277668386,1.1861656609648932,1.2580302920082531,1.2516504906169217,1.1731850320689265,1.2264713851311975,1.2441239648541669,1.2930003179012626,1.2309455926146406,1.1850867831326328,1.2064711742360312
1.2364205590941697,1.2278337139680342,1.2751251793327436,1.2283380211188413,1.1609219356887825,1.2602102875126113,1.2758826921924622,1.1837491024046505,1.1632615431217428,1.21732873679069,1.2170828058973846,1.1827331954597826,1.1795784851707583,1.1843367880844313,1.2122371329390333,1.2130182865092012,1.1972350457119123,1.1915590218693488,1.1854708288761642,1.2415579739563603,1.2203454212404248,1.1829541718862313,1.1828872176033787,1.2609404214573905,1.24037937412322,1.1714768870682313,1.1957668037885534,1.2096118243678242,1.2777197884784244,1.1955303211217525,1.161952692564041,1.2087373107133008
1.250589916303425,1.214249348133905,1.270040154928784,1.2222960369522275,1.166335675509483,1.2637328183654102,1.2689571690669261,1.1985654662625134,1.1701586761160874,1.2315141210264307,1.2363372652371978,1.1914951876115432,1.1860569377803467,1.1883151739533073,1.2135288908252797,1.2154792597037276,1.1930156579022546,1.1927700227668847,1.1766788912589248,1.2365104654723722,1.2155209293531206,1.1699268101847622,1.169383103201149,1.265419362188806,1.2586019576328311,1.1812415501027642,1.2076336028790435,1.232656837831315,1.282847775302,1.2153857755199764,1.1681280050995881,1.2055520126508692
1.241817398938758,1.2351983147463677,1.3035450065654473,1.2192510656126878,1.1655215697320955,1.2837630879401325,1.2639128794314278,1.1948241898875425,1.1718181628223898,1.2102176874253046,1.2189943904544356,1.182798726681546,1.187559998137687,1.1811542236700132,1.1931337877716286,1.204084724425093,1.187403466529954,1.178844689612948,1.1764187528731147,1.2260047684427045,1.21161329146448,1.1798916846301337,1.1851984195377767,1.2552079901627435,1.2603921120913877,1.2029834925202982,1.2124203202517299,1.2259835451144556,1.2767325164485634,1.223726242331124,1.1746367409458034,1.2201052581700509
1.2521584972677173,1.2513416121439778,1.2986391836232103,1.2255739427063521,1.1913049575688945,1.2974853902060293,1.2760139241104058,1.1998087369213581,1.1739347666701112,1.2093516037832563,1.2286357352813093,1.1924814091111269,1.1798497322001247,1.188656588524222,1.2116853497544,1.2192267939419628,1.199373553537693,1.1746923190845617,1.1679372329443882,1.2268207480251725,1.2112428308697696,1.1731937089439075,1.1922976992429413,1.2540288890486486,1.2800141857425844,1.2135445855180362,1.2228942198278911,1.2471195958738825,1.2912562357998094,1.2515060496964283,1.1944614498764472,1.2193093957154095
1.2725085880508393,1.2739110786092875,1.2927578189754638,1.224887895988732,1.197232433876607,1.3005594067662176,1.276304818970002,1.1917018735011065,1.1811479005932555,1.205058604306033,1.2296028802441812,1.182895162409322,1.183629652185172,1.1856172099026712,1.2092756106868114,1.208467553540141,1.1948908907360924,1.1695590757732852,1.1662001654214393,1.221251026658518,1.2190586984367766,1.1766944223246263,1.2103764771295396,1.2596590065163982,1.2937813772495024,1.227718177094798,1.2347664084590266,1.2481564442597435,1.288335117426906,1.2456274509329288,1.2105070860343237,1.2161840247894222
1.285305939331742,1.2761048622864528,1.3169174129625019,1.2436305275840094,1.2089580439690881,1.3151229183963293,1.280396089891658,1.2075476060421941,1.1911021316681496,1.2032561220095532,1.2286885029473682,1.178584745094562,1.19074988051303,1.1771774759706986,1.205043536947669,1.2121366296736993,1.199664753030649,1.1798517897049563,1.1773155064548577,1.238013022490153,1.2195761852588844,1.1850407343362999,1.2165051409027572,1.2700459405072517,1.3032379165432564,1.2305574266626187,1.2425085648374279,1.265142089524025,1.2992460866729736,1.257777296987778,1.2262223026589238,1.2166383135692305
1.2672975646889246,1.2630896117324204,1.3185785168788404,1.2394425102341138,1.175426524229,1.3066638043728758,1.2914177169265089,1.2103080151824772,1.176879842099649,1.2178366079154848,1.2380691269584083,1.1800993212446884,1.1819926967214107,1.1855536292499833,1.2076942377294009,1.2251485087839984,1.2132310936824646,1.1820186248492013,1.1690963138746653,1.2341641999514363,1.2139849171660144,1.1722349005631494,1.2235074980633938,1.2738993613493041,1.3065300557167705,1.2196814384563488,1.24094674545196,1.2624115140992984,1.2737057487170835,1.2493050462888875,1.196810941740439,1.2083269506923282
1.279143135853765,1.2651993272414719,1.3258422433481178,1.243719176925432,1.1756294607687094,1.3148093974893853,1.2862287747809866,1.2102118177871324,1.1753756329054545,1.2180484464849914,1.2392241124483236,1.1839459667650123,1.192020075362553,1.1874106739526127,1.2116599558415309,1.2442899753605132,1.2342104934920899,1.1962256637164843,1.1682325788915795,1.2181279398498965,1.1947373706546691,1.1725342078193646,1.2064789589344018,1.2578424234138061,1.292088909206903,1.2155121729441059,1.2450373428004358,1.2538716699281747,1.2652392910340062,1.2667302621665784,1.2029136241843903,1.1960039617735783
1.3028228631118832,1.2916654571460622,1.3234131488961525,1.246266570984017,1.1892602705466198,1.3211039073821775,1.3198214559093724,1.2138685665649058,1.1769903974421998,1.206395715471215,1.2500586516717862,1.1802136576128328,1.1849137881224325,1.1883570348456525,1.2114907907541732,1.2530526102676982,1.2432809450157665,1.1876196138652193,1.1608833993786614,1.2262081480153133,1.206876412479453,1.1731442043081064,1.224747987194754,1.2685857637010907,1.3020180940930333,1.2286144176466323,1.225057362758416,1.267111814961869,1.2709923627298028,1.2708995350476668,1.200472837986149,1.2143928717252799
1.3022342381672396,1.329147255260821,1.338686275995318,1.2670396402680022,1.187186322884465,1.3226235990958164,1.294251214212457,1.2321291816660966,1.1779612098674672,1.2066843899035369,1.2440928240004956,1.1741003733590194,1.1954455418608547,1.1739281072386372,1.2061106581872365,1.2477467001759723,1.247472982220415,1.1920136272703252,1.1666123077836326,1.216033647386506,1.198225379183547,1.1784784595644786,1.225187827700986,1.2712634686884217,1.2982557754751827,1.2304398243871466,1.2365826800527184,1.263495430204473,1.2781536946335788,1.2745570734835754,1.2134233590113135,1.208450186747622
1.3079668971546246,1.3408624882944074,1.3368457675308028,1.2771650372431422,1.1982111922716798,1.3429154395896814,1.3056108238583515,1.2383587968105656,1.186775103431842,1.198592402601363,1.237837587049992,1.1826241978397978,1.2068559380732031,1.1791720404759247,1.2104432679303352,1.2576473675012276,1.2505850061047037,1.1949573296390255,1.1729418736060024,1.2412973868120647,1.2224106408984141,1.1887421696031295,1.2426408933289181,1.2857707865866963,1.30149435089556,1.2454259177627616,1.2613168753081838,1.270376875269488,1.2875103142768587,1.2933588532960438,1.2291806533124985,1.219766678594433
1.3075464885349932,1.3376688635515608,1.3231650136814084,1.2870324810603258,1.1931396619808103,1.344284589360928,1.3170277726788138,1.2586240574780905,1.181948457141629,1.2108280865367973,1.2386852102720338,1.193803825778102,1.2074301242907928,1.1977057235570445,1.2315767638680575,1.2861879162561283,1.303817069766751,1.2027423602840945,1.173737837602387,1.2331554933053532,1.212275762461763,1.1906182583070126,1.235128391320772,1.2710417591278713,1.280106401226442,1.2446974365227386,1.2827120886793797,1.2666998904435018,1.313533189778496,1.3087912720372694,1.2349838010903693,1.2355972980757437
1.3116393491940515,1.3136681285610703,1.3064105282005205,1.279527290040633,1.182794199403539,1.3179845446628697,1.3033570165699038,1.2385655886004563,1.1875994612567446,1.2240774562695282,1.2504826741575443,1.191738204763088,1.1985796251664593,1.186893074885406,1.2289849679149376,1.2774912832659615,1.278487881504325,1.184654191032937,1.1695395382357299,1.2316059396183705,1.2171106141811443,1.1738078008425017,1.2269532216635302,1.2753586298776836,1.3026038231833328,1.2392978634307839,1.285888404547642,1.2595879678337687,1.3098351909662798,1.2994320602963647,1.222424298097677,1.2028316048462186
1.3034326304480812,1.3090684363353389,1.3000458574473306,1.2639175222926216,1.1689368444103592,1.3103704815204806,1.2807158971543382,1.240140842595116,1.1712549931042253,1.2131555718923825,1.2323281442966902,1.1699291309073545,1.1938596654575842,1.1753602392038642,1.2165664157097724,1.2654881474943496,1.2662964882905747,1.1809606747179682,1.1736814428410505,1.243210299665476,1.2368306753390104,1.181519733089328,1.2498876027796315,1.3052343721968953,1.3188928368934258,1.2447108879362987,1.2789391557641732,1.2584226097315596,1.3139035931832657,1.2872046244098727,1.2291113709122168,1.201567384151986
1.3122340596546949,1.2928692228615961,1.277241780081697,1.2738824649612261,1.1678325651886758,1.3164750670594705,1.2956289863195978,1.2659174658493082,1.171532114015681,1.2248629428833109,1.245223251543703,1.167523354143252,1.1967559374440517,1.172528794393019,1.2188948100738697,1.271430358242737,1.2746219231116196,1.1741124157672693,1.1908303073266466,1.259464702440286,1.253256162604929,1.1966088868931954,1.2640537538374914,1.3132685209990458,1.3309480355783778,1.2559341518963107,1.282791829923304,1.2692425878197338,1.3082059767236065,1.297609991039573,1.2316961493704133,1.1992759632997791
1.311692629010252,1.278498784998817,1.2700587001984158,1.2919216932830313,1.178118756050684,1.3256258095916889,1.2816936841295479,1.271428181193294,1.2007661521108686,1.2299676649176114,1.2444292756873077,1.1919426905363868,1.1953978752820262,1.183351326247115,1.2341435678833619,1.2726527488086534,1.274774902885995,1.1775909912468978,1.1841911969856733,1.2359864155502198,1.2501390755970578,1.1926536451035454,1.2594839489899372,1.2855569877271842,1.3151224789782592,1.2416530020300773,1.2734232254471518,1.239938474797259,1.296827073294167,1.2932027256181118,1.2310806196456092,1.1955662917507104
1.2877763390867782,1.263317681505743,1.2544562816412193,1.2610595803574616,1.1719830727726348,1.3030981273544067,1.2863979199623212,1.2526926587783664,1.191733278420033,1.2340527090822175,1.2625327920793044,1.1842571884968784,1.193569290110134,1.184136009757795,1.2460627317735427,1.2816724669476982,1.2825541718487672,1.1825014156912872,1.1944925082182043,1.2395284099735544,1.2556411122976936,1.1996150574723918,1.260434523944993,1.2883795765965729,1.3276916930755096,1.2455597676845693,1.2600097315443286,1.2370020235579842,1.3165183659907806,1.2960881281060144,1.2153275350832422,1.1898998524600848
1.283891727969591,1.2568252860721936,1.2648320356277212,1.2762169245848305,1.164962841778211,1.3042566897105554,1.2739089121445268,1.2560146188597527,1.1914053206004669,1.2352946687272683,1.2607583810142429,1.1810885016672514,1.199457149384266,1.1915211661872973,1.2549442515645561,1.2674147981363888,1.2686910176239912,1.1749671280243932,1.189840819869868,1.2482663085050738,1.2480402166092142,1.208470278805744,1.252653158252684,1.3050846328339882,1.3360522933029972,1.2665181664872305,1.2670139960911875,1.2487476951928402,1.3132388631349976,1.2991333795781093,1.223217832776825,1.2000050858806615
1.274455014727385,1.2571606912201136,1.264708482355413,1.2907810542250557,1.1810663793384633,1.329074010104207,1.2504304838412972,1.2413773298182738,1.1854607313437004,1.2376202048291172,1.2375579916315664,1.1757687872270757,1.1903150814702963,1.1939613807996274,1.2603044609619327,1.2708883279611725,1.2619719894232464,1.1664001822688415,1.180717424537909,1.2355886526542448,1.2387652465287853,1.1899120472043319,1.229881753102505,1.289234194748302,1.342324281673054,1.2545819885815024,1.2742121393279116,1.2623583781856464,1.322261927930412,1.30588864700674,1.2282623584954746,1.200445517305075
1.2660373088581651,1.2217237637942753,1.2984036752733814,1.2871768033437334,1.1564050132436239,1.303896374716584,1.2677976273274452,1.2190862750484641,1.1615699837934048,1.2300071935716415,1.2443804632830808,1.1480745522561744,1.1602821391652705,1.1787547381248855,1.243319576378835,1.2663654501661843,1.2483082019690575,1.1459845267124258,1.1646440693167348,1.2218533409184285,1.2345776030152658,1.1807982355822941,1.228641466099434,1.2832171601812012,1.3330038130872635,1.2365555881757777,1.2674616034404633,1.267010770295761,1.3044294168992934,1.3101448442837769,1.2130137809092487,1.178208466888159
1.2678120275116118,1.2296108433727977,1.2711445790657396,1.286361384586784,1.1489751023305452,1.3166810766287216,1.2502505192747126,1.2243068648579278,1.166015207005356,1.2371337361154089,1.241279984791825,1.1505562391421817,1.1550250305311325,1.1703859479320005,1.2283851614246597,1.2535275310328107,1.2408255215669448,1.1410197479899082,1.1612264599172544,1.2093059280820468,1.2223668765181694,1.17285094655127,1.2167057103180712,1.297971886995952,1.348797281657282,1.225541673341351,1.2454553361802516,1.2854835171496337,1.324544909258974,1.3042591325562907,1.2000379035524444,1.1770559300093466
1.2806722126927275,1.2300265251123377,1.2769199951327095,1.3082499133707906,1.1517112629063861,1.345353083540347,1.2488089811752683,1.210953623194956,1.151370669261595,1.2142243091872267,1.2283451158491263,1.1412432431589536,1.1446149981352711,1.1590523756359825,1.2123925655419105,1.23701280648427,1.2255102248865573,1.1470619666323776,1.1762502882996133,1.226249049785723,1.2315969470607415,1.1973074039345546,1.2262346889077715,1.3004515228813975,1.337657706554219,1.2212622181695083,1.253091775106457,1.2757262054731828,1.315844067125873,1.2977751358489102,1.1981050284017514,1.180680622746645
1.303944704259574,1.2375277115390466,1.2976599236441861,1.3313039167554532,1.1480825768207268,1.3396123448533546,1.271583573175858,1.215521302673976,1.1473781771076803,1.2263884219672152,1.2500299293789978,1.1414840926325636,1.1344224858668062,1.163372456263607,1.2214736781399895,1.2424709753862577,1.2191942998584036,1.1473541160962595,1.1801531122363111,1.2421228175834769,1.2487137477823393,1.2104212180923424,1.2371050024792554,1.3229034873814016,1.3354958406538606,1.224109591215951,1.2535499461153097,1.291488057561262,1.3135988209059233,1.2906612153750796,1.2049477202780405,1.206249980129505
1.264166818474868,1.2496856544244426,1.2624294150267945,1.3279411981938567,1.1612608698710989,1.3289375729304664,1.251505970854307,1.1894062982201554,1.1463196623727079,1.217188085579124,1.2256710914680522,1.1412556626411299,1.138078587741394,1.1558934247019441,1.2118803648447105,1.2364685430964013,1.2194338088040202,1.161319649323582,1.1788956410831661,1.2366793801913438,1.2331851303052284,1.1976068297379714,1.2085889664579657,1.296693119912552,1.3225632450306857,1.2015745991578957,1.2531689659146905,1.2872053917458768,1.2926676865921016,1.3029938867851363,1.2056795035171375,1.1851169191432833
1.2779462260668812,1.2462729719442427,1.2898456635917412,1.3355708177653107,1.1672676706039802,1.3249288684718514,1.2346700780006283,1.1849857350906723,1.1483739692901493,1.1993677441753465,1.2210928231886828,1.1415277880366332,1.143043249741876,1.1629792637762557,1.2206442905466413,1.2517597750626763,1.232634755990753,1.1572372016823822,1.1729041027573315,1.2261330427917507,1.2270338501791733,1.179920471559466,1.1968442118305611,1.2888119999224537,1.3181409008533498,1.201787081427248,1.2526454603900607,1.297013123226572,1.2843401383948823,1.3084515046820855,1.1947495828307781,1.1924141723083248
1.2762378622483035,1.2502154836884556,1.2970344782589922,1.3394530433390006,1.1679694085721903,1.3210297612208848,1.2380685228131818,1.190462317747959,1.1605528361446034,1.2048392928235245,1.2106580612965048,1.1492533737237742,1.1596459833610233,1.1650475925938382,1.201717562430753,1.2323206236664994,1.2176196179426262,1.1629915712825565,1.188951656626091,1.2361319913783648,1.2275379630504604,1.1935702711085667,1.1950174478924709,1.2926116243069057,1.2914860734712557,1.1830555357703754,1.2366243055051898,1.3088299693090777,1.271275426278191,1.2764680645979325,1.1960969052709096,1.198295207777804
1.3102579782241155,1.2785449855145004,1.3097091821667521,1.3389994203527291,1.1630671583374144,1.325408959550508,1.2425895691926037,1.1774034932747013,1.1523398866378136,1.215259003937174,1.2071818675199677,1.1541763779708791,1.1506672137180445,1.1641315619687578,1.1989897280869426,1.2200801507271264,1.2006367435279766,1.154345913986911,1.1921089493204815,1.241473377721525,1.2500799348542717,1.2039067755453212,1.2374664757211686,1.2958788351467665,1.2952869619815588,1.195058998261285,1.259272302330888,1.2938727773613867,1.2787606651160102,1.2571885194658614,1.1956338963078756,1.1977812437980015
1.2897853561895876,1.2646442814743821,1.2845796315464988,1.3043280357331,1.172085082083345,1.3160130214135786,1.2540267671368748,1.2036276775338077,1.1616960416244075,1.2207802127347338,1.2165393115531984,1.1627137181045417,1.1609144869178454,1.1642870541027002,1.1905450631483132,1.2068959751267958,1.1890422088319208,1.1584494503305551,1.2233960894412197,1.273168799742358,1.2868430186952131,1.2269886180146579,1.2708049743774197,1.312327637196875,1.3071431901197763,1.1996969782466536,1.2479287975669524,1.3070103959636532,1.2676773287523384,1.2605792387897905,1.197342276241133,1.2048327505846628
1.2960441874926376,1.275434267971997,1.2744064801267003,1.2967278650374512,1.1615213441439776,1.3187620406667735,1.2431204672752112,1.1997386230488014,1.153462456299435,1.191596478607691,1.2106242024940836,1.1574143535187735,1.1628034422334146,1.158015866423615,1.1869560328125135,1.2043297936406365,1.1897010750727768,1.166528274989107,1.2306311191446466,1.282716023047723,1.272295292201885,1.2144970740224095,1.2667692310585221,1.2941182661039197,1.2870282345775976,1.188936802125706,1.2460365736068915,1.297531511690867,1.2778501494784704,1.2462988459141142,1.1897129213745208,1.2129946763256563
1.2866818210369844,1.3042821418530584,1.2619447062641223,1.2921909263782876,1.1710770817095177,1.3237244961070174,1.2364282154202975,1.2034730072981692,1.1496270564605693,1.1789238359218224,1.184350466327456,1.1484292676228764,1.1537611753216572,1.152616423221047,1.181251879156632,1.1949227933190192,1.1842052822859759,1.1638060500899712,1.2204157838108518,1.297885421653406,1.2673675855731896,1.1964092304737728,1.2398302663845615,1.3152625098747157,1.2802016786459243,1.206436967855932,1.2495042553935363,1.2894464450896788,1.2826123669637375,1.2489906566760784,1.2082999836027133,1.1872560704367645
1.2961054976699073,1.2955619392820892,1.2594786449364865,1.2689694573311598,1.1694535494325373,1.3076238281092967,1.2421570865811609,1.2116427005401629,1.167203644175643,1.1925925590554052,1.1917736109384809,1.1636256567410275,1.1625058120403862,1.1676191762300019,1.1943237537219844,1.2000809419078386,1.1909899889515276,1.1695707559902602,1.2138454117601558,1.303709899876511,1.272254203373955,1.1794493590754442,1.2220140328102649,1.3087982824827482,1.2575774971076557,1.192914968181142,1.2680341309604761,1.2851190966769919,1.2747355013541242,1.233127904665347,1.2025121491918191,1.1822586779813768
1.2835785161159767,1.3044228579550405,1.2665419596087877,1.2631594281149188,1.1848636627281919,1.314409592614644,1.2423008321591815,1.2224409990861507,1.160987940134653,1.1946791676494084,1.197178100551868,1.1606570865441854,1.1514221922210937,1.1614959775512734,1.1802464785855644,1.1851317792478309,1.1646870091448411,1.1563579904347114,1.1893346857474059,1.2861140055244502,1.2550660069793962,1.1824375306448605,1.2227264291408397,1.2861882276603998,1.2552040047222814,1.2025842163640141,1.2485939422650585,1.2665570761858467,1.2721795446339919,1.2218313844752517,1.2051230297918296,1.2027200063875285
1.2765664516370854,1.304951998738707,1.2862119347482333,1.2533866426720843,1.1789764001662146,1.3026315272190616,1.2499943354715872,1.222876922599132,1.1815730808657399,1.2095613071682527,1.1980083624356093,1.1689565541789042,1.1643411405191426,1.1687995722039468,1.1874430955792528,1.181009298258654,1.1753083137732043,1.1601713538723701,1.1811690652520104,1.2693543458308538,1.2328509774092467,1.172273489471542,1.2015101314866983,1.2638324682418849,1.2446998693312938,1.1805743408447396,1.2350361667145764,1.2584562915861324,1.2735290741106609,1.215046084251582,1.1849118842216657,1.1753971778997117
1.2802395622239056,1.3024486101852124,1.3027010611582635,1.264334471069457,1.1890899174752347,1.2933088701286735,1.25852383803788,1.2148949619030813,1.170609099860065,1.200738115549052,1.2001926165670258,1.1604871858462047,1.1694550564377049,1.166726377454212,1.1810438503646767,1.1820442792826327,1.1789162730526161,1.1725702790505252,1.1975500979551745,1.2790107050462816,1.2436486525475872,1.1713698993659585,1.2016488865695902,1.280705618028606,1.2382992766471055,1.1976634271543933,1.2322981581407761,1.2616985592775165,1.289017288535852,1.2288857324333569,1.1986242240020548,1.1873241644985337
1.2653354127740475,1.2890944147422456,1.2940240899511741,1.2295917793551094,1.1882341992425465,1.291969061954214,1.2552915083581446,1.2161148818798626,1.1661755800033151,1.2101163296011221,1.2128916975579638,1.1600745738566933,1.1629271789959628,1.1641585609839362,1.1767221070158553,1.1815239591785769,1.176900599059015,1.1643928204923502,1.19279063563218,1.2793909947596784,1.2397424969642454,1.1669922774066692,1.199492830923523,1.2843745130046045,1.2548249911509803,1.194457224147791,1.2332742106253392,1.2636021154272672,1.2942192724018253,1.2322342029292144,1.186081414568131,1.1918459097461496
1.2363665106121349,1.3199439899394825,1.3070723016752,1.234943549079974,1.1717395589580355,1.2932505361716329,1.2887379151489082,1.2200068131051798,1.1698710729577657,1.2205279619781242,1.2159348049126681,1.163659066748985,1.1602789405363647,1.1633633427107053,1.1803094995134462,1.1878654970597005,1.1774008995712857,1.1694357489496736,1.1816098444561889,1.2752622406783716,1.2418502442192725,1.16244819877431,1.198017929830988,1.2791561206057194,1.2547494083657347,1.1901018284345986,1.249740445845567,1.2488123596327738,1.286925702585386,1.2334197759832708,1.179476954795485,1.1833472793220114
1.232357036039672,1.3218651387995388,1.3035853427025565,1.2550128664208084,1.185240900376274,1.2894459406217038,1.2820122478835567,1.2199346106653886,1.1755359722468743,1.2334054844311837,1.2339960678113742,1.1759577270610118,1.1695669625675453,1.1701073413248648,1.1793323421851196,1.191546099639665,1.184833431479537,1.1870129678327614,1.180228172606914,1.262877874502636,1.214595090599948,1.1600058865992753,1.1695428134705665,1.2825131768876123,1.2424699814035702,1.2014067270805466,1.2670649854500935,1.2689000393647758,1.292246890204644,1.253347638619801,1.2072837194761048,1.1901922723115943
1.2672045009463093,1.3264002715714562,1.3248179167126377,1.2775173313729582,1.1954855811332978,1.2900019961698068,1.287619140975062,1.2392483665827276,1.1918206652472163,1.2456145764865036,1.2417616280857509,1.1952751425096306,1.1818474293687902,1.1838273428655097,1.197556460145107,1.202952478236032,1.1973871683724455,1.1965253360836097,1.1872498433407543,1.2740539682979433,1.2186390411273944,1.17063555645324,1.1784948364049357,1.2926770354271702,1.2647940479819466,1.2145091552190168,1.2850717111912713,1.2743524997148046,1.308740379253133,1.2484432555381033,1.2219677094478643,1.1940409986351708
1.2708547518597522,1.3211885046080898,1.3258275360802307,1.2774515021047945,1.2046464134734551,1.3036411982651515,1.2793516380107253,1.2392256062300713,1.2030843641361517,1.2709064976565172,1.247778423500041,1.2055818118627402,1.1944614089475334,1.1883123357480836,1.2041559509110236,1.2085807002526234,1.2002770989627025,1.1894311436292107,1.1903666898800576,1.267032439405461,1.2307095135990793,1.1928557429394027,1.1889470636949655,1.288746591628743,1.254103844681846,1.213739992999311,1.2797028856214623,1.2791710931046891,1.3207397558146854,1.2555135388649892,1.2195828395836148,1.2395932652901438
1.2754826628860931,1.3250191657512813,1.348058250963894,1.276009800202656,1.2272397257383167,1.2950289079715052,1.2859476101552478,1.227660883756805,1.2090147858468077,1.2804138135798102,1.2642561893380393,1.2167758499061585,1.21120447809787,1.2062965363322502,1.213458698506143,1.2088212854938536,1.1991769058810202,1.197566876443668,1.1926293377352846,1.246176858660035,1.2178740050914385,1.1987040494897063,1.187830754843086,1.2735436480845104,1.2688520019764957,1.2319072612096016,1.2973512025347533,1.2941481027721649,1.3248563272875091,1.2434612182961284,1.2333349495317634,1.2457852869678814
1.2730852400320756,1.3107892284988836,1.3485650877129576,1.2611942363314774,1.2239659413637998,1.2997242519369165,1.2846136853935497,1.2375243288010445,1.2125797294361198,1.289078670477047,1.2607500183138778,1.2266082370164537,1.2107004291741998,1.2202026519906153,1.2287174521535293,1.2335866877319372,1.2258762432376045,1.2102779292332577,1.2001093476185447,1.2398133446387058,1.2136003863218257,1.1944153417463355,1.2024318670025156,1.2514416869706615,1.2844741168127303,1.2492735165085822,1.282323941050299,1.2868919581265954,1.3054203314145125,1.241939951759057,1.2300900250843991,1.2568533110818254
1.2666071563073957,1.314226575190355,1.3344228939014913,1.255159308948084,1.201909233794513,1.2893338945426107,1.2698167946424008,1.234806798953509,1.1959352054570462,1.2675803750162637,1.2450713796778277,1.2090644128261987,1.1928262656397763,1.2052685113222492,1.218483971602438,1.2260717186792036,1.2180719562037523,1.189034283803929,1.195450450743701,1.244774494751792,1.2175841506909313,1.187194375012377,1.1982317931191129,1.26448144471046,1.2691334578504054,1.2337211684751728,1.2860390763901266,1.2923882466556185,1.315962997307717,1.2520846024133967,1.228095659575072,1.236636371186518
1.2780019455502272,1.300154667287965,1.3539105741215598,1.2392183422802525,1.1923944257544896,1.279143358818981,1.2840039377633707,1.2172363239908617,1.1827025882164177,1.2553194415204258,1.2361658519174459,1.2076458943362356,1.1953813677364535,1.2199783387516216,1.2348468133596928,1.243753705967022,1.2340919930176832,1.1943731622414717,1.1962866045349259,1.233815784476868,1.2062223291245069,1.1883333263919689,1.1981061139625755,1.252580079572017,1.2767875963778876,1.2440729954784304,1.303225590694013,1.311095881448929,1.3236189082659853,1.2621639575574306,1.2400675330463984,1.235287147095196
1.2754944748132764,1.3219346139301542,1.328121732105075,1.2412889185435523,1.1902320948266776,1.292549670684772,1.2839519260679653,1.2134786882604396,1.1879643345873083,1.2627976453781276,1.250147205399853,1.2186251691390975,1.1897202351618064,1.2360118539309315,1.256870894347957,1.2478545858151358,1.233257038143212,1.183966579113489,1.1675792738178141,1.2167618808295368,1.1852106283074808,1.1777839033502164,1.183507791339909,1.2374144548242711,1.2681143300295314,1.2487315337695641,1.3289263623761296,1.2987392428829707,1.3084685692328755,1.257244410689619,1.2443272482650523,1.2347313423289716
1.280372232691361,1.3193290629695913,1.310686984743965,1.256222008115995,1.2048318161469858,1.2784491930510027,1.295691471011737,1.212330350202694,1.195541113329456,1.2714846489121332,1.2660064654756933,1.2323282738551427,1.192353748692764,1.2245429263959824,1.247715936480906,1.2410171030893127,1.2227311821372548,1.18189367542566,1.1756259676674405,1.213963872067218,1.1880277211692254,1.1852760343226898,1.1991084855859002,1.2306262060919033,1.2862050644555045,1.2607822379279248,1.3276886624536355,1.2841253004225064,1.3142232258568818,1.2574806841073036,1.2596559648214685,1.2546423867493737
1.2889694467468509,1.313749600100148,1.2808176765279344,1.2320884135849552,1.1976373177351738,1.271704560476029,1.284123579431325,1.200512838018479,1.1907808103323183,1.2461898256008028,1.2701882478749136,1.231699635637508,1.1962401616538063,1.2300337085092585,1.26148339075981,1.2593243868968649,1.2386588553748012,1.1716856073799553,1.1582698893050525,1.199363142892776,1.1748298147693035,1.1724212660192497,1.193138503791128,1.2170644721266053,1.2853215506233007,1.2515907143101725,1.3139249647088298,1.2847075720066492,1.3257446055553763,1.2766177205638356,1.2344071540715231,1.2408190422840402
1.2773535113358443,1.2924671369376903,1.271887912176527,1.221147073495597,1.1845719532107413,1.2875906273049869,1.2700415053337022,1.1911797539510516,1.1816319831686921,1.2312431002307582,1.262301792827301,1.2162057257126568,1.186423726931075,1.2300241517344697,1.2585548956223416,1.2531815805658255,1.2287588600212138,1.170350475817043,1.1634650173747354,1.205249296492149,1.1864862746574654,1.173904338959459,1.2020929847529256,1.2214770874512477,1.2992905042916496,1.2442934417757825,1.3027363305451314,1.2625079913483361,1.293129071823701,1.2557208690685293,1.2235329148119922,1.2256260798124536
1.266085480759299,1.2866429414093419,1.2711152370944614,1.2342698403138423,1.1895876498084323,1.2944888709419489,1.288029568110313,1.1781821269757282,1.1837827021595506,1.234395131546798,1.2623132168045257,1.2166631780882,1.1885139645602172,1.2393522416405394,1.2781090646054631,1.2686545207416013,1.2360295086634743,1.1575088075983795,1.1606626527506152,1.2002657123104328,1.1824819299397864,1.1686147600586845,1.1972157550124043,1.2165044519508044,1.2618610493129425,1.2414673708365274,1.2735769538342954,1.2567909151172283,1.2919792662319132,1.2552707938534406,1.2273698198209335,1.2264678910182154
1.2417992133948068,1.2963439160458377,1.2741299365747611,1.2312201385045174,1.183359257965844,1.2995687062833485,1.293402095211393,1.1738368754408008,1.181350794143815,1.2230532686866782,1.2644811771227464,1.2065340002148186,1.1979881998255941,1.2263889337565288,1.2676835312296282,1.2685124646695147,1.248936629273135,1.17296448912176,1.1703749124354093,1.2005686026112523,1.1878560156070475,1.1748163493662453,1.1916920573824252,1.2167093217534575,1.2590537166158033,1.2126417755499865,1.2518970980002446,1.250786749164044,1.2679198984690074,1.2504447092455924,1.2068801967619727,1.214185957521155
1.2722140993134112,1.283255380866483,1.2718137586004385,1.2263813316034033,1.1767665445061277,1.3077039077699786,1.314953871173119,1.1679315090212643,1.1748323448324522,1.2275653492045748,1.2774197008045578,1.2126830195453107,1.1822617082036098,1.223924132976805,1.2749191429028315,1.2539666232548015,1.225754458913664,1.1643780326968323,1.1734239937094126,1.2172309243502628,1.2046105103931344,1.1828162890115108,1.2010911936474045,1.2346350388394365,1.2634246902245498,1.2043136423065564,1.2479494271548286,1.2417991641147208,1.2750717399741514,1.2472349845888613,1.1903991451027485,1.2195494314113977
1.276036144444891,1.277779599985633,1.2558599396461723,1.2462588500127176,1.1861487211770694,1.3096814179653227,1.3156579285830137,1.1761488573358663,1.1865103071905951,1.2509905548814364,1.289094002909243,1.220923760521054,1.1814521287385937,1.2283630252343791,1.285103379850429,1.271714706089209,1.2335665305525425,1.1721710656113153,1.1689405427827126,1.2067419996231756,1.1967982761160116,1.1738592699197365,1.1951576465751592,1.2266427547729617,1.254336301350316,1.2010582387351387,1.2398099452996587,1.2521877054931791,1.2905146822985796,1.2450109665994098,1.194084697257673,1.2201157888898735
1.266844196932087,1.277692203770551,1.255034101808784,1.2442301081520997,1.189888925312865,1.3120495187879704,1.3195310574171457,1.1805580760434577,1.198785455586023,1.2709717350546208,1.3056563174565738,1.23483497526149,1.1858566824847556,1.2300721261972647,1.2855725796554782,1.271633229811005,1.2348450229694592,1.1795896030020634,1.1826774272639247,1.2260249669360552,1.2097282646386724,1.1827938692125903,1.2061773502389805,1.2401454969614107,1.2533733357006434,1.2034579822887337,1.2384819184122169,1.2431860170544216,1.2727682626936256,1.2385262997135698,1.192888782753192,1.2333113326749812
1.251262573835486,1.2874643660336986,1.2608522896725862,1.2601908738930527,1.2020858656430098,1.3229669067217165,1.3163112367379197,1.1747648298703859,1.2061891864168155,1.265852708832516,1.30749002863013,1.2261748670452939,1.1926239803420324,1.2116369493439527,1.2601553671913763,1.2565959232908044,1.2292085609147365,1.1770853197014204,1.1854569135910573,1.2200208446237284,1.219802980361041,1.202061271984017,1.2145373294805757,1.2472109952918606,1.2472803549549907,1.2097637356478015,1.2344199226756363,1.235021453536117,1.2755963809833215,1.2604788863358902,1.202306574955721,1.2379397283607514
1.2461771498649827,1.2855809059809893,1.2534258881905103,1.271697149263212,1.2013347995616184,1.3268817678156986,1.30163692210424,1.1848125415723862,1.2083598318664093,1.2663515160173477,1.2972398413221222,1.2260327564954172,1.1829287034991576,1.2128786587429154,1.24726985527788,1.2458824617785333,1.2173531039241923,1.174204892283458,1.178930774365866,1.234800487353275,1.2291210652958486,1.1992188917709732,1.2155909545752017,1.270478528031316,1.2459042634932451,1.201778267963125,1.2310038003699453,1.2353025441256729,1.266586089554331,1.238460708009197,1.2028299252280052,1.2318703915927474
1.2767158020311506,1.2974032965840419,1.2705099497808419,1.294592665016909,1.2015576435455901,1.332119395706676,1.3053223605933555,1.1949386135067745,1.2007139621349874,1.2589889101286165,1.2886341381510331,1.2211152760909136,1.1962922064607686,1.225095365911237,1.2632596851631686,1.254077984105838,1.2194783122405335,1.1781160577667047,1.1892824480535502,1.2367525678523175,1.2354573233483135,1.213050486048686,1.2187811669771245,1.2772281850185014,1.2504748038243056,1.197861182855955,1.2215169726537087,1.232576605747178,1.265096129913709,1.2548673703740059,1.197962797628407,1.2300152891102922
1.2728263311582404,1.3083241529649319,1.2891503257952273,1.3012494583008283,1.1955157405438053,1.3548907863441628,1.3193207358197563,1.2178565558122019,1.2286498126954917,1.2857788501179255,1.307970448256283,1.2411961806044003,1.1998944429431966,1.2214022206941968,1.2560706587886825,1.2483623263256016,1.2160495469738386,1.1736842409694623,1.1799707573621927,1.2480765453129905,1.235094209280785,1.2063614144880292,1.2098872326008008,1.2789643016853358,1.242664407491581,1.1968852552216513,1.2213897249848973,1.2191364341014446,1.2681440896219411,1.2349582943298318,1.1979032763094821,1.2252457426413392
1.2963113677859566,1.305522026963004,1.275304321105511,1.3116955310050098,1.1985301237352204,1.3329423182405074,1.334361399627815,1.1963566907025716,1.2118726248167724,1.2767881396519598,1.303605689781081,1.2269346456086176,1.1879045040645686,1.1976437213373432,1.2412539969872474,1.2390724266376216,1.218412883759519,1.1821478898516866,1.1918070912841803,1.2620369256818385,1.2525661340246543,1.2107957285048971,1.2291203571755382,1.294179385196391,1.2520719895714656,1.2060365432957374,1.2332328255113614,1.2411569274438103,1.2723372810473523,1.239855013985413,1.197579109346809,1.2183087122217822
1.3058937551734218,1.299173652760484,1.2770018384139665,1.3224907171211913,1.178162846652906,1.335544137469795,1.3443927026435647,1.2160686029959729,1.1997252542860648,1.2684105863814963,1.3110386323394494,1.2149887014626513,1.164373889179591,1.1829779174368997,1.2236592609725512,1.2117126666667744,1.1925802809778585,1.1639210384730145,1.1625472821511453,1.245763340217861,1.2277222501722738,1.1865750061088434,1.2094488534045387,1.2809825083799675,1.2486299630350908,1.2075299337034808,1.2332707360607964,1.2247218854340656,1.28246609418392,1.2436467767718062,1.1813585391965216,1.2365130882432487
1.3184193948757355,1.2988511327572525,1.2799755415113714,1.3024485750038888,1.1771455203494288,1.3218519411614558,1.3273015353132958,1.193239085831254,1.1856807414085964,1.2596365287566207,1.311296051713223,1.200588167653997,1.1488903005095785,1.1774477889976402,1.2162829636058092,1.2052976682771632,1.1820302711000676,1.1407621601495657,1.1548419377333128,1.233791470376537,1.223436722798158,1.1821227970517216,1.203586213738674,1.2683896717763015,1.2520036368158711,1.2075065989745393,1.2595278969947372,1.229641560797593,1.3005243386348164,1.2483335806709275,1.1813486718376756,1.2316394349867679
1.2968002844223627,1.2954483875486238,1.288793635383268,1.298232329659466,1.1651895306213378,1.3273595086315861,1.316436323204352,1.1899018099461938,1.1957589323200442,1.24761708045073,1.2969535954018774,1.2046058710213552,1.171917128413889,1.1881535342837044,1.2205841030968747,1.2196674287952318,1.206883075940617,1.155078096552714,1.1589378829445984,1.2293305440778801,1.2224708765619663,1.1740241000939147,1.2013475311151298,1.255949780292972,1.2599308609525577,1.1959693217626397,1.2456072288475222,1.2316055710263634,1.2906095030572726,1.2404534992701886,1.1798734532829949,1.1991219135627558
1.3110614203843924,1.3221027667220153,1.2922720102259664,1.3007344560446257,1.1532138914936834,1.3197773657616991,1.2805759551513072,1.1761582879383379,1.16197128341363,1.218026147552816,1.2752312528990446,1.1794475459644775,1.156270602787685,1.166153629431089,1.2005614947407688,1.1967712565923492,1.19235601592018,1.1429921690214206,1.1499040390842272,1.2147100209185966,1.2129036453691078,1.165868085486514,1.197910688796615,1.249200653239539,1.2622853317683607,1.1971644189770931,1.2492815488152254,1.2231572165794267,1.3132644459083,1.2541224004526474,1.1767092272607877,1.2104164168528166
1.3212537642039675,1.3191891441262602,1.299867409871736,1.2865385459691852,1.1482642828787395,1.3366133702149423,1.2767815166523393,1.1805862887691023,1.157943708369865,1.210965700116013,1.2593250853381852,1.1716075329627575,1.1503621079297672,1.1688065104097187,1.2037687389105172,1.1939482288753045,1.1903536369841041,1.1364340234395158,1.1414850463082593,1.2350493346983944,1.214262489456887,1.1547230169857128,1.1789791952756339,1.2749153923517738,1.2468852358418656,1.1730707152871644,1.238957034167823,1.2241789498499243,1.2960296420527668,1.2499357613698412,1.1511772377231642,1.1924538105506712
1.3201341759126506,1.3041255551149251,1.302203991812877,1.2966221018451087,1.1325149876294953,1.3357943088161082,1.2567531532237992,1.1739194344565476,1.1401954408067427,1.1960845434890937,1.2354928965915173,1.1594350278322811,1.1427404392803011,1.1658690411829367,1.2043379514970118,1.1985245250138883,1.1920726042723535,1.1381836667545744,1.1359697184165567,1.2263393235175852,1.1929366610869594,1.1478355796843112,1.1623785696326117,1.2733516736817188,1.241806235518318,1.1633379518732314,1.23890718670214,1.231836594244124,1.2945408368022555,1.2507851727699568,1.1513069571938195,1.1796368772059465
1.30669042246421,1.294875642827183,1.3006367936952883,1.2866260647605807,1.1325764544083967,1.3323929745375864,1.249366189455191,1.1837521217698836,1.1458942419789329,1.2058583945001509,1.2430002689254132,1.156792318236992,1.147110803254828,1.1639383854952083,1.2067768873243057,1.2025724649201597,1.1907831258601593,1.144373804852443,1.1428039549135516,1.2280298654029045,1.1956635149649397,1.1634742252331485,1.1805011761410593,1.2829282136351237,1.244583009206448,1.1603654122547329,1.220341851178641,1.2234053798235414,1.2858602208997834,1.2507109791156787,1.148902429609631,1.1846289806128183
1.2930732096671549,1.2784521845506418,1.283304494672143,1.2941155086311311,1.1275711110359252,1.3393521334124847,1.24031061631058,1.1873515943334332,1.1521875178799454,1.2136238846130927,1.240141121689586,1.1719189765496525,1.1436471098635248,1.1660391971975268,1.2016882949108616,1.1958817603816603,1.1908685137233552,1.1428212390140924,1.144507510215109,1.2434711563538496,1.2018746404421365,1.1420344142690209,1.1693935492970267,1.2911066358806582,1.2398733336494367,1.159233323624838,1.2298879922067245,1.2513823882476751,1.292105036781817,1.2626893846960665,1.1553400279904067,1.1770938741697514
1.252816506230851,1.2724594590523055,1.2639728892593425,1.2979513972452619,1.124017677987625,1.3199736362000967,1.232489863252064,1.1840894741962793,1.146454242888697,1.2067161975784906,1.24802101997775,1.171863694362745,1.1422889825738178,1.1622625485417153,1.2074212651945042,1.2008213963875873,1.191354197815719,1.1435911035106823,1.1429978942626624,1.2182382341083404,1.18758895675132,1.1459694720831657,1.1696541016688649,1.2691229930726673,1.2365460885398025,1.1685503522054685,1.2236320534638405,1.222346670689384,1.292388102074341,1.2623924435763767,1.1645578355611634,1.172908054597135
1.245843103588638,1.2671941504145743,1.3020194402279492,1.274562331869047,1.1380413843198336,1.3363395276660917,1.2188557214804958,1.182716293130533,1.156259662185159,1.2032053269678427,1.2379344585848642,1.1656761916910152,1.1539234056342003,1.159783981257948,1.1943285050861283,1.203312033184875,1.192634452139547,1.1481360371288951,1.1407086678105751,1.2006125276435113,1.174339762638949,1.1467622812539342,1.1496128716625287,1.2534730573967778,1.2238559932457826,1.1524611254780426,1.2132119709399238,1.2017347911973066,1.276871773035467,1.2453031741605614,1.1514240337337174,1.1842999257677764
1.2482773455870972,1.2622588052241972,1.3011678098747947,1.2620345244451658,1.1449698789985838,1.3457810524507334,1.2201830041965234,1.1824661465422819,1.157822757051649,1.2126547144476356,1.2416570839573107,1.1920114160967092,1.1720228034241602,1.191780732764572,1.222099903208061,1.2165759211393588,1.1984008472039558,1.1442119155430828,1.1346622479837458,1.1933012866555919,1.1585419590292874,1.1415099328020166,1.1488176837921555,1.2503324326809375,1.2271522492920128,1.1647649244993876,1.2171902214400685,1.179318641699842,1.2586274749213573,1.251480461416774,1.1803443568003686,1.1697022913625852
1.2395659037038436,1.2431585168104637,1.2800400786669062,1.2544654937685722,1.1270883923453785,1.3413580677853552,1.1904389814585563,1.1870161054441843,1.1567086498459245,1.2078260162618837,1.229139827974482,1.186397432527219,1.168624308727442,1.1855541519105148,1.2161961541589381,1.2248629290829227,1.21060361092599,1.1585784823416136,1.1360852623721782,1.1933773725871215,1.1639352630156867,1.1458162001202463,1.1518042657706344,1.2652521848620002,1.2215464530208548,1.1590486063305632,1.2078851830304609,1.1905823177913726,1.260865616401869,1.2327440060594408,1.1639777237644866,1.1545191067999456
1.2387663605812536,1.2524924534448343,1.2675580940450732,1.2432569819352843,1.1340585519496575,1.3238269455784,1.1911176118730344,1.182323689133844,1.162293247632473,1.2133990088841347,1.2329934640433033,1.1949621217815793,1.176899716811928,1.192790221867234,1.217642281122702,1.2269874081848686,1.2076983184663432,1.1691079823448256,1.1446723102525356,1.216652002093763,1.1804831616563414,1.1651148812136325,1.1669955468202107,1.2893692441270592,1.2352460655896578,1.1841744808852053,1.2248257480844922,1.202203179055237,1.2255173064995417,1.2267392976870275,1.1779107986696027,1.1852868595871278
1.2649430332206089,1.2424500289469205,1.2602433808852624,1.267260611963849,1.1504159052519198,1.3173143544197428,1.2094447543138866,1.1827020269405446,1.1740584798847575,1.2222320956488468,1.246172360197333,1.201265361725669,1.1727662986818006,1.1972476313088407,1.2211603238321977,1.2258501031540667,1.2064411272539728,1.174399783399717,1.1498447720195937,1.211625460896989,1.1779969604385727,1.1629561640201282,1.1666468578761595,1.2772385594111113,1.2358713017903755,1.185396496769019,1.2312067122235906,1.210448174132782,1.2506467578642217,1.2267471577261717,1.1997454430460732,1.1745742740682217
1.235192701411843,1.239529282796271,1.2643455788762767,1.275810130637125,1.1547526852789372,1.3149562963672552,1.2152345872886523,1.1854409261528982,1.1763524533505014,1.228270817914051,1.261689280001802,1.2168094843208996,1.1785431059416902,1.209636306521307,1.232514184627445,1.2310299028806038,1.2107672465684125,1.180633298916513,1.1545969612181994,1.2110095907753942,1.1704796980903394,1.169427338721704,1.1661635196973097,1.2671648207062238,1.2360237594456707,1.1846987580046044,1.2206197293175616,1.1928958222099357,1.2311258481989578,1.225716964561603,1.2012848176506412,1.1792047234334864
1.2283454155983808,1.2157311439865577,1.2707108666471025,1.2607550938219758,1.1482947737537408,1.3151542390933921,1.2241309419689463,1.1758239443801342,1.1572184163272685,1.2125221513769353,1.2554888106759952,1.184342014698468,1.156637928533714,1.1808742815432387,1.214252288061782,1.2164319677246385,1.1985426797233876,1.1700387687651397,1.146936591719738,1.2021382227353414,1.17109397809816,1.1559290217559959,1.1602547339349252,1.253573843176429,1.2222176439937102,1.1763907329062917,1.2151814877692726,1.1823543525987021,1.222000178731807,1.2188311230437847,1.1840006992001855,1.1668383940350024
1.2363856765219097,1.2230540665005425,1.2929357682460234,1.262196341259513,1.146406455056591,1.302028837281082,1.2049548255612665,1.1452399354211718,1.1411605653100438,1.2089835765820673,1.2508995215846286,1.1770313513110544,1.153184386223764,1.1708889829272724,1.2148036401186109,1.2174685029512071,1.1992500025959774,1.16679730796491,1.144495112498619,1.2053307806436702,1.1718895119865167,1.1614818751453273,1.1596951956875674,1.2477338609677855,1.220284843147102,1.1687858766813035,1.2137198253289962,1.174982650574619,1.2259399022914346,1.2148775318089264,1.1718962925396843,1.1601446519830652
1.2418015251001648,1.2380788274328032,1.2896383236037505,1.268431126783036,1.1506677220985604,1.3222467581383597,1.208629800559227,1.1508576612395491,1.1408437573153436,1.2285578069966676,1.2668399292333286,1.181701875001525,1.147639754881718,1.1866354273044124,1.2284673438419889,1.2282694308978737,1.2017364069014176,1.1755666205246043,1.149856765064113,1.2272320789404116,1.1868678002023698,1.1561488261844377,1.1558148660501646,1.263862547146018,1.2345644664483835,1.1738781944853185,1.2215305113211823,1.1940232245870486,1.2365940742865464,1.2166790492654875,1.1782803780280175,1.1643168484631714
1.2581155934839874,1.2537825202955057,1.319993133517737,1.2656294707678388,1.1729778661715462,1.3265737338708454,1.2119389077495168,1.1436878065814118,1.1515084014090573,1.2312159034510792,1.2458393176334541,1.19658027707877,1.1624866565142933,1.197822580330332,1.238348013908066,1.2462720286755402,1.2228743763476693,1.203709688010604,1.1712744952959468,1.2501341912555175,1.2019263741904826,1.1767172456675157,1.1737783329089626,1.2896716808295645,1.2532877058530567,1.1897562111731586,1.2302038928825079,1.2330047780655724,1.2673159718417528,1.235148706059488,1.1954079815262317,1.1758981204653103
1.258748179573667,1.2788972837765944,1.32945827383581,1.2635304940999645,1.144767804163704,1.3211971647866458,1.2240754059258603,1.162025302183878,1.1408663851370693,1.2218273928200172,1.2347391494674502,1.1665326152971782,1.1498062550834476,1.1717454581186209,1.2237375919977513,1.2307011127405445,1.2094038532241569,1.200262911305106,1.1866289073580372,1.2760592086730334,1.2240630976531757,1.1839092847662893,1.178265265287105,1.3186027512348748,1.2653449375246812,1.1699608016246654,1.2122223253986741,1.2574834289392878,1.2980874601094117,1.239789265917619,1.17150127232311,1.167720705432127
1.261802935914949,1.2819209861014944,1.3158932172742974,1.2822616679565015,1.1599460174114773,1.3163449443317343,1.2150384284805216,1.1629999023610593,1.1371588389691167,1.2023270418521192,1.2129548091885642,1.1521429970443884,1.1527488737156437,1.1564971865859153,1.2075783240023188,1.2107825610634944,1.1917556128717632,1.1918214925895216,1.196057779899872,1.2832615416585178,1.2354359326875914,1.194958961405852,1.1862477216080405,1.3276206170794305,1.282587273730053,1.2032176917085253,1.2340744503006,1.2908463247025141,1.3350375978937867,1.2855322154958202,1.1964358623824027,1.1932163760109908
1.2755417211333884,1.323546349172006,1.3556587336126429,1.2792255540879092,1.172503625004557,1.3205709996202473,1.2168928235519239,1.1662296848743534,1.1529968408488236,1.212525575584146,1.2151778500567383,1.1669776229116726,1.1534829960212443,1.1661758072899802,1.2032318585105573,1.1967489084544978,1.1874313440986257,1.188595693121669,1.1842015825142906,1.2906701714134396,1.2247642783814092,1.1855525425513447,1.179027282706928,1.336452710489903,1.2950862244032133,1.2088304763462583,1.2440459473172654,1.281418466534208,1.3398528340678206,1.272529777844729,1.2171806330966841,1.1936730582435353
1.2623573780665793,1.3042400210497733,1.3545205658258128,1.2741643664536426,1.1713830960645384,1.3177751387858359,1.2357269350531177,1.1808341953087627,1.153090596123601,1.2369640332392153,1.2294862927706256,1.1802694054098704,1.1736296699219895,1.1843283815369607,1.2224554493898763,1.2049855512751002,1.1906542385969197,1.2049009964788693,1.1867198992369612,1.2950564072263042,1.2195730590314215,1.1799535881220353,1.1705709667054334,1.3324080185802973,1.288410086710646,1.1980993514538631,1.2354765744982004,1.2811806175532532,1.3197597025860173,1.266887891895977,1.202595659926173,1.2064065346180333
1.2561916617817608,1.299342123090509,1.3511742326289837,1.2697659579450096,1.1610346550947774,1.3293882812826379,1.2280370649435146,1.1777714119356038,1.1496092506872873,1.2298644619618102,1.2288821675342443,1.173062652573832,1.1571371055082817,1.1760750684404995,1.219373807999297,1.2040456930578494,1.1884331669252304,1.1812014539715732,1.1816548735336863,1.3017809167596204,1.2394513397974896,1.1758034288912271,1.1847086829449405,1.3299873097339279,1.2930046391071492,1.2089618504407116,1.2300289499207735,1.2809050125208425,1.331391846136266,1.273986778320856,1.2067338548051394,1.2029374910835706
1.24180735565807,1.3218531472946895,1.3523461713739482,1.2703000438199759,1.1728704630734055,1.3444802745417797,1.238784262724383,1.1895392076556839,1.166908562795494,1.244776666574827,1.2376712543534558,1.1945221558032368,1.171211665554497,1.1956519108419434,1.236134576911871,1.2188675242401337,1.208309306279885,1.1976478185106039,1.1849468362967128,1.3002510848572957,1.2259382776969523,1.1791527831133202,1.1848216614051843,1.3302774961603814,1.2928854292377494,1.2087096150604766,1.2262330318059336,1.277382538617075,1.3305224667784727,1.2804152775772182,1.192378764963846,1.2048924700364816
1.2361550950585618,1.324459403321805,1.3360310821789465,1.2687453356334926,1.176527798105458,1.360820715650205,1.2327142923840722,1.2174354164486612,1.180523576578154,1.2663138134557508,1.243002215468579,1.2141381128981195,1.1852689532119673,1.209008637308786,1.239987135140091,1.2234694661680234,1.2092748997877123,1.1931730132460252,1.190391729544395,1.301388908958277,1.2237350724731184,1.174643904737417,1.1830732654794975,1.3381395788726311,1.3259520423999842,1.2107491657982397,1.2315950885163156,1.2925533215530862,1.3296117613722398,1.2936035146532878,1.2035340648032653,1.1943677586829016
1.2358084856162799,1.328794309586128,1.3258679721333055,1.2789224372210366,1.1763107172017557,1.3518183372051507,1.2282920099059853,1.2213809369618769,1.162647012113383,1.2525738042790773,1.232858802352306,1.1986259085902329,1.160791124487823,1.1959662789277519,1.2243129954517356,1.2059634996997775,1.1993688869913672,1.1808399261299718,1.183009971930144,1.3138384387571354,1.2362046402505769,1.1585980542913252,1.1816606872232087,1.3530136778096595,1.3332507703908798,1.209547763957778,1.2541322923040654,1.3166500509645764,1.3369007344284973,1.3002191918757655,1.2123821327910544,1.2000938501483112
1.2583459806913804,1.3354251741497818,1.3328312265014277,1.268843518942101,1.1704914173965522,1.359312080978537,1.2321918297272578,1.2355918180456003,1.165821360994137,1.2411379105442868,1.2248185557847593,1.1914065893031016,1.1695911208903995,1.1933234931127588,1.2226976540438188,1.2045173824468345,1.2051296279375705,1.189443542616533,1.1835172865950094,1.3119928083136125,1.2328873417171344,1.1584364796637845,1.1873324548978996,1.355488906911143,1.3425387386153633,1.2206266172537787,1.2635819893848175,1.3182243467006822,1.3488741731895415,1.3064115331846087,1.204886903186591,1.2083837716463453
1.252486865752267,1.3273911474948612,1.3152440619686836,1.2772524685923654,1.1674328958850395,1.3424199590052335,1.2250274338480174,1.2364585026801778,1.160012530202412,1.2253251582364981,1.2077720913809322,1.17621400029025,1.1645725888676512,1.176823009761103,1.2044660322840754,1.1969313995218125,1.2030557883215842,1.180762143129729,1.1671334624660001,1.2800952326565336,1.2177248423175875,1.1547781216777258,1.1768950245401884,1.344322491663984,1.3290923772580001,1.2071162479384014,1.2576298879975563,1.2889797804338106,1.348517637234976,1.2984272706377162,1.2050400501132585,1.1900739291424862
1.2349271780523206,1.3092963017123742,1.2893756555961513,1.2734222639967585,1.1784668323479222,1.3478799607380016,1.2354824623752698,1.2559886056810396,1.1622891130286181,1.224363656513237,1.2209507395748556,1.1742793504162627,1.1626829215707764,1.182402682979698,1.2116440542847864,1.2042292950901112,1.20130693838875,1.1727163396836051,1.1625492989847954,1.2734143272882894,1.2152415798767213,1.1501921560647483,1.1770189175618158,1.3159162497875014,1.3080315116120418,1.2094616699048046,1.2746337233663467,1.2737572811064723,1.3048394296081394,1.2945299897153577,1.2075057862749772,1.1971099407028576
1.2282680153046681,1.315971599961444,1.2798855795031017,1.268749285951549,1.1725590678815163,1.3187291486066781,1.2299076661396946,1.2551085549677783,1.1633819009791486,1.2301420706582156,1.2263812886096646,1.1846803137104114,1.1598717950324038,1.188832809498788,1.2155565617003465,1.218694139681415,1.2091848897744344,1.1721079601912838,1.1588735067150218,1.2851557348708267,1.2183197796391692,1.1409888762313194,1.1825056052055845,1.324715268960829,1.3068910672775556,1.2111489589296787,1.2868010989979726,1.2899147536544233,1.3204345091213134,1.2951605754392075,1.2173443197433365,1.187886622030762
1.2365887957982968,1.3236673738823892,1.2563105803545096,1.2763693754476375,1.1683478812830639,1.3145712051283898,1.2317218898908067,1.2612033147289246,1.1622377873315792,1.2190951362422922,1.2114199258681808,1.1716630181028755,1.162524084819961,1.1782958142256452,1.2136273147960188,1.2239616409246188,1.2121127951998336,1.1622722475310794,1.157412858974803,1.2655811435093451,1.2047990653140372,1.1419058064475331,1.1735245111007795,1.2918536045115254,1.2812146012199588,1.189976967871396,1.2755665988983274,1.268771552912897,1.3144463396541644,1.285857443063184,1.2081100670850278,1.173136771561081
1.2591067107068197,1.3118168637521388,1.2386135024743772,1.2796340337579162,1.1638883688455886,1.302306573952167,1.2375220989991447,1.2431648374647049,1.1645987438211545,1.2041948968843037,1.2043065774659354,1.1650827718078112,1.1445930760438046,1.175451574178118,1.204949841175473,1.2123426769222212,1.199960641908227,1.1539679732188093,1.1653711557566582,1.2535860475041118,1.2178417363353868,1.1591529040160833,1.1851053805103058,1.296622820910906,1.2822952292065564,1.1978815586438298,1.263913154617325,1.2830330902794722,1.3212532431523678,1.2939208803047766,1.2036475729280336,1.1866688589636432
1.2805132447362835,1.3073372477218521,1.2388897207126883,1.271947032928334,1.1645846851518598,1.316113362536832,1.2607946480237964,1.251820889083484,1.151743963191769,1.2035814725893714,1.2148023051570487,1.1530038493115373,1.1467789263336434,1.1602416689310753,1.195096397390956,1.216043787288666,1.2067540329871935,1.1668142810401092,1.173299768633144,1.2429323520689426,1.205677296984423,1.1616403687465218,1.1801347944187996,1.274939476359541,1.2663500348111485,1.1986160693168264,1.2681334279326881,1.2855596817560002,1.3389857715978888,1.2967644277374084,1.2064156525801097,1.1873197204677133
1.2888657172891902,1.3109903042357984,1.235913947533568,1.2656895466722289,1.1891974394472655,1.278635852485738,1.2561432140720317,1.252309462021262,1.1577124063584443,1.205098099819482,1.2051982195251123,1.1464190462226918,1.148388943316969,1.1503708869653388,1.183172838847697,1.2140985626331762,1.200640322523891,1.1563101553829387,1.1699280465883997,1.2340824853628147,1.204454735081258,1.158606126395415,1.1814595569187565,1.2634036480370332,1.272002761942597,1.2193691535999676,1.2837340237192336,1.2873439679322576,1.3512892009709645,1.3051553875937678,1.2196331547189774,1.2028289224829427
1.3155191565016502,1.2961792638190668,1.248908585114705,1.2391287550012204,1.1845451869754007,1.2521176588531362,1.263995610807157,1.243240341952219,1.1808505354708667,1.200259856170969,1.2167725845785076,1.1631305122975437,1.1686406850516966,1.1683182904154206,1.1984083735409303,1.229691082858114,1.2158262085056037,1.1657172490233727,1.1725629141970684,1.2322537058675818,1.2030877314315596,1.1562900964264342,1.1707062213514008,1.2601437129017705,1.261790893344911,1.2289669060740653,1.2914299183635336,1.2944854234120844,1.365112368042722,1.297139643567207,1.2356435159175554,1.2124814808454614
1.302895444431941,1.283700674061394,1.2501203045434894,1.2378707459875329,1.1805573265220726,1.2505172943923744,1.2657771610684845,1.2208822336746017,1.189767247167921,1.2052921719868863,1.2148512286052036,1.1646191747599153,1.1801091009631588,1.1639681420542896,1.191896699045597,1.2262812026574912,1.2060028177235556,1.1526424127707526,1.1664455089825705,1.2086419056084436,1.1891932037365105,1.1655363402489634,1.1735751357758277,1.2339486650803817,1.2483917159563171,1.2296327236099998,1.2750114969133128,1.2747671059398031,1.3504404727800357,1.2735422336506157,1.226006948777303,1.1989827844850518
1.3042982852521483,1.3079094790516346,1.2446268187643945,1.2421213472836368,1.1844660923963335,1.240699185608156,1.2797944919104904,1.2251067108527354,1.2022714117859996,1.221113268640766,1.2353925540821065,1.1823117819856817,1.185280880578576,1.171084011596856,1.1993447325712316,1.241056275451262,1.2197254922153355,1.1610904685494614,1.1706399297102388,1.2221192013965023,1.1946127440719345,1.1845030148418365,1.173781314413747,1.257078031355246,1.2436823728308977,1.2353189230443786,1.2674546657974743,1.293884836364917,1.360002422898191,1.2875024777398114,1.2419059881480223,1.2116934111898714
1.309152901516286,1.283918951294165,1.2259783762130836,1.2402309640180256,1.1721421764811217,1.2358388474394493,1.2759169986557122,1.2179550270699933,1.1803275038324894,1.1995945969779056,1.209802617630359,1.158259246661798,1.1633720860848933,1.148278026451843,1.1869017769288857,1.243049629225106,1.2252123822032235,1.1587776339260176,1.1753948493223316,1.218934546657939,1.1917465123052133,1.1765546587026892,1.1783660047432187,1.245733950670569,1.2455128035654766,1.2311772408917199,1.278267422344184,1.2753987590111857,1.3317432610956175,1.2839145875124565,1.2236093967811936,1.2186190081246924
1.316811822277886,1.2956442879212537,1.2426652241290312,1.2370285809336892,1.1776188312019682,1.2365989479116277,1.2805850103010044,1.2010803510447452,1.1857055930829634,1.194688347019398,1.2247653758631591,1.1612473992238408,1.1667675243303346,1.1456157364915427,1.1730890946458798,1.2293802804745324,1.2218073030180494,1.1655546022913392,1.186066843083935,1.2239376066669454,1.1955387932171018,1.1885181324097236,1.1864163207771328,1.2523960273768555,1.249608127252028,1.2288029381130254,1.2777663609402734,1.272663588632914,1.3293308631700658,1.3063893285455368,1.2253501550980879,1.2173092570931796
1.3411022221322746,1.2942723268117728,1.2734210904584844,1.249902936177355,1.169295824276791,1.2574625951680958,1.2721025277674918,1.207340605901343,1.1868992167852657,1.1913136775864488,1.2262692856308568,1.1659196388536566,1.1635043460875,1.1410935786275904,1.1719311245394026,1.227091171866671,1.218714905874574,1.1619642050585823,1.1804337874810933,1.2032230504449322,1.1873667223209279,1.1876490520886032,1.1686988346590277,1.2275444709472598,1.2381743840628936,1.2174066159924848,1.2606890684687324,1.267789429316044,1.3276183617448847,1.307990017607072,1.20675525009239,1.2139504530547773
1.322326684022267,1.2465707092897456,1.2567334821222025,1.2431491334408096,1.1708651598105904,1.2614363675346452,1.263468910911164,1.210561264269422,1.1869756475844808,1.1954382279698856,1.2181730891152973,1.1614143493130682,1.1690336551725367,1.1395386705096213,1.1637753611191448,1.219915475486956,1.2124218260237687,1.1520781449207527,1.1648022283337165,1.1896218544089632,1.1782137839396827,1.1746090454956772,1.1699453570738625,1.230315062072497,1.233843023140889,1.227458669010475,1.2806348994814647,1.2634728363910686,1.3199380069886368,1.3103975119727933,1.2101369843344771,1.1993013587337888
1.3098199573340696,1.2490560077695985,1.2668312496503862,1.2616984703038927,1.173217596755525,1.2743486776039397,1.2498150621700668,1.2035527580479737,1.176748647771196,1.2068862465239498,1.2200059880205378,1.1572834537057752,1.1600578859536421,1.1379846179537314,1.1608122559585747,1.2114657656686159,1.1948492664323673,1.140992673405812,1.1615315258646592,1.1865957141308683,1.1771986972401878,1.167614726068364,1.1672331359446724,1.2196075022829145,1.2308509131081597,1.2021953431263166,1.2606278802122175,1.2602924368672912,1.3289240374294944,1.3025198097421276,1.1922057150773664,1.1873150031192725
1.2944569289582686,1.2471195473794954,1.2699840205941855,1.264531488536681,1.1598161716079676,1.2946581266514179,1.2455390397400183,1.2102682314450173,1.164064124663567,1.2138279082000252,1.2169162749316313,1.1557130621933294,1.1452749914405953,1.1370146543568598,1.1550833731627426,1.206240599832928,1.1905231672573793,1.1310008529683102,1.1568784822968246,1.196685579847294,1.1864126491739064,1.1633700612225184,1.177380935109807,1.250372890365773,1.233552454603916,1.2033315736169956,1.2705697778616276,1.2561762305541209,1.3100438077667684,1.2808839598605597,1.1756131403209888,1.1929222652283609
1.2988730998036273,1.265148036945663,1.2551370361260494,1.2755508524360712,1.1556857890687289,1.3171527392962274,1.2394375950684042,1.2320349801602468,1.165810194283807,1.2213418098812379,1.2233880351632445,1.1459593992640549,1.1431024794672946,1.1296659832217917,1.153830995176498,1.1951060522825492,1.1748691153821333,1.1228096347292356,1.1375304403321889,1.1817338915913462,1.172110699822945,1.1597426422774246,1.183216124589614,1.2463450686082709,1.2298071014413492,1.2004096504431194,1.2665751473369113,1.2631770664452406,1.2859807327531887,1.2703307318807369,1.1786831672476104,1.2142651158066196
1.3071706100411382,1.2780206756712944,1.2713935737138409,1.2709531188053145,1.1758577442751752,1.3296369682756077,1.2715803090655189,1.2367714828977636,1.165595679852407,1.2261755220603974,1.2416242442840526,1.1517299133484782,1.148039661080558,1.1243919184774351,1.1393152014936063,1.1868701258502175,1.172309684461079,1.1262475093464366,1.1571087545786254,1.2023772890517994,1.1993550335586083,1.1756519136992682,1.2078547367765706,1.2622970874983446,1.256274446034158,1.2165023351512,1.2845181148412625,1.2772193451374705,1.2892221368915147,1.2811648205073076,1.1928292624803356,1.2197837601140922
1.30118284952821,1.2851775724651877,1.2603445232814918,1.2700948993955532,1.1600643548272542,1.3257690144057903,1.229736640056215,1.2436871245524606,1.1677286823972366,1.2416676584432178,1.2312102832258227,1.1482484581569163,1.1419875352029427,1.1215512837857402,1.1368291852354844,1.1705271212855772,1.1520195786001928,1.1185406434825542,1.1575583736740143,1.2144295752183873,1.2201138838216243,1.1780509130061687,1.233073881533111,1.2680146378128032,1.275506610581413,1.2201216763562903,1.288475675436076,1.2772490574209363,1.2859003908391728,1.293881390759685,1.1941366222645435,1.2198779135927367
1.3147596731030113,1.3140852120858248,1.2505633011012256,1.2849900416992692,1.1761346137383704,1.3430904869051943,1.2331362258439473,1.2508472314196186,1.17234685659126,1.2548427258182324,1.2303682271096266,1.1332646223641445,1.1423240502275898,1.1058528260823217,1.1223626627034646,1.1337423066370738,1.12141168307617,1.0998205969433468,1.1397507301011114,1.1965599973031213,1.2139489537667907,1.1683921824593329,1.2325562666684486,1.2660481928670901,1.2890046492127303,1.23439350852913,1.2994386779062468,1.2799097354523845,1.26757218434845,1.293235226954016,1.2067487206954273,1.2148963272153255
1.3013036230126371,1.2744967854093525,1.2642503436425483,1.279660507039039,1.1841179908837485,1.3466652925203173,1.2497807916904693,1.2489202319176862,1.1923087980575822,1.2713241825855683,1.2537857444943519,1.1584440802528566,1.1510224513240606,1.124080960954628,1.1355345832516046,1.141035677897681,1.1148630313683847,1.0906995718001156,1.14214620847408,1.1945057100483718,1.2040337471717466,1.1632445659954933,1.2110758389553347,1.2656118063477302,1.2718192992528952,1.2055267675986268,1.2712550641209281,1.2750568217915506,1.2842592254344412,1.2698453482661907,1.176212964326792,1.2163117410077322
1.3076347649855142,1.2878613821884874,1.2497592324289006,1.2786033559246652,1.1795771953512069,1.3386626150663896,1.2569798044304128,1.2313684791090216,1.1787462552207766,1.2585685473379102,1.2441135858826575,1.1450802890717953,1.1486178464369978,1.1364732129955675,1.1618019951673952,1.1538807026167641,1.1258473009166536,1.0983489033995362,1.1389106750262201,1.1878961894124398,1.2032093483146509,1.168819339529429,1.2220211688190827,1.2551797350337617,1.2827054472077906,1.2207598546687872,1.2791321547027785,1.276250343617602,1.2848013081654424,1.2580721760234927,1.1947091095478373,1.2034632835121366
1.2844727245162249,1.2936495466534712,1.256894238396424,1.26740441628205,1.177215371394918,1.3172553539886125,1.264781510212873,1.2285620820114518,1.1848851647430458,1.2647389130032662,1.2500833281886967,1.14476027276525,1.1550967736309765,1.1282495935795462,1.1531719975498416,1.1506422040556539,1.131625878478847,1.1087108988916257,1.153387900036717,1.1994293331920105,1.2239526691825984,1.196891839683119,1.246013539805628,1.2643416296915821,1.2884609791792703,1.2220986786166865,1.2752359882540165,1.2779164792851085,1.274393060402219,1.246925863602004,1.1941051533446068,1.2158477255526159
1.2791658392339,1.2746432112024901,1.2513738327517958,1.2681871033272305,1.1887828723394758,1.3159018987211628,1.2732919622588363,1.2141639626483474,1.1771846989894925,1.2713854142156307,1.268934890511952,1.1443708016944296,1.1435462337490265,1.1322122053557642,1.1641177849456592,1.1627816809160814,1.1433609079714364,1.1140010877242508,1.1328630655246255,1.1979808710414794,1.21520998784682,1.1801135155607818,1.2372866167816678,1.2680919631492185,1.273212786826353,1.238698740741989,1.2719318242458348,1.2562375727907245,1.2675784418979652,1.2635281038044015,1.199288966767757,1.2176822358085366
1.293005894136494,1.3053832589788528,1.2433363529336783,1.24376694145269,1.1776930758906896,1.2993964095094386,1.2688719368430315,1.236664211277874,1.1930239942811858,1.2551400480377584,1.2591071826157239,1.1523606499159738,1.1598255454396287,1.1300779501369558,1.1642461234775239,1.1599285149680973,1.1426206701047361,1.136364993758557,1.1616981283157155,1.236966998404251,1.2581798187169322,1.1990449303965731,1.2583686082395007,1.3193542181210256,1.299016923174287,1.2467018139683148,1.2849311299850505,1.2673447051903366,1.2532871659735831,1.2590737628235036,1.202811673438047,1.2173993010561475
1.2910434979315626,1.2937889508278093,1.2541993182043076,1.2540525965580895,1.186497189882866,1.2973664342122682,1.2675307575838601,1.2335027527204891,1.2145158034975758,1.2457195948793502,1.262345731792886,1.1548373306445492,1.1691283754377366,1.1373391052659574,1.1760335267955202,1.1824143101359308,1.1671009353009187,1.1455464171019138,1.1578891179954158,1.2228952044591,1.2337668121863574,1.213814652554627,1.2390051502603872,1.2814410268769532,1.2758809437654428,1.2420817857697306,1.2825013820790168,1.2481026822993213,1.252666098705138,1.274376075230812,1.205509674612896,1.2285283754485286
1.3022913623219166,1.2869855156549272,1.2579864120067938,1.2545252651255885,1.1849535471792167,1.284153569317276,1.2512179504885348,1.2324834147619537,1.2013069121732283,1.247973407231511,1.270496227767219,1.1556846060521833,1.161095700418531,1.1390754940527914,1.182694290327968,1.1751348624411608,1.1520649851537257,1.135463281933961,1.1536651466448116,1.2230055650640042,1.2430906846769059,1.217725785770952,1.250500184406395,1.288381509891188,1.2757536190678374,1.2422276165995603,1.2793191262048338,1.259560130244206,1.2524753552734265,1.264445759064225,1.203201055719318,1.2425301911757454
1.3079849833057717,1.29062755400197,1.2560018840455445,1.2481845574402044,1.16490187355359,1.2821042563824685,1.2349533768949161,1.234076665632255,1.208369444780166,1.238088684569332,1.2545359240505576,1.1657795999155547,1.169221647407999,1.1586491133769683,1.2006975664053592,1.199062310151427,1.1738095227117904,1.1580367127191393,1.1641016231386905,1.2333479610788032,1.2495026948080856,1.2182255938894937,1.2516179938473444,1.2875771465155348,1.2738695979278711,1.2313423859436965,1.2750258967428718,1.2543702421755403,1.2649105740799276,1.2668679242814676,1.1943784944179712,1.2171119184925783
1.2837369506554461,1.3009339133504734,1.2371480045208387,1.2588907343943303,1.1778804241822562,1.2945604318227566,1.2220755191175146,1.2430307351257712,1.1959216253568923,1.229660721331382,1.2491295731750836,1.1676987639667369,1.1742360621270531,1.1661625307738732,1.2192135681925804,1.22493787436544,1.2133745664903905,1.1893096446284814,1.1737027778075357,1.2251221160873602,1.234218476358754,1.2194039696809853,1.2335345679553966,1.270911619591935,1.2473511056838482,1.209537724820234,1.250376030457413,1.2441205352599307,1.260391512778326,1.2730331725450457,1.2038514039668542,1.2162843329501745
1.2802125174053562,1.3120951636621005,1.2551008175080414,1.2594604515304648,1.1721984595526154,1.288876100492406,1.230344567551664,1.2281359967406562,1.200089358583713,1.223540020814105,1.241419790838441,1.1677895937536542,1.1654176327055246,1.1694095921783858,1.2291954765175686,1.2401990263545766,1.227528668838457,1.1843306079823135,1.165633187598007,1.22799775605578,1.2374223053124642,1.205477919018459,1.244885310603489,1.274622255301084,1.2534953322662736,1.21637994401793,1.2460233575381259,1.2344233223280658,1.2853231163605472,1.2682866179026229,1.2060027876078538,1.2221770742484004
1.2787932367472743,1.3026880111697299,1.2604167112438025,1.2650178971268116,1.1824293875851173,1.2945057029449383,1.2211606958800627,1.2554170021811975,1.182682091238556,1.2177651345816143,1.2253940277874191,1.1515678149186093,1.1517061893751712,1.145622710414231,1.1963191370267232,1.2195245395621588,1.218535495207913,1.1769511821985268,1.1625716105235464,1.2250083793012563,1.2431031336204617,1.2163801063022908,1.254845917695466,1.2822270308639896,1.2473727377700663,1.2176808867045559,1.252841160876121,1.2390691266597214,1.2561833139425174,1.2675696148175943,1.202838422172974,1.2361442094103081
1.288876083821286,1.2976793744367476,1.2886574870412282,1.288464237999732,1.1831301815013007,1.3280136047086397,1.2001358587908801,1.25435025075803,1.181086273840857,1.219055705609503,1.236654853408541,1.1706652233667487,1.1546711644436933,1.1595969986673074,1.2134647900250253,1.2286934229416835,1.2215025790189442,1.1735136397238997,1.167271603635817,1.2265427340586277,1.2395665322907878,1.201778525427273,1.2329340768169128,1.2773513128580058,1.2324097113648071,1.19603443929241,1.2380767839898394,1.255599656123688,1.2705179175465893,1.2685367245889068,1.1998961449427978,1.21579039070836
1.2947647404844587,1.3281888045791064,1.2868279743303792,1.289297625012485,1.1848005724123258,1.332406669704696,1.2204481283869897,1.2665257306488547,1.1759610622241474,1.2255980249341887,1.2506656183747935,1.1751522202396063,1.1529257842162535,1.1662831656954915,1.2221428088423942,1.2303402753518753,1.211983575430169,1.1798411632580557,1.163157830482551,1.2291272680344907,1.2502535392237035,1.199461670689421,1.2417228717841662,1.2854361765216031,1.2443771639437657,1.2063063923646715,1.251391374080056,1.2628059739373043,1.2682277935421549,1.2860664838569398,1.205228561800308,1.2394937528727372
1.3068297530110053,1.3378916773643075,1.268328191289096,1.2978273852204267,1.1911242409384704,1.3264271279111919,1.2092670772555707,1.2644228148302497,1.1892771460397562,1.229880546621044,1.2523099442708174,1.1749389722395707,1.1655286015395991,1.1801990733458385,1.2316372088422955,1.2340834149821405,1.2080476715707287,1.1663261068232753,1.1801183793466417,1.2224559336839214,1.2487035907948663,1.2086344836349474,1.2473583177997014,1.283037154654657,1.2490046655435505,1.2098958231186936,1.256137459816892,1.287523822779201,1.3072404290182897,1.296335024680338,1.2204884141088082,1.237041902599118
1.2985028198390463,1.33073685837988,1.276824548330387,1.2992513842001079,1.2003393670044284,1.3351657066852876,1.2099709093458002,1.2684130278577468,1.1932408887105705,1.243709953696531,1.264528025926677,1.197083679389067,1.1623114421422636,1.1928317894639375,1.2377445989416256,1.2307528124051157,1.208596707119886,1.1603782650324979,1.1707527470978527,1.2254871668320702,1.2530085380165719,1.1972189126968429,1.2551849916093807,1.2750579503684139,1.2688805641552279,1.2336459206890802,1.2540589386053496,1.2806540859697049,1.314178160266609,1.2882390909218318,1.2228326055610683,1.2252391944267196
1.3056520173695554,1.3474973913920416,1.2836539027377216,1.336762638416287,1.190707718119645,1.3797861531488163,1.217921073415602,1.2933870810267782,1.197190759348191,1.249505629058227,1.2667865295222624,1.2102258047692303,1.160802082419275,1.209024663023957,1.248817897348147,1.2246079582275187,1.1879964636589484,1.1531554714410905,1.1918192285152494,1.245773542683888,1.2855351832150412,1.2104403134239408,1.2870892282164599,1.2818845266798935,1.298246348851166,1.2417852380310241,1.2669116155955658,1.2906011359746785,1.3229074041399729,1.2834939668622964,1.23849243410834,1.2398740128562646
1.2927179830640063,1.326991063026068,1.2702964122814495,1.2986423287419833,1.2023179677096005,1.34089302409124,1.2284875312518744,1.2789276398408798,1.2136076840023635,1.2497445854154838,1.2487184546135353,1.2195480005315837,1.186625636631103,1.2193276199636975,1.2499315366035246,1.2365310003530083,1.2098363231499496,1.173626235969132,1.193091807258343,1.2261466226882756,1.2545305066149368,1.1950531505547195,1.2493597822814015,1.243075453713778,1.2482555144556962,1.2321671825417464,1.2456240177981466,1.2509166623056411,1.3052077161631697,1.2645727486211304,1.2425076256340737,1.225037499762832
1.2721475723323397,1.331484812948437,1.2704931608183314,1.3061433031055143,1.2183033260318583,1.364716033351606,1.2478116406801456,1.3015128682104005,1.2045576633608854,1.2441154600249256,1.2472569490047882,1.2220627136235485,1.1773128774721193,1.2231722666048916,1.2456969888274059,1.2217570991506637,1.1937045741927734,1.153279240488079,1.204856966539819,1.220206648076869,1.2592128328476542,1.2005119883938946,1.263641770305602,1.2501793196252948,1.2486860099939248,1.2516414601682682,1.2538987568877873,1.2440859529623483,1.3167609790584853,1.2502561315466136,1.2302687133661045,1.235011284049593
1.27880131904217,1.301762955526212,1.2733024337465277,1.2910235349479304,1.2122240776722404,1.364463537315633,1.255143247809058,1.2758377247366488,1.2133361518418346,1.2635798885522194,1.2579796713014428,1.2244464557015515,1.1816045401302238,1.2259471279131993,1.2521953081494268,1.2298039129446088,1.200832419825862,1.1607933940646011,1.2111463451795914,1.226548661860891,1.2729019272765323,1.2095440420008257,1.2692810819499034,1.269320628910179,1.2585814664288708,1.2609300938402004,1.2687209189996969,1.2540486985069237,1.2924493003744917,1.2558245969113198,1.2293506451754477,1.2442167785341147
1.2617964988992183,1.2851948847788963,1.260901858788085,1.2939500264392945,1.2208261061918888,1.36741865132926,1.2647573126592293,1.2934319052563692,1.2173855319008366,1.2926657506663852,1.2799381685265072,1.2452687616329394,1.2088396124362983,1.2427599443286839,1.250906234011302,1.2157258312362045,1.1911893368973536,1.1765108239554483,1.2408429375557595,1.2517065868329158,1.2911039025352222,1.2198780020967004,1.2700848788030341,1.2638175961884124,1.2526324770428874,1.2649450123526969,1.269086154701651,1.2524730418009458,1.2794006218665999,1.2522890359131005,1.2288154597494398,1.2462808288049807
1.2703500885215913,1.307020642934775,1.2554031316923424,1.2807782494104052,1.2158294566580015,1.3537784522183365,1.2620178724188111,1.2975832809586552,1.2158595940561352,1.2861663712334912,1.264745773774928,1.2199616428981723,1.2080585925001528,1.2168049988253047,1.2382715835105325,1.213873636847691,1.1909317736784772,1.170607775645448,1.2218945785954332,1.2447244866813147,1.2702335151270696,1.2022450741784756,1.2508656155644073,1.2706646393752172,1.261618560319639,1.2767154512805297,1.2738017728213586,1.2631636188468147,1.2934175841829407,1.2609302120834938,1.2599778801066144,1.2469649598345842
1.2673128754088654,1.2945624976087367,1.2382678844722486,1.275401851713853,1.212664019792449,1.342032861414775,1.2881274223990664,1.2928443612262788,1.2152161225664646,1.2784988742615337,1.2479385437555257,1.2123934555190234,1.2044299197966402,1.2071332884673984,1.2243572335339046,1.1999193924664469,1.1887444518104668,1.171134321150897,1.2217879708865758,1.2477121200353316,1.2764400080371907,1.2054494084391447,1.2628840217217217,1.2668849578088508,1.2779934638902022,1.2684667205230071,1.2710930533950449,1.2516339694595346,1.2853623662635578,1.2627436001793018,1.2516666616526386,1.2418919473217123
1.240585720509014,1.2714892054766846,1.2224468005020535,1.2692706298789687,1.2175307516408729,1.319987732101096,1.264369065849733,1.2947111474858615,1.1998553104160121,1.258265509990153,1.2149865926026495,1.190427541384157,1.1894728541707027,1.1841094637363443,1.202971606270961,1.185949690949838,1.1758131475526588,1.1665491695515138,1.221074849492385,1.2392504601956205,1.265555786085061,1.210034431741683,1.253610779582171,1.256605974505406,1.2683944776319362,1.2629110628295397,1.2602202768626212,1.2297164173937507,1.2661469702629067,1.2397264520083946,1.2427867605677554,1.2359124135776631
1.2523094137136246,1.2605988014597818,1.21967372248723,1.2654962297259642,1.2250165545291745,1.3378381792205956,1.243687407442745,1.2753204650871361,1.1950048646856593,1.245443426319271,1.2017067195997335,1.176397378297277,1.1991317072628394,1.1698272870910074,1.1874093203151708,1.1777048595677446,1.1767432605373755,1.178787189557747,1.2285878683673435,1.2445156868546368,1.260890562149607,1.2053971990011583,1.2464435294759342,1.244245737460928,1.26066426098746,1.243432845980736,1.261709653696881,1.220725933319026,1.2388776179392273,1.223253248181714,1.2361519847405276,1.231559734535815
1.266793006842949,1.2413698360220002,1.197299024122067,1.2479166830520934,1.2246276259248172,1.28751090466091,1.2140838711185482,1.2643000841535272,1.1846054464942233,1.2343331320296698,1.202570035260766,1.1785532119460913,1.2008403762783217,1.174112807462494,1.1934065394044369,1.191494131521427,1.1881963875252057,1.185464152382571,1.2331024090776082,1.2328608354891293,1.2537180186647823,1.2134179461733285,1.2603518955890793,1.2498905803014897,1.2729247137368753,1.2694018961283862,1.2791823078671485,1.2331960952324168,1.2451130248008242,1.2397137380609409,1.2497921714663194,1.2340532787207492
1.2590124747096736,1.2187038648774757,1.1926663883419397,1.2441198573912409,1.2087269528733076,1.2743695699065958,1.21492239332504,1.251556033883688,1.1830811865531263,1.2159817803115298,1.1840025533832395,1.1686096238085757,1.2075865675286892,1.1626663387099698,1.1792299839475675,1.1880131885696132,1.2039986778069016,1.2010768811761994,1.2397875002648164,1.233480156351174,1.2464226983030817,1.2130012174517264,1.2500819436911594,1.2431801399497717,1.2572053304118016,1.25255908745754,1.253375604296035,1.2258017960674905,1.2511787806913168,1.232473640110793,1.2327691581983755,1.212032250078303
1.2534949914514062,1.2132708125996308,1.2065097079172655,1.2327499976709055,1.2057338452929989,1.2683653155391386,1.206523957464227,1.2463723917692748,1.1584411983459861,1.218464599965159,1.1882636859574778,1.1577772512402247,1.1741674941797837,1.1429548756026706,1.1574000623427105,1.162666619804902,1.1730148243011331,1.1673317708056195,1.2080407324452338,1.2194554077079947,1.2301314448964242,1.2051213251018187,1.225057959146459,1.2478863316157185,1.2495837154787162,1.240233564657009,1.251375964091955,1.2152777029803927,1.2422284653827111,1.2352478778441218,1.2313517768262914,1.200007180620545
1.2462640376641163,1.2030153701487463,1.2123798746502195,1.2213938817097652,1.1939097240797556,1.2495157310982972,1.2098713267017454,1.238586617621844,1.1758715375289133,1.225985755470034,1.2054724587104806,1.1655591968540027,1.1783413002338698,1.15200545743129,1.1724078794341457,1.1777295060250925,1.1854116938902448,1.1823042312240664,1.1978376074764023,1.2136630589110196,1.216929240059387,1.1997523109383599,1.2007657407827514,1.2403558296367974,1.234056677573351,1.2035462234974192,1.228732023235033,1.2145029025065752,1.2263346319382564,1.2175361721777536,1.206235908625138,1.1855178483371056
1.2378637964254895,1.1882986175091361,1.1973637865226874,1.206278339037648,1.1808608637723148,1.2328312611803982,1.1839450639093736,1.2320830728904317,1.1672033481388926,1.2130293181248193,1.1779504336230886,1.1456043347430815,1.1500515450955764,1.126253710108934,1.1479502892712072,1.1619044820405786,1.168480242297393,1.1492133824277384,1.1593439941495143,1.195534210332259,1.2033750441379458,1.173884508087524,1.1939098878217076,1.236398876027193,1.2410809343990612,1.1999908514434137,1.2187131362503973,1.2111096349340171,1.2286245130345808,1.2232252994115242,1.2016175773938123,1.176089503929096
1.2486731383043357,1.1960295775638006,1.1934806399301976,1.2094176473586964,1.169358331318882,1.2428371651862207,1.1765817354251646,1.227615235107266,1.1528617736646158,1.1798231380676458,1.1703132686175863,1.1457276378804562,1.1562732375751683,1.1380616019260186,1.1512246089545737,1.1752132727928164,1.1819873907743175,1.1542268036412453,1.1737087498701193,1.210109614129549,1.2045669073214829,1.17494304828424,1.1837900721103145,1.2438028357138804,1.2477032087352504,1.1833388985305962,1.2038075872396807,1.2071024903218095,1.224323807289012,1.2212977215455092,1.193897877963929,1.1605255317167373
1.2265412416726287,1.199422712065378,1.1871463549794,1.2170170280067294,1.1744833925154157,1.2658378289291226,1.1834714822963281,1.2341302631252467,1.1470848854737117,1.1753201067339336,1.1922064485868904,1.1429480496179572,1.1461079658424003,1.1341111052921766,1.1509392575683555,1.1672472850385478,1.1702278755773883,1.1414921831557414,1.1571420459198904,1.203977720801703,1.200801327709824,1.168210819099195,1.1782313150169872,1.2264173276521082,1.2437710529363726,1.181393202120881,1.1923104032323268,1.1940896124743123,1.2373448567343548,1.219553380358554,1.1840332736684462,1.1675865313188678
1.2325581802140846,1.1982128760690482,1.1671990139221393,1.2021906847046646,1.1651278981457889,1.2330601149969498,1.1740897804136596,1.206406677142272,1.162047138782437,1.1813802886496088,1.1927252290928647,1.1565437566691665,1.1457346162898374,1.1410447632122838,1.1636673295782256,1.1732339520107546,1.1684762007545286,1.1351962822415027,1.1536681529552353,1.2025222130379063,1.191894277095758,1.169434801473587,1.1651863859235518,1.232286953685073,1.2477198908274303,1.1871742518922563,1.1894104377199923,1.1958832371006776,1.2361189356807438,1.203757058642025,1.1808293628244475,1.1618839222175241
1.2208200571294645,1.2015207349880126,1.181654483031428,1.2135885875027794,1.165355828383586,1.252402089884656,1.1866998409679357,1.2304560183862834,1.1769904332188144,1.2174628058710892,1.224381763704935,1.196455666105928,1.1624415668498072,1.1752378350406523,1.1932292134135898,1.1974010491352056,1.1883064386148123,1.141344308108444,1.1587215291787312,1.1981497531580536,1.1935608669385378,1.1747783662312319,1.172280772588585,1.233989110345184,1.2443252086403778,1.1816786327091786,1.1873242672456512,1.1953281793156505,1.2412796764351612,1.1940617810320515,1.1742747228227717,1.1808604736135067
1.2226890149148548,1.2129731044368055,1.2094418702713685,1.220650141296658,1.1682133762117717,1.2719587825331706,1.1885217793652196,1.22785021220057,1.1576970210262267,1.197792713126738,1.206527235152584,1.1763032870006873,1.150174634285548,1.1573879904887707,1.1803841317528991,1.1881313655421064,1.1891539954710506,1.1436652987757256,1.1616214920115686,1.2130243480207012,1.2005879065293326,1.1721404273140106,1.175313184047851,1.2490379427590743,1.250648894805055,1.1914266649056469,1.1937554842833051,1.1962710015420914,1.2543937020017673,1.1986844164056072,1.185900098924468,1.1747496672026307
1.2163130056273443,1.210380208812509,1.2151090326394502,1.21259540680295,1.1509502452795768,1.277171631857891,1.1921039805574918,1.211708111745172,1.1539416226715093,1.2046660003481007,1.203233069924956,1.1725511660009338,1.1459219038281698,1.1557261650918051,1.1821123227327601,1.1805784627569826,1.171677775662425,1.1297258741712415,1.1415699603340024,1.2089950365647417,1.1841381797039066,1.159959441677164,1.1588663894452895,1.252659865461464,1.2516705809871078,1.177432315996183,1.1829761279856192,1.196108185459326,1.2434866964919469,1.1969711771006863,1.1714955968505858,1.1674428929410448
1.193608477410709,1.2209338573907327,1.2122088062363552,1.184691860873534,1.1218024133324749,1.2716688323562781,1.2082593930628072,1.2065007579084939,1.1569018222915706,1.2070762069425338,1.2119706822862122,1.1786192768573533,1.1469430835469763,1.1646209865409203,1.1908482190665555,1.1814725263734058,1.1613289288842001,1.1197643703825124,1.129067225634461,1.2011162173204841,1.1719589309012948,1.1403876520505594,1.143268496744294,1.2440139933531722,1.2411829751088779,1.1524492447425283,1.1678979794046098,1.1740572916127328,1.2354406168867293,1.171814602429233,1.1440566735454094,1.1549069177866464
1.2083468030165714,1.2350863450217215,1.2252838972872098,1.1869034741109117,1.1259004352193425,1.2720788774977925,1.2121415963058557,1.2135187752731154,1.1679516091191602,1.2026925592184137,1.2171222180825085,1.183220332583887,1.158062349980444,1.1754131964041719,1.2017262324735725,1.1865380620800126,1.1645403300246249,1.1225507908904522,1.1428282690497762,1.2236784706869932,1.181833430884008,1.1434287681337683,1.1516826548934254,1.2562284408306117,1.252007118311957,1.1794083641157986,1.1850935683720318,1.2011979972681661,1.259491911623241,1.1918308698216067,1.163639195555215,1.1566028885032633
1.194148400638805,1.2253541498655747,1.2244750672019615,1.1998719449025663,1.1280135216385843,1.2729737233134808,1.2163689136584794,1.21480038225527,1.1637302749409466,1.2095362240476961,1.2163589563086876,1.186896780519019,1.1604525667055376,1.1761661656447382,1.2034690535692272,1.2019324743338415,1.193440663299624,1.1339393035128225,1.1488379584872024,1.2254595037794431,1.1792624214107583,1.1321608858531342,1.1486700186994891,1.250561295300633,1.2387031356438476,1.1563651950473333,1.1799717424161755,1.1767948668044363,1.2485342800915502,1.1890385856304755,1.1583337067411734,1.1507005424565542
1.190672667210148,1.2325979190604155,1.2108116478451016,1.2028141419564329,1.125014432609608,1.2743597639760122,1.2183245773559872,1.2089875879287169,1.1600285210880505,1.2026736609082997,1.2189834567701843,1.1879005807630558,1.1669009692381411,1.189073224334162,1.2181561969994925,1.2054769684761455,1.1915733929516141,1.13627700156529,1.1521509676622206,1.223346076457787,1.1747572096223786,1.1407761770571831,1.1534924306045877,1.2419914501456117,1.2417487164620205,1.1570520138864762,1.192170807520184,1.1853208838079408,1.2490725458974576,1.1883328243162972,1.142328922031144,1.1480861433976053
1.2049671712550152,1.242949663289165,1.2361771749517116,1.2036591205498186,1.1383711942949983,1.2722255091317705,1.2212720673668387,1.1923436998980792,1.1497481374179435,1.2120498312813022,1.2343612508677337,1.1864265152708893,1.150749538437463,1.181880089983246,1.2184297612867214,1.205117217121665,1.1934587897594933,1.1474382805807666,1.164670394001489,1.2365978460783702,1.1896442915778889,1.1437323311094338,1.1605553303020644,1.2512075311776385,1.2347937123711272,1.1739788841134629,1.1992671614499422,1.2072452664064233,1.2599171402940932,1.1979115454066531,1.1697905116070908,1.1561346732488018
1.2088103523122262,1.2379473009267106,1.2602935581860075,1.2156457996328471,1.1417695532680907,1.249690830449881,1.2305138564805251,1.165607850524928,1.1433305118771877,1.2162759997165724,1.234961313717342,1.1843303119700075,1.1567976092698053,1.1939988441359972,1.2180122045722062,1.196461953840134,1.1766691309506803,1.1397880257927258,1.149567716630204,1.207930037492842,1.1620349613145782,1.1228608451501605,1.14274601964183,1.232359482025278,1.2154110176843302,1.1481719520406997,1.1949771756237912,1.1892705711178708,1.243189291631866,1.179509980912109,1.1717374810618455,1.132525145697111
1.1961945920152102,1.2268718868461512,1.2595409901899526,1.1952597304526944,1.1167383114935914,1.255728669003914,1.2207511219321674,1.154238497924009,1.1249402773331478,1.2008889316802651,1.225566018350356,1.1598529355310387,1.1457722916611366,1.1788717752683928,1.19903595224335,1.1939176073569784,1.1798658503460138,1.1544447242854037,1.161530910334885,1.21748940599385,1.1829719326317323,1.1381105611181344,1.1575137823298813,1.2293137256237716,1.2123776519129699,1.1433839713285476,1.1985444844288389,1.1870935734005759,1.2461088182278002,1.180112423651989,1.14693495904799,1.1327184652972524
1.1886922465612597,1.2083493404990155,1.246917575702038,1.1887955975238276,1.114261086011908,1.2448141452642036,1.2229517080852914,1.1754980254814207,1.122934119883813,1.2105530163933165,1.2164508370230782,1.1529582818781658,1.142460942852617,1.165903234835653,1.194976584412346,1.1961777116961294,1.1872094216049758,1.1762197493011475,1.1731607619874187,1.227244692015814,1.1942849812053329,1.1333047149442055,1.1589048956522348,1.2374630989087987,1.2174685254158912,1.1315707830154977,1.1855353629886802,1.1897089391725442,1.2357790938611115,1.1740935017500442,1.1399623100730192,1.1195750471075498
1.1910914122906904,1.2089902731166335,1.2522928366255581,1.1836162023841827,1.1252208845313185,1.2438969337272503,1.233959070041751,1.1699297939302553,1.126618453022375,1.2189673261788119,1.2271558436338676,1.1601492861085805,1.140664005773792,1.1682002428967795,1.1980142149489592,1.1874627921131031,1.1777054655519605,1.1761761225830545,1.1662738262889447,1.2081072958471473,1.1843984727219317,1.1330310407457336,1.1517745922723523,1.2173178326976906,1.202989599764116,1.136467499774318,1.1828531673471736,1.1859082861433776,1.2282864964860811,1.1793771017933299,1.1439165943840264,1.125688830786139
1.1847331986509733,1.2005902613233346,1.241026737466836,1.1899510672487712,1.117970117848007,1.2488491548624345,1.2176204450987274,1.170664470361939,1.1115769473869557,1.2016986597871628,1.2145529898861067,1.1467918281375142,1.1297402062070128,1.179221808801667,1.2149617176696716,1.2119816211968109,1.2002692091185918,1.1995558235697041,1.179708009956756,1.208510807463093,1.1950476010061601,1.1409687831028488,1.1597296026291568,1.209783724583708,1.20268055804773,1.1320598982598176,1.1890363863356153,1.1888508925213817,1.2339363021529322,1.1875070921149873,1.1453680266417041,1.1208065015244484
1.189849188438626,1.1953832899591412,1.2393938269573233,1.1663094697529854,1.1153345833839587,1.2610060681169761,1.211930219436731,1.179340228090002,1.10051612894151,1.2041440885515007,1.2102878855893582,1.1347802192800687,1.1277737018161829,1.165303614215421,1.1991717966474877,1.2026224509636125,1.200905391966996,1.2050562162606575,1.1905230330682235,1.2116289043076323,1.2016159675917635,1.1573193625581257,1.167464298501824,1.2075800498310016,1.208473913118409,1.1407383141356553,1.2006286084209306,1.1884493297762555,1.2102062869326347,1.1886138648102356,1.1402531943622498,1.1378458568156782
1.1989852707228785,1.2184432405963523,1.2386657465205553,1.1636494147810563,1.1160373518577362,1.251423359289103,1.225922765464908,1.1916787789872652,1.1022688183743647,1.2078845819896256,1.217347326032024,1.141700915233684,1.136379878054594,1.1740095107848874,1.2017385237819018,1.2006340284445327,1.2025535033991352,1.2078529139120675,1.1904680904507454,1.2095518139442234,1.2042440132661438,1.1647629549064449,1.168408491176131,1.2062987061119426,1.219295187900984,1.1402997259246415,1.2092601058022523,1.1892262578134127,1.2058412089519395,1.190027746936048,1.14202843831528,1.1404024622504187
1.2075330928717511,1.232143118265924,1.2553544463276929,1.1839754018666746,1.1282348680570722,1.2817721771036092,1.2421747804246919,1.2056379275872506,1.1090752521943108,1.2039234899308606,1.2092749386910564,1.1407295189427966,1.1350826717929599,1.1649089129856123,1.2002464749407165,1.1933418336194686,1.182793928258033,1.1966978740614775,1.1811180083571666,1.2078688174828671,1.203425843322791,1.1619388879737744,1.1668917152429215,1.2144928657133107,1.2181643803022457,1.1527500470129428,1.211047587123286,1.1917168086879335,1.2130557135465192,1.185106687411315,1.1504657567558363,1.1375037313421945
1.2157739447031588,1.2283820376988728,1.2606486611402887,1.1938413489928286,1.135372058545867,1.2640843659354721,1.2419997032182692,1.197666025127924,1.093604390804648,1.1873771299312326,1.1999667689437112,1.1197690925474661,1.118861633369624,1.155756171328742,1.1927768513347932,1.1911222758890412,1.1834944377737042,1.1865300890512347,1.1761819251430579,1.2047319358128405,1.2077574271528988,1.1627848289172937,1.1747661735897577,1.2200727715181905,1.2392590580512564,1.1562588346141125,1.2135702146372518,1.191336715830721,1.2142765391628858,1.2061639822414194,1.154477311817699,1.1386662850118765
1.2173885626917254,1.2258293775253637,1.24502603713287,1.1905608993854404,1.1399472433028703,1.2635413242967337,1.2426891695442697,1.2058939837206533,1.1000780025159287,1.2044598028711127,1.227354762657969,1.134715986222,1.1334085869090655,1.172184530545574,1.215523803779836,1.2081162749157677,1.1955814454566367,1.1886047462058973,1.1783382378353136,1.2172523003924793,1.2102592038764806,1.1610800510555175,1.1759232777322168,1.228009234542696,1.2338581253808527,1.1566715337767186,1.2214411631307627,1.201608371629911,1.206314237221328,1.2127089349626872,1.1417652425700364,1.1435544937407909
1.197112962187508,1.224620882060243,1.2414248347261674,1.1834842701764317,1.12753494766203,1.246144964571647,1.2121806094549792,1.2041150151628965,1.1046469251877973,1.182984583595587,1.1815511599955866,1.1304789803822162,1.1294408925589943,1.1556018354193347,1.1972507044609906,1.187732529613227,1.173660534291816,1.16937029304707,1.157509318821266,1.2055670560108454,1.2008921157206955,1.1404418385908088,1.156937244734827,1.229577616716077,1.2185186638254397,1.1478262133927435,1.1912204908375101,1.1968596961867803,1.197437168147067,1.2136275176944675,1.1249084905719755,1.141872109292778
1.2092051928840684,1.2073778994771276,1.2264839497020519,1.1933183713463744,1.1412054549773605,1.2435559282657154,1.218091545700458,1.2148301549386786,1.1284225348073014,1.2056878544471932,1.2062680864746913,1.1509742699006045,1.1409681089922326,1.1738183121787575,1.200526294823188,1.1865212405770034,1.171204306504967,1.1586814044760976,1.142293007432294,1.1774560131064877,1.1822895323622729,1.1413339422174347,1.1485430299594084,1.2165460963551165,1.2090624065698168,1.1457154141023471,1.1924120570245056,1.188335411781949,1.1979040127970888,1.211510779083791,1.133016494320969,1.137319891933329
1.21051777773244,1.2317073416039857,1.2346712986452895,1.203899756596568,1.14204749063288,1.247677333842177,1.2007140283640305,1.1883325340469268,1.1172749548566976,1.1604473393977406,1.1786863022303438,1.1379620882990016,1.1306696960731657,1.1712459782924105,1.1988328503024337,1.177410809861205,1.1567331789483928,1.1355715675034255,1.1244505444745236,1.155547160995464,1.1581858203036532,1.1379704560261332,1.1404497108753764,1.1956570948351153,1.193185907184995,1.1532866577474294,1.189891863567039,1.1842671112295684,1.196127829645157,1.214584964015577,1.1338457183457664,1.138356678296158
1.2186540179622947,1.2431247769174125,1.2287848298639932,1.2136938032384956,1.149088203670555,1.2432739311535626,1.1771880827728205,1.1825608615147831,1.1206039599667175,1.1601198789913307,1.1759797502625333,1.127785162310236,1.1244523808791624,1.1569334196468102,1.1885200957732152,1.1719949249632289,1.153286645170033,1.1248243216053881,1.1169337331227152,1.1456475432752007,1.1535367380505126,1.139647371049279,1.14421060864166,1.2015916193534317,1.1973911431360469,1.1667966197000788,1.206327803316656,1.1876428351993944,1.2127439660716923,1.225719221057049,1.1569024101734522,1.1417112741085464
1.2295815339635052,1.244785057571412,1.219500659206539,1.2155066203586633,1.1502980864810048,1.2404448415557034,1.1786850322810534,1.167084402188617,1.1315973816852842,1.1512825107683824,1.1736195983825972,1.1298833749262274,1.1302550526655724,1.1474678344961926,1.1820954246427964,1.1650925835055395,1.1419440772110736,1.1172486244279312,1.1190058783298504,1.1524588847193384,1.161814971909587,1.1360219636548923,1.1437950963940555,1.2035588043716823,1.1944447541223746,1.1520592222177726,1.186628810633568,1.1876272918059747,1.202674995089133,1.2263573155228367,1.1404592852234374,1.1310167489891523
1.2344694026563723,1.2532158875805415,1.2269940332537665,1.2257662017669273,1.1565634837247072,1.2347511792714803,1.1829172194933077,1.1637656460729284,1.1372301816743364,1.1676682806281946,1.194069483329446,1.1255762097561806,1.1230944496130881,1.1393469340812965,1.1733132091593637,1.151089365691894,1.129473315855501,1.1110307163941373,1.1173358445304624,1.1605409902309434,1.1666482827496825,1.1319311553682032,1.14021625825271,1.222681351818276,1.2031943512714132,1.1520805416781237,1.1922216886831185,1.1936417080361097,1.2011976491518532,1.2195978716227194,1.1454474306669384,1.1223329886795574
1.229358627257156,1.2423391647331865,1.210449788023429,1.2368142959336104,1.166625910645867,1.2394125009905026,1.1645353734369315,1.171500296092019,1.1455221963154294,1.178645957765933,1.1886907576216164,1.1357424415618596,1.1346442187426429,1.151894314921983,1.187650003296236,1.1618123079482043,1.1436494432532094,1.1238878442297648,1.1336711005056632,1.1775665286554424,1.1803530283784713,1.1507167247097416,1.1527884465890372,1.2421335304094088,1.2002503537128781,1.1696774791085172,1.1717718110969526,1.1964256086251448,1.2027758026522568,1.2384525809949796,1.1601611164404217,1.1317826721299609
1.2368245688009518,1.2553033041188864,1.2149275229260459,1.2191018735532093,1.1807896070874706,1.2490324728409352,1.1640845287080255,1.1692433549995245,1.162041820554441,1.1822634016456592,1.188200426628688,1.1423675733098646,1.1423334094561386,1.1495679013180837,1.1859906985067918,1.1622658960382113,1.1463137577908302,1.1264193820521848,1.1360742045574572,1.1741338582194814,1.1805551295546308,1.1582848206844094,1.1606449204413998,1.2403757710531722,1.208972050280574,1.1926653472169249,1.186175999147122,1.1916477836592922,1.2106870583677773,1.2182644904433932,1.1791258972678533,1.1562384637967664
1.2353588603577772,1.2451742156564403,1.2155106405796654,1.2267039351202331,1.1731573810774931,1.2370645220733152,1.1746221557958592,1.1645077346902115,1.1609273652811136,1.2004081869183802,1.2004329812894985,1.155764887922091,1.152151341532285,1.1657702975033626,1.1984140549957243,1.1779589013960248,1.164470763839481,1.1478995937071723,1.1619660939028407,1.1859340280104287,1.1972264246995383,1.189261584200674,1.1731694346691726,1.2456012393800084,1.206436459807902,1.1774560619142713,1.1775106668157156,1.191654738683975,1.2124200056896786,1.195528268760663,1.1645945256379846,1.1643678181883574
1.2244970975715113,1.2491678299932332,1.215862916243103,1.2282418918943898,1.1631621034838673,1.2474344535337822,1.1862191130027129,1.1825183726564803,1.1666253541673326,1.2067605855938734,1.2052876456767152,1.16446685838533,1.1471178605896413,1.1700998928246178,1.2013468913074055,1.1790801128869257,1.159080504985532,1.145463328123551,1.152279685772546,1.1801157428366036,1.1993053296986087,1.1769819854231,1.1691091269628517,1.2560904328438045,1.2025291935165086,1.1801028016690056,1.1846334173124358,1.1932741982150439,1.1931163913123706,1.185492221273189,1.1713274418026507,1.1690813867978942
1.232171632502407,1.2648682060506147,1.2295444978013435,1.2376835289839228,1.1559113311274605,1.2502963580161537,1.1800665928371454,1.1697591711041528,1.1444167410566783,1.1908188631191556,1.2185183639829822,1.1566171946265376,1.1479485387809285,1.173687036052763,1.206124200701539,1.1794000618608567,1.1612089415033886,1.14660384577475,1.1632638878271035,1.1907944178429675,1.2060916956820327,1.196859042355089,1.1941739600913766,1.2598321311212264,1.221966698357897,1.175014076983261,1.1993294012642588,1.1959268270081096,1.2133944739574893,1.1824269956546405,1.1818064193596653,1.162575431742255
1.2518506583361566,1.2810267093947258,1.2400587054550438,1.2559303865965037,1.1778969033424778,1.2694045007664796,1.1946923587883513,1.193652092522815,1.1491134604092552,1.204815613516771,1.2168292198662818,1.1509868419690905,1.1524928238076018,1.1659357150566008,1.1938544869037169,1.1815871969682543,1.1678596155383085,1.158828602272118,1.1815206150109252,1.2049117791412824,1.215268760910133,1.2031076604917,1.19794538944306,1.2556355876859295,1.2152944378576875,1.195196330111238,1.223298125075815,1.1957572154976877,1.229651988064412,1.2055165602863154,1.2064152557784895,1.1744286296764306
1.2593155868419663,1.2622524774716413,1.2499447837337105,1.2267898296807769,1.166342856616519,1.2836032053249926,1.202003148658164,1.2038168612787792,1.1499114341963994,1.2167935246570496,1.2240083570858622,1.158179591012899,1.152109377086981,1.1548099629024604,1.1881986452655675,1.180656152243807,1.1716066326690007,1.178969529507552,1.2042326777120689,1.2492107828543375,1.2601556747002545,1.2211372676052137,1.2367344475951887,1.2998641618114506,1.2445194463511704,1.2268226542109246,1.2350622617211102,1.2321068486050044,1.24640987396038,1.2092213099640046,1.20026450795807,1.2011798966555103
1.2712508711698434,1.2487214004068996,1.2396754098682903,1.2459130514358558,1.1831032309761087,1.2939184671878814,1.207638174703502,1.2094796465971789,1.151948075291434,1.2072360438976313,1.2219169429231123,1.165960051282313,1.151333732623078,1.1672332010900983,1.1776783894078497,1.1752986193046586,1.1634101690875893,1.1640150338678272,1.1832281311525283,1.23949239988926,1.2485980133598447,1.1941688970504325,1.2336589537048985,1.3034225354024591,1.2601662478317648,1.239618987404981,1.25357574692838,1.2461031378429837,1.2693215860406701,1.2231334920792014,1.217387535449455,1.221271658890731
1.2659354597655426,1.2572821766837587,1.2553494969026302,1.2473912729452739,1.1687314529462256,1.3006278458237486,1.2115552842754989,1.2112434575524496,1.1424814036765187,1.2089249368539088,1.2137248967764007,1.154780231964235,1.1531386037709106,1.1564090891203458,1.1693486248766474,1.1701113954143574,1.1589340993156956,1.1728425422542503,1.1918145293603102,1.2511825145254403,1.2649580984804691,1.2123185631008178,1.2423685620342864,1.3273501436388213,1.270107257393431,1.2414909630952016,1.246379095306823,1.2635059129167063,1.2610233644237838,1.2279828498418608,1.2041932844327932,1.229031921346614
1.2677387348377842,1.2461841754323668,1.2422225840526788,1.2525588702739132,1.1687826586258236,1.3210063512709942,1.2095722045678818,1.2143578006583045,1.1420873625582646,1.1998992613170514,1.200122905328321,1.155225398332531,1.146465792743767,1.1528866403650095,1.1698737357572704,1.1753107000360492,1.1628945097084562,1.1692668149469256,1.1863829052552113,1.2428324362999967,1.2531132624191939,1.2172496212137267,1.2574341718826365,1.3086083371477173,1.2641331107995624,1.2367316350544486,1.2465352185130982,1.262346974812841,1.2628372162584593,1.21345965608673,1.19141102758368,1.234629559879322
1.2556370884462758,1.2545332697709954,1.263471249694198,1.2436678662321854,1.180544753371502,1.3072143008650674,1.2538665956976278,1.194981926715679,1.140203562306023,1.1948305294066182,1.2258700046814985,1.1527705138955273,1.140992002945674,1.147914269271076,1.159055784861974,1.1805030172533884,1.17003726805924,1.164471155573166,1.1646878416481108,1.2202929128296955,1.2210354634620595,1.195705416338021,1.2138830187587901,1.2933224387320248,1.2421230506601844,1.2077842520629243,1.236386928336132,1.2478133606989068,1.2537182001934952,1.2030228600419952,1.1925848939354569,1.2142948411163457
1.2551988685793305,1.2607420541047754,1.2613924264574434,1.238644844498178,1.1711217232386724,1.3171372824508913,1.2350847633647122,1.1965708534743902,1.1458483985127434,1.2048245629921785,1.2176450387276336,1.1583300556382312,1.1328349644169717,1.148312961525137,1.1594073374363938,1.171733630870765,1.1501514199883578,1.1484152172087767,1.1483308031696475,1.2114583739634408,1.2158929407852932,1.1791129889907022,1.2143430201798562,1.2885891576191535,1.233602800123334,1.2103798433170363,1.2404950947704245,1.2572952723115998,1.2558232979250221,1.2219070231866398,1.187924123157275,1.208036329851081
1.2696301766806963,1.2662769244521324,1.2411809523485144,1.2570134464821412,1.184181049496769,1.3238752854685674,1.2284181231146125,1.1936346185727857,1.1506013580006578,1.2059590513762075,1.2249389426309276,1.164938742574227,1.1368338989596782,1.1472335958953022,1.1633949827908365,1.1845487576457723,1.1557623580616636,1.1461464687067862,1.1454376238682484,1.2165690884073128,1.2301101662128753,1.1733320396078435,1.2292242738482473,1.284806231659544,1.24709719004917,1.218653531031393,1.2484500603778022,1.2643607590476336,1.2483544875423302,1.2258923075187154,1.203626059799891,1.210494648225144
1.2760603169330895,1.2794913486634827,1.2509536682882796,1.2622830669079665,1.1864191770094297,1.339709398932729,1.2252826714136764,1.2085714299185248,1.1502689960475088,1.2074846156143038,1.2278702390394434,1.1582870564508154,1.1392760693504342,1.1398060339475298,1.1471825267729396,1.1678156765753236,1.153689807632554,1.1481765801305004,1.1465185350327896,1.2143677732445415,1.217861401452424,1.172182980692484,1.2215374689307998,1.2714377954999407,1.2357919302840588,1.2381574497198893,1.2499533123445974,1.2593371872174022,1.2736416368045655,1.2433502630030404,1.2131352872224774,1.2344770575694348
1.286072135967715,1.2561464681068006,1.218318831098423,1.2543492239732794,1.2069696689133584,1.333760359650737,1.2298745769288393,1.2026196445402568,1.16427895377224,1.214856517219252,1.2398463051832744,1.1770855863305465,1.1481028923584524,1.1551995236823085,1.1696214605578004,1.1910551785961774,1.1664961307656065,1.1638178708074063,1.1630358294841052,1.2441493309177667,1.2451456690528548,1.1797873259030998,1.2361641158624683,1.3102632325142838,1.2820905039449946,1.236344201515117,1.263189741542579,1.263624164863475,1.2657763076365471,1.2558194698314737,1.2112681365325049,1.2138124181887184
1.2749358278028662,1.2604607915384876,1.2220908059772388,1.2388981059825588,1.1900774786262325,1.3270375038951026,1.2452439833748128,1.1915126604310784,1.1713376377437956,1.2291744985853763,1.259776102791922,1.1872009834485355,1.1468562673958833,1.169441414900929,1.197716126071373,1.2098530877972014,1.1754185822434375,1.1561061487800102,1.1591943168009784,1.2206750693519572,1.2314596059930232,1.1774819898426976,1.23562243310966,1.2766460826891932,1.2880171833269272,1.2249016009233893,1.2423815246305567,1.2623618684628346,1.2541656017285614,1.2633543652983419,1.197626069581294,1.1980397530057239
1.2617448791635122,1.276556541314926,1.2419409040282134,1.2276676912280473,1.180590378001975,1.2873391876796403,1.263206979033776,1.1911964880537156,1.1786477630202314,1.236426042797167,1.2575910762293476,1.1926665456648604,1.1558850253351447,1.1649365789868467,1.1919724647426615,1.205839568156223,1.1837147502561518,1.1699495220090375,1.1574321730509598,1.2071275469055818,1.2057202027711078,1.1694350799006263,1.200115009195155,1.2563588575028197,1.2773618514162774,1.2002246968761745,1.2293747524447598,1.256715655102244,1.2547500827171332,1.2590954085898431,1.1952181494291678,1.1832094272149543
1.2763438484620149,1.2855488371147048,1.2506794598363504,1.2167937270151004,1.1714224353285185,1.2644828499918501,1.2861914604720484,1.1793540518156198,1.1919082501785563,1.2645476791265027,1.2854689298892714,1.2069564697294601,1.1477314386208848,1.1760854050869323,1.2040940826545625,1.2144074354016028,1.187747697831996,1.163698228329666,1.146208241307683,1.1894087134010058,1.1909142627803733,1.1526002630567922,1.1944080820544543,1.2156613194283525,1.2730485536942013,1.1983582941481463,1.2367836450636391,1.2536498881709999,1.236229645921893,1.2552903746482311,1.1897615488023578,1.1647078556622887
1.2629639650581503,1.2833321736262715,1.2455420709057934,1.211549105257567,1.1903347954377905,1.2537523474054402,1.2838328188489583,1.177933866725165,1.1950438341257543,1.2542550351453452,1.2707594182482942,1.2043242059614598,1.1414389943642556,1.1789882080380925,1.2036459990994532,1.2142747870054251,1.1883402297059806,1.1579627602560445,1.140061314663929,1.1833235445995445,1.1804196253569046,1.1377223933031249,1.1820694827751765,1.2058274980219088,1.2610962202185632,1.2016121123416248,1.220086703631687,1.2334256033057418,1.2631634867175046,1.261184585966039,1.2030633588771038,1.150728769579867
1.25918169665529,1.2803083902485624,1.2610372071058686,1.2236278552015698,1.1827109818438408,1.2578881285937968,1.268682317776812,1.193507771577075,1.1930813024662468,1.2431433261915847,1.257087525158435,1.210168416071034,1.154549830970879,1.195340567663952,1.2243739442377977,1.2282364142608377,1.1985759996901986,1.164261780992265,1.1390481779049721,1.1803429262616163,1.1720686362703192,1.131117679230176,1.1894467333113137,1.2128762687540209,1.2845524493621832,1.226006139013738,1.2315236258951334,1.2289113010664179,1.2698615607151602,1.268239651197871,1.2140081885043106,1.1688782100386976
1.2652239034513566,1.279660491041067,1.2541934423950898,1.2253039242947543,1.1905904311156321,1.2577082951077265,1.234003719737242,1.1998238546560354,1.1803418654383642,1.2440396831495235,1.2356124473807468,1.1918752871358054,1.1448462921013227,1.1905256425430566,1.2191486104362,1.2152613748997472,1.1926024822384684,1.1625489861955232,1.1502353319883105,1.1867415761467106,1.1831602406242856,1.1428083577093917,1.2004725891286159,1.2091040198514773,1.295816161722505,1.2348899675656304,1.2455592778306992,1.2390686086123934,1.2907040132652723,1.2810029318163056,1.225841474512407,1.1803546646514889
1.2756997378581214,1.2831294346921664,1.254846362212094,1.2326196065367598,1.1917063000560046,1.2582574708621292,1.241718320379103,1.2073422959541211,1.1868513373937923,1.2407488926337262,1.2332566065456911,1.1975623804159092,1.158746494286287,1.2006614533667683,1.2265263155722508,1.2198569822061842,1.190493017218916,1.16190741605778,1.1447045010658723,1.1865752344468712,1.1763928418564829,1.1332470307049385,1.191329666613844,1.2065864222498923,1.2844403913076143,1.222704733609055,1.2355798067236854,1.2337014014886833,1.2797794825922084,1.2808052596255635,1.2268222996518034,1.1727609423540823
1.2620467201664125,1.2831924394717933,1.2620505057871314,1.2199071795977037,1.1810272407855882,1.275653073467572,1.2647623268398567,1.2418318527724694,1.2062616368970662,1.2419594343340838,1.243334607086967,1.188550519717561,1.1498865885115948,1.1962360950406492,1.234804252439344,1.2459023742899833,1.2140677574967078,1.1656741381266345,1.1461696734333011,1.1704800603961496,1.158611215740025,1.1353569631792197,1.1719894707543121,1.188713113372396,1.2731289658813285,1.1911171975522168,1.207639081864825,1.2127406350007148,1.2916923264011528,1.2600861450982106,1.1925083995364807,1.1660602777955429
1.2432772738113018,1.263880589655424,1.2576312867651465,1.2096897513350955,1.1646872557322323,1.260577429322254,1.272404817232351,1.2145187316093626,1.1923364741550981,1.2334611929949166,1.2165608538678834,1.1822441017369012,1.1499652335037196,1.1744060295104966,1.226594280361421,1.2416008717913776,1.1950359562231445,1.142695701148002,1.1374929389781947,1.1714401303771322,1.1554374463441852,1.135089007990761,1.1674919764830054,1.2058452652495952,1.2851355723887419,1.178051311512336,1.1878644473184088,1.2131813990649756,1.2679453826214473,1.2568302794135013,1.1846796151408125,1.1722519457898737
1.2280406871544238,1.2674273637670506,1.2616820191404587,1.2200089014447923,1.1797738714408128,1.26740506291636,1.2719538714304117,1.2176331947017018,1.1942165224314907,1.2265791995948012,1.1985588755477377,1.1689056455639057,1.1624115460739186,1.1772343485874568,1.2154024473550413,1.2400758671734118,1.2160040493091064,1.16007033822229,1.1480115497844916,1.1788347434573436,1.166860196934946,1.147686176846696,1.1800541123148287,1.2182181392727274,1.2838945835393611,1.1764399648691228,1.1900420771253635,1.214599389885907,1.2784630768949223,1.2691772602902613,1.1836442912228717,1.1748801674911333
1.247681463988678,1.2640687007939275,1.2651272212686948,1.236623329559421,1.1806771630241537,1.2808387868415596,1.2597923996732818,1.2186939963312868,1.1861731549960013,1.2209319237587233,1.209338096665172,1.1613476884192204,1.1552821651830705,1.1717809054936885,1.2003140360395703,1.2163692263229289,1.1924310557763556,1.156061692936202,1.1459047360406058,1.202721173399905,1.1883889868728088,1.1440933363528587,1.1907870795672333,1.2322920683929006,1.2739558515687446,1.1854911020111165,1.1982986594313518,1.2062169594881778,1.2768846150535638,1.2505224549205889,1.1894321215384673,1.1659934828138672
1.2272273586393152,1.2433665932507227,1.2561452419515138,1.242479268996148,1.1852721396984844,1.299260026970908,1.2593942383080061,1.2391076637237153,1.1838878619633366,1.2107172457158348,1.2256409665978287,1.1697448868485698,1.1692272877945704,1.1813203351700645,1.2052930690453407,1.2194905223484462,1.19100396403453,1.1563298610794164,1.1556036406944432,1.191443175950268,1.1967985240103118,1.1627007587642286,1.216027744304484,1.2383486356454847,1.286794446458735,1.1785981282866282,1.1966301019859638,1.1840772601330725,1.277179446447496,1.2413007834572416,1.1777245451828704,1.1850121375897313
1.2176729059237479,1.2384274802095696,1.2638090788925955,1.2445000026224033,1.1761798445611789,1.3103114434172967,1.261046552520009,1.2371703900883484,1.173923918622444,1.1900838764322141,1.2307975297941665,1.1671380575471513,1.1730572697155028,1.1787203808293398,1.200126201951978,1.2163707913896984,1.1907990031315434,1.1506093457746729,1.1521231734785915,1.2041590502636164,1.2038148390792052,1.166286327590582,1.227492207112965,1.2497327757016121,1.2879777280701326,1.1885609177100414,1.1937172981960358,1.188231555363677,1.2579761471218225,1.2347467911769439,1.1579367240046332,1.201232501419673
1.2116315288506012,1.225819402927145,1.261209436132722,1.2407842625154506,1.1745845837735276,1.318231301914917,1.2786842422706912,1.2461524934554813,1.182829292812421,1.1994477974740467,1.2398862168091178,1.164189653396388,1.1706122952807267,1.1647315968901257,1.1930124079160533,1.2117920650908365,1.1837454701220453,1.1456492875002995,1.1529646545676928,1.2018193103950305,1.2074633733495277,1.1695449074839375,1.2163055811067767,1.2542461341194229,1.2950256990538744,1.1820011429913864,1.2015783780219018,1.1868158684457926,1.2667000460727884,1.2214643768435793,1.1517970585844468,1.1871770563974777
1.212670136117563,1.2115514027318595,1.2558661952713561,1.2606249757512775,1.1776249938792438,1.316568785825892,1.2701579741231217,1.2462313407368606,1.1902498722125772,1.2129593550838622,1.255537446025775,1.1696828786553817,1.1727937247123656,1.1710932026604643,1.1989316377434092,1.217111754054416,1.1846358052633996,1.1404016815015607,1.1567423074478662,1.1991231188114686,1.2227984926167,1.1656745170332543,1.2205393462562912,1.2533769714303469,1.2851071360991864,1.1937681124265846,1.2191542591119084,1.1934126447586506,1.252019984142176,1.236763292166255,1.1659865646337828,1.1767421344265956
1.2287626589350937,1.2120176313869138,1.261558904507443,1.2368989074479309,1.1803314213785507,1.3295700137175277,1.2961395452460658,1.246379269985653,1.1845432160884741,1.2142527036002784,1.259361940745066,1.170532527709449,1.159858657351211,1.1566744540369527,1.1834098765964747,1.193249643720395,1.1747468071645704,1.1374419510840925,1.1629687866693088,1.2141410335346081,1.2441273419152512,1.1874119660968607,1.2348975535138305,1.2725475632074084,1.2928911098395057,1.202060966907534,1.2324454868642118,1.205389969221801,1.2564328369032003,1.236705660239542,1.1641725002055556,1.19652276020605
1.2237546643555495,1.2301831076600416,1.2811992876398133,1.252748850603344,1.1718215438947568,1.3630441993075575,1.2852927323235614,1.2410791158404773,1.1768954320695848,1.214143176111562,1.262460505235235,1.1691317195113295,1.1497954510164772,1.1534290235286913,1.1775552096896424,1.1848709493282596,1.1700725580559435,1.1229840120874366,1.1580738389543495,1.224557058783907,1.2616738872929907,1.1904694567844492,1.2616628450749314,1.2887909437359555,1.320352522968921,1.2008828671419627,1.2594672737262236,1.2235162080165118,1.2717233106478538,1.237410596955406,1.160459454160726,1.1808876640119566
1.2195029609911843,1.2422922514320396,1.2522040654049063,1.2621411922080708,1.1737972620365973,1.3348623293396282,1.2507862245487513,1.2313923163557987,1.1723185831507668,1.209648664506584,1.234226735416869,1.1622035098679857,1.1418949464080517,1.1611248498057665,1.1811767902870691,1.1819469515092798,1.176305253702991,1.140828789605508,1.1488366683561773,1.226753895745989,1.2485623593645947,1.1890509912274343,1.236689610171282,1.2822579654561626,1.301503255987649,1.2079099208553346,1.2565704073698634,1.2204182069393357,1.2701383668368718,1.2370899739435859,1.1771480467055842,1.1762427453246098
1.1990196974445821,1.2417123277551116,1.2428021812749859,1.2438547625860232,1.1903793327624947,1.3328276639650487,1.2522024093219184,1.2436616949304422,1.1887992144265034,1.2395805259399304,1.243125881145893,1.1757880754528833,1.1559771201240083,1.160299365221244,1.1749038343376916,1.1839259190309481,1.1805713968890295,1.1489260285365634,1.1558298694428897,1.2151282498888887,1.2386260412127208,1.2009863981990812,1.2247723546978437,1.2510194054995956,1.284625874799698,1.2115787791378492,1.2529031500085235,1.2046627407975812,1.2635310968198021,1.216472564294636,1.1851643471513242,1.1870489597887914
1.2296464977517734,1.2466999931075322,1.2487455166502461,1.2544017220447585,1.183764214387247,1.3069732541048307,1.2493342527649898,1.2416941282916485,1.1950932582347005,1.23976876254313,1.2491019595727937,1.1824788329983178,1.1579784903493915,1.161004741027267,1.165698668357476,1.1603413559307754,1.1535305944729013,1.1356048396278344,1.1531447889934636,1.2079572538388832,1.2409010976848351,1.2091644050350325,1.2320973191870639,1.2678239821001418,1.2863393342310652,1.2211224259098663,1.2585315392305134,1.2164361660138974,1.2418230309527076,1.212080222564483,1.1992761291149865,1.194129857767443
1.2497353910932099,1.2453075672490788,1.2326473573556807,1.2547798334633449,1.191080987229035,1.305871096851855,1.2364599701388461,1.2135840658868937,1.167188969016839,1.2171015957644726,1.2163039259820474,1.1426487667531462,1.1484501802157228,1.1185297998469583,1.1350529620647747,1.1295977294291557,1.1265689782644503,1.1152224905624568,1.1551051907891585,1.2044641476383526,1.2576508593154292,1.2094200180775252,1.247916406079904,1.2898468889295216,1.3138755797544055,1.225317888326353,1.2939392189518235,1.2588115107882236,1.2427983628077302,1.226480412102506,1.2214600988709066,1.1858975144842079
1.2310480992340103,1.262503532214817,1.2186462120077408,1.2701645324174253,1.1849796034673037,1.312943928521321,1.213692406124001,1.2089156520485407,1.1789550971936473,1.2303315176926548,1.197367230062488,1.1575162926679314,1.143101033115364,1.1258742880737453,1.141476778419918,1.134239155651952,1.1263263126512613,1.1065110531343094,1.1438401975657586,1.174407495019872,1.23131959586126,1.1944722378369002,1.2151647692917915,1.261985907190611,1.2863712530088367,1.2210594524448737,1.287319037062502,1.2372165343878279,1.2505478970154267,1.231986762787541,1.2259965019731365,1.1920368407115063
1.2308175855024948,1.2741079751440638,1.2214940431138293,1.2430350633735043,1.187250754142113,1.317606537716932,1.214176297297867,1.2311285262096447,1.170626011731981,1.2350598289683745,1.2022868195358978,1.1460131907222437,1.124934196950273,1.121267893390237,1.1291533967151044,1.1144468040274949,1.1086299094739236,1.0886593284781407,1.1312646885349982,1.1772551315530875,1.2204223505068295,1.1830474068450387,1.2116454233222436,1.2533713472646963,1.288213912560398,1.2212828886833502,1.287266643456887,1.2336226120458822,1.2663064331185074,1.2315296959693571,1.2295626852411847,1.1863556094950924
1.2539138930937797,1.304286888013273,1.2349439935745836,1.2639708198269934,1.182195886223454,1.3080163043053512,1.2193236687585203,1.233932374171982,1.1586112521950958,1.2218864620373238,1.1813501065086212,1.1305040842535112,1.127642641256632,1.108547366843171,1.1138932804246127,1.1090799788646846,1.0991389671464853,1.0773233337648336,1.1199764055992336,1.1565374900679295,1.206878019756176,1.1962423261770272,1.2092225335039644,1.2308252595789684,1.281722990388325,1.2167345664885514,1.2866783962858355,1.2282977422616221,1.2768180674074765,1.2384014291581174,1.2316992255321193,1.1878222321769207
1.2408409927164918,1.2985164639530744,1.238357293987609,1.2603680379439202,1.2039102528343049,1.3246504915859247,1.2112791940139174,1.2358625812779458,1.1523849065099023,1.2271162585415172,1.1880409281414235,1.1284018191096359,1.1335221606759172,1.111243318403822,1.1211448322772275,1.106369104615622,1.1052111519967887,1.095605603836884,1.135424930701722,1.176828141085289,1.2077388373225035,1.199613569319195,1.2110864192437205,1.25738824140593,1.2691232155230956,1.2242024343039557,1.2929256291431503,1.25310803035068,1.2694821899047335,1.2511858305019945,1.241912778520528,1.2012284231837012
1.242969036622763,1.3111663709449064,1.2184777784543876,1.2574300548599857,1.2009706914735485,1.299344092838568,1.2109699869445365,1.2259981145013987,1.1533570696050235,1.2209188956636747,1.1817236906837634,1.1203441557723763,1.1351660291044035,1.1118716767322276,1.1263701432366453,1.107517701498382,1.1005979678456068,1.0857081726646938,1.1365196959181183,1.1706261890779612,1.192001306959537,1.1997296764647805,1.2049742904461682,1.2509676478541474,1.2564124405016064,1.2190092303619395,1.2866695283457843,1.246768109260491,1.288511351596023,1.2534055731734826,1.2403402622195816,1.2031208166304503
1.2644221482228506,1.3123658933503402,1.2232759168768914,1.2707168220790719,1.2046564766488204,1.2777377876194544,1.2081817267162223,1.2217188410896715,1.1618351610826272,1.2301294602354866,1.1870814613419218,1.1310996395940036,1.1466948404262471,1.1186480913443448,1.1322541598659492,1.1121222761491698,1.0937292629261472,1.0941027610708707,1.1409937926313707,1.1662005592786369,1.1973007311349404,1.201950155051007,1.2116145000018699,1.2517423283126117,1.259760984297984,1.2207802885841028,1.2875284290002715,1.2516080842101953,1.2851080062872327,1.2474854887319622,1.2360634669474688,1.1908393895763674
1.27913042733018,1.31886212479403,1.244955869659761,1.2938731191768944,1.2156513026162499,1.3056040616289526,1.2321283984140767,1.2202607502124732,1.1535177772036185,1.2172458308499792,1.1934747796633314,1.1327216634247097,1.1512484274492363,1.1154773670296874,1.1324301555379883,1.1109356017021486,1.0894740171534578,1.0862698234434307,1.1322231353825833,1.164215314961291,1.1901379020252345,1.1812317550111493,1.2097251736684291,1.255289605308229,1.2661153994167673,1.2316321120016527,1.2949657777817416,1.2668039724584812,1.2969248741847366,1.2779346841976795,1.2556745189430907,1.1973533823935594
1.2854618762213175,1.3028138587775646,1.2319269089214127,1.291924576928518,1.216454676722703,1.2966766029243708,1.2315598040238291,1.2138847582549843,1.1555852307340373,1.210570453599271,1.1909187267243115,1.138202663719728,1.1565972106811186,1.133436028295736,1.1479926197463024,1.1355528351095456,1.1163482521448262,1.1044357170523251,1.138113589639055,1.1634973200201955,1.1915149524939712,1.1756312124962638,1.2176176218110795,1.2402925893218555,1.2716438806545,1.2379778589574644,1.3017122596898834,1.2613037640365974,1.2915852549832136,1.2822048442481024,1.2493937138265576,1.2006216985720217
1.2651339456005006,1.2786545660552042,1.2340083627860174,1.3027141958800488,1.1852955909200198,1.3191114363142282,1.2309315841277157,1.2212547144995305,1.1630369589177816,1.1965784301811189,1.1830731920483997,1.1331075514426598,1.1655385255679984,1.1339991226248818,1.1475837878594977,1.1390734680026273,1.1198846916540444,1.1190144517596468,1.142112899195574,1.1729956352159592,1.1840242085725294,1.1662655583018193,1.2008942857464597,1.2382772366217834,1.258278080344571,1.2205602187721047,1.2874596369705562,1.2591017452544173,1.2975968288335356,1.2742036230167864,1.2246128251668091,1.1916951227998662
1.2708795461617026,1.2886532209537573,1.2705844609889407,1.2948119706362577,1.193906795810812,1.318443976792103,1.2543883103087217,1.2267025981452693,1.1663907483986673,1.1966424926527695,1.1893137304076684,1.1255785797982458,1.1543751514675518,1.11628680208986,1.1388051418286076,1.133038210025964,1.1121089685624974,1.1097825641610497,1.1324387216970464,1.156398087321458,1.1719195915636944,1.1607232343065192,1.2025715903094867,1.2240097351958232,1.2598039419106415,1.212776659565673,1.2798296301663659,1.2473429976579669,1.2920068079842637,1.2514840062661496,1.2159169101073666,1.1925494414770934
1.27429050961348,1.2891076888420796,1.2774066190160498,1.2907330339159908,1.215933736898429,1.306669958035456,1.2513905724291752,1.2370437305801774,1.1662389279122234,1.2080037107652308,1.191763706280822,1.1251494742619974,1.1622872511252518,1.121105229148739,1.1510902840594217,1.1567509710818804,1.135304909487796,1.1250402712746452,1.1450811397197764,1.1704405627857533,1.1821979203951984,1.1720524243568624,1.203547145454702,1.2429464236093346,1.2590189035445347,1.2206129617804795,1.2717009795877694,1.253174581332062,1.2865744385240654,1.2551727343475931,1.2187254063784065,1.2015119375962204
1.2702398744507037,1.2664550421798335,1.277232701652969,1.2811997036891944,1.1850644415643776,1.297604100353191,1.2487006303769639,1.2031621360535922,1.1600015862592452,1.19080046053603,1.1814305710071176,1.1238833683160543,1.1562895062591536,1.1202616086285773,1.1672040730376128,1.1676811281061283,1.1406336954809058,1.1294867991947517,1.152135773355343,1.1862819657444161,1.1986839972599266,1.1826796192340658,1.2144761435496414,1.257558152619327,1.2680366741478748,1.19605615490691,1.2663373919033027,1.2839114708758819,1.285990857416073,1.272383943489098,1.1964186340115124,1.1890114086219914
1.2563329860694077,1.239013983105613,1.2665783827183785,1.2841869437298064,1.18979313172768,1.3042031843537536,1.2465031778533473,1.1776705993703225,1.164706048147633,1.1949188894734617,1.1757896332220157,1.127958244047079,1.1682139664556537,1.1291184696038312,1.1626685221460398,1.1730389759530822,1.154822946913806,1.1400991582793705,1.1608529091010436,1.1920233107962943,1.1948423015469805,1.1662965508826602,1.1985323751021817,1.2599812595750666,1.264243667261271,1.193802950689903,1.2529057422102876,1.2762209131677118,1.2890574691035848,1.2879284144483965,1.1914907605977192,1.181557515454511
1.2674624952142166,1.2383097116148747,1.2874623519773516,1.2815357718568885,1.182641896747512,1.2855458855048316,1.2611146820086563,1.2003796011315122,1.1642214534499127,1.2092324417078775,1.1865203736770038,1.12835105730604,1.1657083088580305,1.1211042083729923,1.158340705864337,1.1841492681203136,1.1603866581015623,1.1421510057754356,1.1698702508925398,1.2019904188527426,1.2148597596012185,1.161140912627241,1.213733136574046,1.2781436693025963,1.2839043328082103,1.201781736696607,1.251921956734466,1.278520259986055,1.2957800927433751,1.268780166689763,1.1884886130038697,1.178838502393036
1.270243965576613,1.2323640520022414,1.2911300593362158,1.3013779377342753,1.1940632938391853,1.2923567117786454,1.2618563637001325,1.1869371073819186,1.164603688930133,1.189150476916257,1.1570066578381977,1.1155211823363431,1.1701642612372845,1.1110700134141747,1.1451179358097296,1.1760962392612164,1.1535631975543519,1.1441826535144832,1.1731973246875829,1.185154635301818,1.2093245688932763,1.16613270732208,1.206172348715214,1.2607092706129281,1.2614224635281928,1.19014831475794,1.2465157638338933,1.2524803836332215,1.2577910671791335,1.2568178598475725,1.1923220107492774,1.1840428287086298
1.2547504868034514,1.2168494132231642,1.298417700285328,1.310650916374034,1.1810884154549355,1.2894886165937651,1.2651750538150586,1.2087691035895303,1.1550224704958647,1.1909558014048787,1.1584694380341884,1.1146496127271832,1.14802780634096,1.1111366953723314,1.1398216943425241,1.1723333323656042,1.155439991844841,1.1290446994082763,1.1469579196775053,1.175412285172573,1.179988651218146,1.1445154362472583,1.172953458625173,1.2347202509815514,1.2373086931125823,1.1667437490506993,1.2326662300130606,1.2468150471330022,1.253888249207097,1.2516809617639137,1.1777137357327252,1.1659655143389371
1.2627362426446542,1.2272064636717521,1.3187244437919636,1.280649680372719,1.1751095096108921,1.2688056335411912,1.2651624661792071,1.209748652681543,1.1428347788043536,1.1885247876625646,1.178210951761499,1.1057488940585805,1.1594104171341513,1.1005214761941478,1.1232690867810844,1.161260659995354,1.1552605484378087,1.1444727871969058,1.1620650734377842,1.1871286006333146,1.1996514624212993,1.1564579470655991,1.1867006497195995,1.2494441082230445,1.2627309446396602,1.1649144721684945,1.2475772036959873,1.2688064566383244,1.2583129841820935,1.2536527652641034,1.1780863213731276,1.1747666770154017
1.2602092216566307,1.2303534779391736,1.3240617303292523,1.2737876476186094,1.170333897508491,1.283332393147158,1.2505798666032168,1.2142949366031113,1.1383403970115213,1.2035036408092594,1.1777404777106766,1.1085842767172487,1.1506565034827883,1.1016256775117554,1.1293148699464026,1.1590972728425368,1.1554984660289478,1.1487422034400148,1.1707452730315444,1.203715011957801,1.2159684897286325,1.1598483353950422,1.1883682329136476,1.2592824706690797,1.2707287580719768,1.159079363171125,1.2406731550168304,1.2656920795180548,1.2570233406815858,1.2597542928667338,1.1617415775797724,1.1773020445409084
1.2488856550245586,1.2422198565810003,1.3228779395995558,1.2622125540315787,1.1471468282937718,1.2740366395527922,1.2649305953664896,1.2200034013990324,1.1451999581429526,1.2163828371425998,1.2069626456245135,1.1194597786671283,1.1523173091809853,1.1121669816048867,1.1363024428639537,1.1702662682679605,1.1672434040662816,1.1605559928799143,1.1707304239525222,1.2105584010054296,1.2251765259440381,1.164219632089788,1.1870466305521479,1.2807745307855083,1.2698092510815897,1.1588614248766933,1.2308135582464919,1.2633629787900642,1.2605217499429995,1.2400519242805934,1.1596070823690146,1.1690880374033124
1.2517375776279396,1.2426485268025362,1.3081719043950892,1.2527023487022888,1.1477067702395045,1.2748667518236423,1.2547464170225608,1.2107842612753787,1.1454817546116165,1.2163518953954275,1.205367351118405,1.1291168847614614,1.1781227830640992,1.1310327154072979,1.1567496811046456,1.195638822752155,1.1940696254350953,1.1893896925122416,1.1997901085051998,1.2397639809772516,1.2525949305178585,1.1878622645228891,1.2122948012197714,1.293702021873193,1.2847462521308177,1.1718938082941202,1.235385003194446,1.278191696109452,1.2714999254110262,1.234599496371889,1.1587306507880697,1.1797067511506387
1.2282844606617584,1.2172527884659676,1.281566841319819,1.2497404041944424,1.128341871191445,1.2791219904487188,1.2536612735841508,1.2041979109151806,1.142377636198911,1.2058038681622245,1.2029440291305453,1.1320895068088221,1.164170657529977,1.1318466706749595,1.1540192501508177,1.1958567161079559,1.184606888341585,1.171620167217187,1.1710971551677876,1.2165166591857566,1.2181209547991043,1.1657122182157655,1.1868883710750697,1.2631184191674019,1.2550451184102518,1.1544232785742299,1.2162295811922283,1.2503865832875332,1.271377588793541,1.2293731300852972,1.1430991668529156,1.1630875737477453
1.2305460831535897,1.2255929388870106,1.2841808083921518,1.2558897196640848,1.1499920968903374,1.3139617168895625,1.2526875132720132,1.2056936598757517,1.1494654445805563,1.2236579612312903,1.207977056234873,1.1335259403862938,1.1595907449111902,1.1256240518949512,1.1478678388508712,1.1896757058075627,1.1909200814627765,1.1660869981279385,1.174291666971784,1.2203538097124598,1.2145651720204633,1.1751126429528347,1.185972499811076,1.257393049604208,1.2481187983103523,1.175060887319556,1.2275946411510255,1.2273839135522302,1.2601321517026494,1.2145311275528714,1.1584469255492862,1.1655458631566347
1.225096996585936,1.2335387494138728,1.2793315875213154,1.2278110398159583,1.1334693680795231,1.3315389060409941,1.2470095640221022,1.213387492883182,1.1477598728020442,1.2256620523392623,1.220745864412762,1.137037724849096,1.1571216265507533,1.1338973417918654,1.152492114034417,1.1978650690487946,1.19873750863034,1.1739564545193577,1.1696157601297539,1.2071356396731359,1.1971483200047852,1.1765417157950082,1.1741955220618494,1.2323165306049748,1.2282858102109215,1.1729936090270927,1.2263206312032302,1.2191088384425408,1.2304701444533592,1.2028098907369107,1.1425236727444152,1.179959852978751
1.2381769572862802,1.2406252280129328,1.2743790512674746,1.2157681706856023,1.1305390760892466,1.3340220951444215,1.2471128828282634,1.2039412053334866,1.1429744348991884,1.2171629836685895,1.234503562281053,1.1424587406072544,1.1671086969309261,1.1525267323074568,1.1666130857117387,1.1901268725465761,1.187413393302932,1.1735757396496305,1.1682787388811684,1.2118983304414137,1.2061711723839752,1.180689332509694,1.1867768169320305,1.2354514262382597,1.2539582734795427,1.184043257995235,1.2448773080153324,1.225657206475203,1.2404618737023836,1.2100612601362468,1.1426249442760505,1.178522295768643
1.241088263142764,1.2563820390282874,1.291520766158181,1.2158369374025122,1.1286965546700471,1.33260623992887,1.2584726200307657,1.2008053057935102,1.145496719176475,1.216811010443669,1.2326978739170007,1.1456752090999165,1.191868255043854,1.1616488719585043,1.1820726202353387,1.201715291495436,1.1971953353434257,1.1902841588435515,1.1893585199058154,1.221229154051279,1.2237734080045186,1.2061551023100525,1.2076149384045123,1.2453994989107984,1.2775097941592082,1.2159286495823087,1.254097249972634,1.2467429137163706,1.2545707003390516,1.2205590221015559,1.1569790663810124,1.1870453026942183
1.2284241185492846,1.2716878850942492,1.2826766559684106,1.221329885870485,1.1423060620984593,1.3409071483667812,1.2807049778630109,1.2119275270910173,1.1704771757729628,1.2384894891063354,1.2400611557005246,1.1682634719508351,1.2209116791362393,1.1789107917051214,1.191402045353716,1.217400617806727,1.2194334655523942,1.2235429262946709,1.2126720970156248,1.2233649690617239,1.2317548024052127,1.231337794745705,1.2138100815744655,1.246303613220801,1.2763728169952744,1.1982529070867194,1.2359291658063205,1.2522022833778252,1.2339658018274435,1.230394159413121,1.1554992630114969,1.1928059640722717
1.228006253277453,1.2681644214032923,1.2700380482312112,1.232293507173457,1.1695106300913358,1.3417080492393676,1.2855864972246018,1.1886339875165157,1.1656523655503848,1.2257972783750493,1.2215592400053368,1.1555685848186164,1.2132864644148997,1.1780647575620176,1.2003786753464099,1.222532592675602,1.2074003689084565,1.1975859025807838,1.2092228258593176,1.2276742324862795,1.231725713667885,1.2221038008777254,1.206921570890818,1.249061226385453,1.2599496073912329,1.2126787260360554,1.2148668154777444,1.2330225598518545,1.2252202184709582,1.2163441311169034,1.1762007609271539,1.2026297907924544
1.2323337456014902,1.2770991906558655,1.276115123662601,1.2210894749796053,1.1663141777042134,1.3211511893612093,1.2806661926890608,1.205641704871542,1.1589213470070308,1.22788096101488,1.2232589903288869,1.1379072172052023,1.1987941243997382,1.1625489189483211,1.189703124827294,1.2300561966094052,1.2235166260926007,1.2073871442128776,1.2187465623869425,1.2294965175600674,1.2346625760382586,1.2197676363318897,1.2034956309051619,1.2412332911541506,1.26097693112405,1.2039303990978762,1.215418476155246,1.2274966578714268,1.2178999528719205,1.2124198142751355,1.1797741322924171,1.1921029661874094
1.2413457159174512,1.2908169056221637,1.2986734294153708,1.227895176513212,1.1643892863721237,1.3351741243838393,1.2927830925927593,1.1947377216645882,1.1641177198918613,1.2351245392143357,1.2350211534504463,1.151384882023981,1.2064974110765931,1.1739950619582513,1.199209103215487,1.2307333840978554,1.2165586719216355,1.1990296614075975,1.2163219661769453,1.2166207845550487,1.2245699897277822,1.2264165417918094,1.1978254876699261,1.2258863324346987,1.2441901195215213,1.2021999346930212,1.222292109687404,1.21483611360675,1.2098380509403899,1.2094137015355233,1.1742072395503387,1.1913588861339135
1.2507080240000386,1.2864145532660227,1.294188645403181,1.2271074229454402,1.1819149615547544,1.3238117003509229,1.2988277278116116,1.2091380522639832,1.1707079821687802,1.2454135417244623,1.2424700399194901,1.1640717176875885,1.1977894016831516,1.1681696082764759,1.1842499198889074,1.209764606240995,1.2061261876994778,1.1844589923513738,1.211236712637293,1.2219469401981782,1.2266170591636467,1.2253671043390946,1.194265445996334,1.235217831719309,1.2496943613318758,1.2009585700877052,1.2141964948731498,1.2252297009806725,1.2208218603802585,1.2093956688788894,1.1890020509198251,1.2091567864333033
1.2439304709723162,1.299816716340319,1.3096877406192127,1.220416878989712,1.1776168529056341,1.3257223316983082,1.2891251552775131,1.1932808597968867,1.1455213573727885,1.2244229542783645,1.2253874638650302,1.145071918953658,1.171458872316669,1.1559246016578606,1.1863121635502836,1.2206377792279635,1.2131785729777287,1.1739779998384507,1.2114725621761422,1.2276348826421681,1.2422124905878955,1.2144128772815317,1.2064873725404102,1.2471144458026413,1.2553373598298743,1.1953509806060083,1.2179731905447733,1.228422306153664,1.2440742445194026,1.2196014452175266,1.1915922467183515,1.1952432304105927
1.2533045009653705,1.3066619376438235,1.2827854392131455,1.2378008307103785,1.194396295634979,1.3079290556196228,1.2964632145696815,1.1992312669264962,1.1529178769450863,1.2291360609047453,1.235785430350051,1.1469619147836372,1.172849250338138,1.1555491001252727,1.1802069383617462,1.217953957314444,1.207619229764908,1.1771954018791488,1.216547781185732,1.2391202330232862,1.2487132620447472,1.2224476542812117,1.2196383973073317,1.260358159067692,1.2606075181182783,1.1970656526254444,1.2185041143959334,1.2258136265441324,1.224801926879348,1.2239673920552674,1.1959301221486307,1.203758058482235
1.2581311951827254,1.2986338697838562,1.2891999918566674,1.2318665396950275,1.187306456770279,1.283150657498669,1.3151938923161113,1.2134074772223036,1.1563342847242994,1.224267064911659,1.2385586249163671,1.1600739528560702,1.175535697772952,1.1635339009974777,1.1936915484069148,1.2184297934244006,1.2028364500773587,1.1757201011233926,1.2248821442080635,1.2484153556233544,1.2609895920825716,1.2323712079876556,1.2398650795761343,1.2709854864675978,1.2773739613683313,1.1965468943629831,1.2000857558566358,1.2078829054846094,1.2203908259166678,1.2169608511423395,1.1968982744433914,1.2000486499365264
1.255640996769828,1.3077021180692552,1.311370421536487,1.238623299118371,1.181061734414565,1.2821055737420917,1.3287108490903257,1.2153966599672381,1.1803180647356812,1.234757810278879,1.2507413160714276,1.1724147382439845,1.1761323129290273,1.1591096729121362,1.1862516832677787,1.2150617450939734,1.2033888639427333,1.1685039854619552,1.2228230278386594,1.2461090065593077,1.2466824783643955,1.2374742614645688,1.2321407883989328,1.2556515775192836,1.2562016462384453,1.1819001055481009,1.176523447263817,1.216786124314858,1.2342473924612616,1.2255488127462952,1.1887416895177567,1.2022959682698877
1.241576435585192,1.3082281620822542,1.3091845507404114,1.224775005820181,1.18914115133987,1.2620509512173697,1.3083410637388673,1.197558057050805,1.1664168144088312,1.2153325902765502,1.2387342976894948,1.1584795079747767,1.16313229467099,1.1561247485617692,1.1876424524212423,1.2264778950253326,1.2039556491275494,1.1641056253835962,1.2086672173832411,1.2406894994166215,1.2392450883117414,1.2222906005103242,1.2112327669263934,1.2553850836098996,1.233922514130008,1.177061240620606,1.1731162089618095,1.2079083281654694,1.259351049451636,1.2435305846221705,1.1961408379008773,1.1917666544143424
1.2504344427650798,1.3120280817210022,1.2991381500479309,1.2259109154811934,1.180419034927091,1.2599280828061024,1.30173327316347,1.1943373249251374,1.1481318458547205,1.2231677327733121,1.2686825344978836,1.1610543157060562,1.1477177063031245,1.164234962419794,1.1990298183174302,1.2268961103053335,1.1969727546158448,1.1491361855625286,1.1877970459778233,1.2336284448426718,1.2273355787662816,1.2143634682592794,1.2093221882332164,1.243988238810688,1.2296602553634426,1.1698493017990623,1.1767515252208018,1.1928705982318666,1.2586437594516264,1.2225081595949467,1.1807063462894853,1.1867261793518207
1.2640719175125668,1.304258894753838,1.2925095152757908,1.214119069184271,1.1614919043617216,1.2818916244048728,1.2918393870755278,1.1999169718454221,1.1397225539353448,1.2147614927682304,1.2619048851162575,1.149311522727506,1.149169940581101,1.160666433749324,1.2060497362050004,1.228293979499944,1.198007866173818,1.1529068050357452,1.1898920129998432,1.225475017219617,1.2246476146372014,1.2133927589764169,1.2436166393970922,1.2490071075206666,1.2654124098927628,1.1911035641639385,1.2124100329526935,1.2095389083921244,1.285655947111702,1.230690027547427,1.1756529916175005,1.1995321802036993
1.2584799526352333,1.2904901810865683,1.3001799808858787,1.224436765029916,1.1848423794226424,1.287503103729093,1.2978385850869196,1.1892113091223242,1.161075484049617,1.2059553813494424,1.2562661493052447,1.167964005026376,1.1459725485633698,1.1772091284429433,1.2237620107844644,1.2249250404882759,1.1885289632961957,1.148340680231876,1.185449266172716,1.2329199971909282,1.2347809375028778,1.200907430526856,1.244635020177522,1.2380656331657252,1.252924481733359,1.1801096843457892,1.2087819687089167,1.207620108242985,1.2830770511254852,1.2277139210862638,1.172888305888182,1.1932923329891811
1.2475923673594085,1.3149446332163914,1.2931610220948917,1.230142997338286,1.1705634485426046,1.2999518061103987,1.2935877057884686,1.191137947566174,1.1672878930797514,1.2124405522758475,1.2547030725837667,1.171196444973777,1.151572702788067,1.1701961175703601,1.2209657443392423,1.2297554822432766,1.2024651863297775,1.153254356283153,1.1808351441718858,1.2383226217717607,1.221781971241628,1.1855327776142162,1.2321940082894487,1.2373536537386787,1.2439384096584347,1.172368864005223,1.1975669382228848,1.190471990940193,1.3022886870691892,1.2266875801526482,1.183148213663233,1.1887997616502932
1.26289331028112,1.3248360227626848,1.3095583204815404,1.2550064359304491,1.1915241609837803,1.3041739632722025,1.2848170357888882,1.2177486099569206,1.1824356010035872,1.2262593999200833,1.2684855278120126,1.1769126875419937,1.1608529203251998,1.1760475251594058,1.2305396092362142,1.232401385272579,1.211596826880782,1.1670921841389483,1.1904778482751996,1.2373123881830466,1.2237281270160547,1.2111455686785244,1.2322913094600043,1.2470849107019666,1.245610243518851,1.1840596995217127,1.2058615465408944,1.1962299441162816,1.2935602831334643,1.2502399606667838,1.187240081000917,1.2028175186534777
1.260952192859246,1.3069898722767908,1.2931282166327092,1.2457436327225186,1.1787056961641622,1.2859877568705937,1.2849605288489767,1.2133693745198184,1.1909689942602877,1.2260066997344685,1.2625816497190272,1.1732734120468098,1.168646642178344,1.1664074784918306,1.2156962902086703,1.2176885773812798,1.1996380809955471,1.1569300515739365,1.1782948916730995,1.2347054042806236,1.2184015024857928,1.2119270888093605,1.2241918037428037,1.2404197692426697,1.258735040925353,1.1862776280565994,1.2077800688496156,1.1937420671352763,1.2961230078607147,1.2577773492697661,1.1851016783488848,1.207837263788599
1.2343772888392877,1.3023803211613014,1.2849379680345123,1.2337292458235896,1.1743299051270872,1.267886129110688,1.2607568124862085,1.2048118007291413,1.1871688105906686,1.1916408555406663,1.2209954011223676,1.1519899838057432,1.1640263868627676,1.1455226689467606,1.190646970552023,1.1894062391327118,1.1758703608934886,1.1434351896493642,1.1759972257033153,1.2211920592638292,1.2138870639417325,1.1963878014491738,1.220229421730543,1.2346553670068325,1.25017046721105,1.1694346491334382,1.2003264801930986,1.199165973004721,1.3297726582093374,1.245662707036232,1.176864677331815,1.202115134917132
1.214852352111823,1.2975378210838218,1.2602745627421355,1.206625888057935,1.1470956969181691,1.2742437525826684,1.2450597158237624,1.2006267576551328,1.1868390534051467,1.1793147690787622,1.2031440858156555,1.167643461171484,1.1694698532408796,1.174801391503366,1.2224690596710721,1.2244189467456406,1.2017966775940359,1.167936837895165,1.1685914925073024,1.2220489464350401,1.2108749389292228,1.1903959682445644,1.2091128148410408,1.2359643117095225,1.2402116472342786,1.1675830872508277,1.2011349823435522,1.2124523484942833,1.3322938693625381,1.2473141549779623,1.1627537804737373,1.20387077224287
1.2274181023420838,1.2870746165722446,1.262080762034339,1.2041120891648236,1.1516642302280575,1.282466365029166,1.2142895185587241,1.2095452235689483,1.1864288748973382,1.1796919052222214,1.204412327197381,1.1627375701244844,1.1744155416429132,1.1777875024755302,1.2253446735886593,1.2133251862010068,1.1946124742443396,1.1709356357892637,1.177370247611538,1.242314249249242,1.2257567703530852,1.1971109316299113,1.2144351932035415,1.2525814518686476,1.2437040233535672,1.1893287843260585,1.2134241731057076,1.2195169753417907,1.3272801795253812,1.2469688419535747,1.1631495737424653,1.209350084199235
1.224377464095311,1.2659940657525297,1.2391704893977338,1.2360505389550456,1.1499460836056699,1.2906996452529906,1.2272940206568816,1.2297522431470815,1.1759512064842748,1.1705904120963233,1.2048902232849101,1.1441716327934182,1.161128054288071,1.159076203932516,1.204527045667036,1.2012517816838502,1.183222172529815,1.1574919569094437,1.1732876417247888,1.2311074008664615,1.2223606880116646,1.1837500586228051,1.214233784830983,1.256118595103586,1.2479593754800558,1.1907761149013036,1.2131655612162977,1.2217711140198142,1.3341555838652974,1.2484423811337204,1.1710976918722025,1.2060050308982357
1.230867257544686,1.2416999209047128,1.2397225519585011,1.244055798613927,1.1532226938249726,1.2833144406468044,1.2282009458826266,1.2326794652215967,1.1938346027810975,1.1843603891788517,1.209511975632949,1.162089255439127,1.1548367193434628,1.1680271719168167,1.2085679682460821,1.2092986139253994,1.183742414547752,1.15391806467098,1.167625756479045,1.2293144421826507,1.2172793688212054,1.1856828939021442,1.1991741404960354,1.262847979130043,1.2288277291689769,1.1776843773212733,1.2009285421767386,1.2233742060042279,1.3394818534575648,1.243382821607386,1.1734192260928322,1.1966699460992982
1.2263198616670465,1.2464870357677629,1.2294309703312292,1.237967112325872,1.153726406566378,1.274632913033717,1.217394686372816,1.2397413369995318,1.2028301601729519,1.1862121696034402,1.2117020723961172,1.1582702304628811,1.1699795884910644,1.16114663141408,1.1912264130444172,1.1968738693384173,1.1794388377590312,1.1527651167498432,1.171474505998511,1.2368921939955522,1.2298841123750985,1.1857302777975238,1.217753475310835,1.2772443414271368,1.2299929022205833,1.1798010521722673,1.205257104614426,1.2343357357350495,1.3298347985657402,1.2302483418668746,1.1594216090142682,1.1985037243619736
1.2174133496492656,1.2592357193424988,1.2182955202875534,1.2482472238195206,1.163334837578336,1.2774124041871513,1.2024547333119908,1.2414712668403356,1.176995964707266,1.1676605347899727,1.1976808776266334,1.1485488514891662,1.1541879410277405,1.153502449934766,1.189557002376866,1.1960498363564716,1.1692633735624023,1.1335243071392982,1.1540789834558163,1.2226459163750423,1.2173726750112652,1.1832075859648257,1.207508470279157,1.2845624606859232,1.2297283816058133,1.1856124864263327,1.2026383290067264,1.2390204361928563,1.3335487879548718,1.2316860762080262,1.168191199028304,1.186042980997708
1.2304348578235653,1.2579359220431554,1.2047596913283365,1.2202951706487886,1.1635801459081871,1.2565818839702458,1.2021780469374388,1.2476344671281752,1.1716645802930028,1.1776029175456355,1.198320621605291,1.1502360178861342,1.1591114718515334,1.1582399596276918,1.1892600982394568,1.191315969044407,1.1644771751882548,1.144160337080338,1.1710193044620425,1.2153299480900785,1.2421739708029325,1.1932172345047605,1.2330136959666527,1.2849656957796156,1.239250843723089,1.2113492096770306,1.2226315644718448,1.2730317728142744,1.3341418578404198,1.238738248116468,1.1830836364181068,1.2036598685632003
1.2252872457742605,1.2609993840740177,1.2130489953261452,1.212801091402677,1.1596256677579293,1.24983452124594,1.2167488280013266,1.1963812889972423,1.1555859035544076,1.1712487833775436,1.2004968794572883,1.1472901520179435,1.1457672486141197,1.1659489190166048,1.1913417176298138,1.192158442525333,1.1704610174621743,1.13013677368248,1.1538448653944418,1.2029669541952324,1.213904193302924,1.1768246011993706,1.2144509680551265,1.2722644441678574,1.2357771552901977,1.212416760021231,1.2435986349520747,1.2635916043388746,1.319339677639266,1.2298477781059256,1.1798639878848247,1.189393911758703
1.2481805602441167,1.2607394542455288,1.2267292859353465,1.2157405908475598,1.1709790036534595,1.2590484106798814,1.223245909791553,1.2052154937267427,1.1439372661681173,1.1796082579763898,1.2104797891099148,1.1423799167564348,1.134496690811916,1.1595357228194143,1.1906091670176628,1.1966080816907336,1.168056326512768,1.134505244814673,1.1456543647216992,1.193832854815557,1.2010036392306973,1.166899589622377,1.202672740693385,1.2598167260289617,1.2243812456902465,1.2054262120032244,1.2435212809748841,1.2684639719184634,1.3354167702356414,1.216504342849601,1.1853275319659038,1.188760646963846
1.2715728839248723,1.2620001867447337,1.2506613540284306,1.2403606560110205,1.1747067695783187,1.282546818737301,1.2510964276164642,1.210972934306214,1.1530823931403078,1.2177428308579537,1.2507805796383948,1.1569853962081917,1.146953102367981,1.1605255956926872,1.1888477128281991,1.201120226374226,1.1643352538215124,1.14002881540625,1.1535677644028182,1.1935632505879552,1.206097818790725,1.1887906380328237,1.2087614904870387,1.261994361482146,1.234899723781148,1.2138020058312096,1.2416921450735572,1.2709789359405677,1.3263440914941067,1.221538090191379,1.199340914400545,1.1995117393645893
1.2652844995566928,1.251290223130986,1.250395913678698,1.2643889512875457,1.2005649387470982,1.2946904820409748,1.2771949923575903,1.2369937674306193,1.1695238208230256,1.2477049774718976,1.2520416630577056,1.1608766152775516,1.1445794464856969,1.1471732146110052,1.1703404088747789,1.1823006596509453,1.1564414131958514,1.1416476796139117,1.1598461927090071,1.2030301994638284,1.2104988923468964,1.1832942922263272,1.214113983589798,1.2586018539617638,1.2463654135126683,1.2332077948681042,1.2664523812807846,1.268907776971904,1.3202712833805847,1.240158458387533,1.2209831251048453,1.2022363885040976
1.266213200976855,1.2493873455652664,1.2551212175261621,1.2751294121282082,1.2252698038067196,1.2825540003061309,1.2812929732928207,1.2306805439440196,1.1864212147661142,1.2549607096892483,1.2450374272347724,1.176230391299131,1.1683141128288104,1.1561830722910997,1.1844067035975299,1.2100449931434885,1.181463851472228,1.1411584236689396,1.1647337667092519,1.2095402029388644,1.2217097682244968,1.1927841852817294,1.228788167633137,1.2925620607555952,1.2693164630223077,1.2487325964923037,1.2892008866240146,1.2771352063471435,1.3090674442315307,1.2231786064121952,1.2294535831003723,1.1994446620410903
1.2835389051328276,1.2641789670457193,1.250533069947711,1.2681135235461944,1.2219255681859198,1.2881594124760258,1.2520739348799368,1.2318595189971544,1.185892312659171,1.2642622278459335,1.2561970606129544,1.1732046274274848,1.1710348159845567,1.1710078298502928,1.1932184133899495,1.206317784770089,1.1805026152811227,1.1434866396367236,1.173929081307436,1.2099134480794551,1.2328319669458456,1.2033352245331457,1.2390956700320723,1.2904086401051302,1.2748077192518046,1.2577462961040755,1.2970270750064234,1.2902206442679847,1.3215380354066404,1.2253756259547008,1.2318331792637764,1.2054697106704924
1.3070661448988439,1.248340216458988,1.2684438772249662,1.2464808535945622,1.205999257707462,1.3120724367761307,1.270283981188448,1.2427854259077131,1.1801116570109302,1.2797306685448349,1.273904865083763,1.1789723376734873,1.1801521167473268,1.1880315802464974,1.2111386275124798,1.2248628043346168,1.199216513854942,1.1690038747940972,1.2133130112935677,1.241035489853345,1.2732399358869055,1.2201088267446272,1.2767536248423805,1.3200932065501312,1.2997501098646613,1.2820470523334,1.2999819048483452,1.3029202544559637,1.3343658273284642,1.2311107102722396,1.2307719193814015,1.2093517945150225
1.310743913459529,1.2292429475377273,1.2715838998083044,1.2531587473424095,1.2093030832998546,1.2737716846424325,1.254052927927711,1.2082841717139219,1.182954449530783,1.2704804863384624,1.2589762507399689,1.1702459607588986,1.1627607890680585,1.1657795288898969,1.1918237138655172,1.1995951473496438,1.1795928103194842,1.1414579830363836,1.1798856854648747,1.2260817952454894,1.2489323539364772,1.184379925167973,1.234626772665737,1.3080647397763665,1.2689650700947719,1.2553517730210146,1.3045687830361703,1.2886325474626978,1.3245500725767583,1.2484643462237686,1.2274439007373625,1.184867067578706
1.3079757591065664,1.244146429855765,1.246229222679589,1.258766204774863,1.215266206244513,1.2884842171601776,1.2261135193493045,1.216973182476946,1.1695921595014105,1.2546479964991273,1.238613452304589,1.1698076252333223,1.1651565671520938,1.1659453592200604,1.1840843821270026,1.1959046188718607,1.1751456611882705,1.1443274929420277,1.1661775625005169,1.2038161704118937,1.2217312842713908,1.182646047121604,1.2174761600229371,1.2862177486183552,1.2685786680623763,1.2532611572498684,1.3097236337930012,1.2800756837490106,1.3349067431595745,1.2535337711621244,1.2329794962987355,1.1804042365241576
1.3319565228647838,1.2349734089556559,1.267077634505448,1.256795119322932,1.2111503265803392,1.3036323813183188,1.2374721912533622,1.2253855080167781,1.191671597354919,1.2596272649080646,1.22494382331907,1.1592256840486412,1.1737860468907273,1.149309718838865,1.1721048069358662,1.2021504031118047,1.1869622068049388,1.162249992231303,1.193738450893693,1.2285908493229656,1.2400019230402701,1.205766765502699,1.2265457645864617,1.2814369863940653,1.264376046456106,1.2502699257115784,1.310432319751401,1.2898359427113841,1.3232738414498615,1.2621844806879043,1.2343456813289615,1.190631881067352
1.3146352666496617,1.218738964395359,1.2774827814362997,1.26003968902207,1.2175895169981106,1.2832577189042675,1.2227532610834304,1.2223433112225937,1.1845186530569471,1.2798558062213832,1.2255457492284214,1.1735537737743162,1.1648847109520226,1.1608286640633152,1.1856452122197945,1.1993166856402524,1.1618515018387952,1.125611681848753,1.1580675275174832,1.201403760981095,1.2143974214711588,1.1868007151229194,1.2136658013270973,1.26702643880698,1.2627297068874608,1.2494576871017722,1.3097730751679213,1.2582133497552423,1.3158786668333602,1.2571619193186705,1.2412465345984964,1.1879337904543963
1.3214091016428133,1.2130110371369733,1.2550065439093727,1.251870936208994,1.213802397893812,1.3011595882298022,1.22167083981139,1.2363269931162952,1.2009607915303129,1.2708406294847794,1.2138848618724138,1.181358271907563,1.177939497600534,1.156154047033431,1.171020224987838,1.1931423546700166,1.1650236730133674,1.131582519542585,1.163791516198839,1.2009741462249754,1.216161085519374,1.1897973368378163,1.2156740120137155,1.2789777666841922,1.2578229684905322,1.2580388610110032,1.3199038092832718,1.2659657872956092,1.3198206068967235,1.2703585158387152,1.2473856180904794,1.1748461249479103
1.2995037905086553,1.2157232975236305,1.2757688841037473,1.2400528052391175,1.2235527822397099,1.3058217967007388,1.2338662968154621,1.220379864346384,1.1914744941176982,1.234724577170713,1.2034191064734514,1.1735523580117342,1.1841408235563802,1.150652507737098,1.162643474895522,1.1931806610159414,1.1734285934396935,1.1302390527649515,1.1635482387854987,1.1975824857501813,1.2134408394303209,1.1906135195041712,1.222893107072016,1.284408878117422,1.2656229677745676,1.2616285397816749,1.3127778307748703,1.262898606102052,1.31523199353689,1.2799595492950895,1.2434813843815937,1.1702118702094872
1.2943419808154095,1.2119521253783816,1.251612514138219,1.229151648798807,1.2112759715129842,1.3022139877892758,1.2283999174942652,1.2192445287538365,1.1831412059369997,1.2166971423481872,1.1860777452397389,1.1575552014798267,1.1710984574248295,1.153176430647235,1.1746204666307472,1.2055056910488493,1.1755925875434954,1.122024112748405,1.1545428225289283,1.1966798431042047,1.2109026475540396,1.1744197714381073,1.2184812068398503,1.2811456274727169,1.2426455553904552,1.2473602710018297,1.2873814064428786,1.245619892233051,1.3144727151961384,1.2648390669244152,1.225669966314482,1.1590066774073906
1.3102438069131324,1.2070548166103197,1.2504437768385444,1.2269790370889655,1.1915455390061147,1.2988760098838696,1.2435792308582705,1.2330921330330686,1.17933565337805,1.2356278332612474,1.1955869214132038,1.1648685920171202,1.175380676496532,1.1609374148292853,1.1766951868317348,1.2140329974755082,1.1916396221811807,1.1326308598985544,1.174135367862676,1.2204160623710454,1.231184785623079,1.184045954495955,1.2389764413317659,1.3005129452218707,1.2620711609685413,1.2471545886809474,1.2809167113085798,1.261479343665565,1.3262409048658905,1.2620660520722764,1.2226919863080723,1.1642039663087367
1.2869294901521675,1.2518936777445997,1.274196169598553,1.237969302369218,1.2139960864352315,1.2917512088691823,1.2594076216445675,1.232488355306406,1.1789341861793359,1.2265637462681387,1.1974139779717141,1.1793099251281072,1.1792917062341253,1.15454093027764,1.1723146041195749,1.2075964576109106,1.1832749469204498,1.1356889674784434,1.1611411709732247,1.210844737272878,1.204290865503928,1.1746763735495278,1.2089274679079136,1.2827268117914816,1.2474607145705259,1.2372884662298602,1.273033978785936,1.233670486545511,1.3147666509540337,1.2551509948603228,1.2247967547180831,1.1717436815796018
1.286486766914323,1.258617576241793,1.2892562759612152,1.241197319623835,1.2223887866743086,1.2887523225484168,1.2935052691728415,1.2323854144118949,1.1790207480796404,1.2498911384748523,1.2064244859493998,1.1806914748260477,1.1844242323884386,1.1574733508960944,1.1767006160066238,1.20410630132424,1.1798510802126692,1.138815048959821,1.159854408034787,1.202555660910187,1.2017537812287638,1.196870280379982,1.2192093653195042,1.2801629119396267,1.2765379687190075,1.2610537623499505,1.2978131948616396,1.2510976389360473,1.3197468735269269,1.2895014878531375,1.251083665448304,1.197839598272709
1.287447201993737,1.2690995399589233,1.301265591982101,1.2396215246419928,1.2339121470821377,1.319849827028437,1.3087141447996036,1.2270704369084746,1.1757719404317846,1.2477356217663342,1.2148084084122932,1.1818698409797417,1.1842530946579677,1.1672952983085543,1.191919459955418,1.2297453662331737,1.1977461789663264,1.1446105132953852,1.1657591375978065,1.2062759371787521,1.2030614552293488,1.1994209695552454,1.219027391444905,1.2864527859841373,1.2749036856605154,1.2471200547543588,1.2997391111913792,1.2399057303771825,1.297157809433721,1.2634803749002643,1.250283192768837,1.189519193018225
1.281053118905291,1.2555536860930867,1.3215963556634922,1.2345073448415773,1.2429219509498224,1.3024157852664493,1.3146086553711323,1.212978853040069,1.1753816654787548,1.2519141295137468,1.2337578455642786,1.1920150657798199,1.1882945645592917,1.1916177705196718,1.2172121599963743,1.2404644717976763,1.2133422042941697,1.1610436580275216,1.1737774340625517,1.2257821849590773,1.2080627243636042,1.2024794201996534,1.229351710442306,1.2846441302816838,1.2791968794174233,1.2512723745136414,1.3021002836107791,1.2445142815309165,1.3095001117699616,1.278553223365307,1.2557758293161194,1.180212528952546
1.278050279339438,1.2486172964574924,1.3149663162759864,1.2329455842676909,1.2310994120207108,1.3112829596885889,1.3295299297426426,1.2228672091647106,1.1778727489310548,1.2521560961650215,1.268604113169418,1.202421979175926,1.195911338501299,1.2115111849470446,1.2289358029663924,1.2479038422672428,1.2243285952709124,1.1695047242463463,1.1891817296019531,1.2327693649689062,1.2154934034905593,1.2105021973516243,1.2393381190142994,1.2778413707204441,1.2970816446005367,1.2453274393500413,1.3113397025938756,1.248508647229744,1.3076440992592602,1.2653410475897025,1.2530473467159398,1.1765434365018923
1.2764476060069299,1.290627981488728,1.3323392118346606,1.2466363057365126,1.2514461108255444,1.3120566988779478,1.3256295337546604,1.2067796793368941,1.178060050686216,1.2280885092043101,1.271227378639637,1.2053540333418484,1.2087361383924984,1.2268124245698901,1.251462413499199,1.2644479433371538,1.2450900774218674,1.200356332849743,1.2064865121988402,1.250988714198821,1.232445043104555,1.2179115171762558,1.2488948437306426,1.2917985509375394,1.3013677574753082,1.242339669422074,1.2977484836318,1.2469484172573453,1.3042421669563473,1.255890651062838,1.2642784331055053,1.1706030018213265
1.2876577906624496,1.292067546549631,1.3056619292778902,1.2320066267510363,1.2385393205964597,1.3021818874324778,1.3424253933980441,1.2051827433149036,1.1687134597290927,1.2443349139147304,1.2956195996517172,1.1923229634746277,1.1908491885587258,1.2203511104233122,1.2516992330717729,1.2633380235058282,1.237560693724662,1.1889196453306374,1.2061902337168584,1.2658392099725182,1.2460993229402246,1.2158109352691755,1.2449536974539408,1.2851996451166328,1.288787694852597,1.2370711283893372,1.2946263984086952,1.2613555127465468,1.2921401866610385,1.2606835069805107,1.246562849125868,1.1736999747315398
1.2702340238617134,1.2969084469109948,1.3049138801311329,1.239795940548521,1.2413552051027867,1.2626505985449614,1.3295536255801497,1.2074868799667657,1.1571075118298635,1.25302122969336,1.305070407867522,1.17896948608764,1.1789992155909415,1.1957670469143271,1.2317493326291091,1.2438626373517527,1.2265183255351841,1.1966956423601987,1.2219890791055559,1.286656006610224,1.2661220003094282,1.2321498857383755,1.2717311847112187,1.2935503277236422,1.3048570289309025,1.2449392972699904,1.2968725903567544,1.2543177098963099,1.2816857980526888,1.2586585443052556,1.2508476214786366,1.1764575759732585
1.2595869581213026,1.280071948637134,1.3028599590599226,1.2358049360855112,1.225054128488772,1.242769947654124,1.3175625680747243,1.1969688361033486,1.155464017806066,1.2502586811660112,1.309853275387321,1.1906448764796451,1.1813915495748377,1.1968438876285303,1.2370982839491664,1.2400312129372848,1.2177914241858085,1.1900553254861346,1.2061688385576654,1.272793015690182,1.251311619822326,1.2257807609507978,1.2503716632306936,1.3008306675731687,1.285339565330497,1.231861913249403,1.2873730817801627,1.242184216497401,1.2820646761536343,1.2580982999829424,1.247873012852989,1.185809965945424
1.260696388062512,1.281061681471289,1.3262773026479546,1.2181917579008728,1.2011780909887677,1.237466046952501,1.3269140114727107,1.181625665268692,1.1475252545598633,1.2459138638342038,1.3131553468540824,1.174710875359976,1.1643695956713276,1.179366498687232,1.2222992621664728,1.2304664680127442,1.2113984177623567,1.1831549249639404,1.2064548188885715,1.2722345112197757,1.2393942465279215,1.2154094586808233,1.22732338199055,1.278445747039011,1.2635415097691134,1.2012362157056724,1.2719984248826877,1.222322448661322,1.2722745588588786,1.2505401979556998,1.2269699383931139,1.1859164556662658
1.2396504540011053,1.25652710582427,1.3064193744706183,1.200893578163576,1.192762197000536,1.2270103066719085,1.3075155416061264,1.1659061001447886,1.146109095162684,1.2289431363049381,1.286125199861012,1.1546123998558675,1.1477437867882818,1.1564119644882804,1.198586026037022,1.2045060157300536,1.197840333380628,1.1613295600660563,1.1868025286970574,1.2602695472694663,1.2315989300963806,1.2046820878290458,1.2243638067216265,1.2921067828764008,1.2426089839629584,1.1958459273985438,1.251116478697973,1.2090035647014077,1.2299106794565466,1.249696043268415,1.2121576142095754,1.176434748380401
1.233240930822191,1.2544771336400478,1.296087970785059,1.1923002552831143,1.178638767385411,1.2529810945647428,1.2831097243284901,1.1768962369293066,1.1449725692937187,1.2221877572238011,1.2859131994186526,1.1636847521822014,1.1507893509678944,1.165273572997296,1.2066536168729167,1.2093846617888453,1.1887027691307135,1.168913898940133,1.200760590829694,1.2861860352167904,1.2586073480643727,1.222970757602846,1.2452871729480948,1.315094192595987,1.23887952411898,1.2054744402138267,1.2545802906473484,1.2111126947109034,1.2307093064596477,1.2302579992107234,1.1938474618738437,1.1832474628881693
1.2216594591155208,1.2709357162581851,1.28681115299062,1.1788929039526685,1.1626464962473992,1.2158267943816912,1.2730946630177682,1.1831187292621934,1.1615215649740018,1.2181718553580512,1.2866259142633474,1.1640454447574151,1.1447605582134435,1.1623554838548908,1.1948366944451136,1.197963017029897,1.1834049130591175,1.1613043377562315,1.1894972264055321,1.258048449805579,1.2275474202655605,1.2065848003484245,1.2379199484816776,1.2818301998679063,1.2373127000914703,1.2073111315703677,1.2412625471517702,1.1916900793694245,1.2146579720611763,1.2375741627295445,1.1827935329051176,1.2055518128118297
1.2034913225035369,1.2678686188960286,1.2914574683730964,1.1931696742184243,1.15544370137294,1.2379298713912623,1.2754688942635684,1.211715887312248,1.182266191163192,1.2379326633338932,1.2894622319735134,1.1759715606564922,1.1576636660097417,1.1503603226488117,1.1788567845347386,1.1888874775630107,1.1864908559995913,1.1611154098118934,1.1831299344870592,1.2581494799347526,1.2300656771010632,1.1877454098573446,1.217459999996529,1.2902173048818926,1.2256163718886908,1.1939706125536709,1.2315220363557888,1.1923808427878777,1.2050070016984544,1.2393732024897788,1.1691862216711806,1.1953318769222077
1.2122973814421196,1.2712143395617364,1.2870869391196038,1.2278705386932518,1.1633002592611454,1.2612913044115823,1.2684502473885655,1.2140899689047122,1.194074680230187,1.2656094663180921,1.2936639072463354,1.1948649784653056,1.170506293488789,1.167966935516262,1.201898275656531,1.2091960358828138,1.2017815414843216,1.1580809481357335,1.1876569238236183,1.2663817218365934,1.2528814889494961,1.2029167364262483,1.230832759565767,1.3071985657239935,1.23612420269459,1.1942367338051636,1.2320634383205165,1.1966918977803804,1.2228646041520976,1.262639424653664,1.1703020415179723,1.2021683451168141
1.2217256509964827,1.2384857856203455,1.2895726534006406,1.2283317619671037,1.1643361621771697,1.2534859320252933,1.2540649041988423,1.2132559475681777,1.193796196986474,1.2578234011253295,1.260274086033302,1.1893569606430765,1.1617303768612481,1.1654982493370896,1.19940261998252,1.2042827942238468,1.1970029342315112,1.1599861293320135,1.1669173618848558,1.2536697875115863,1.2416559520266226,1.200922337393019,1.228519224225708,1.3052567148553875,1.2481192879668046,1.1925325969297422,1.2409102992207584,1.2036613519836983,1.2152560894488147,1.259188075513733,1.1780802620383641,1.2008313578105745
1.218372231164487,1.2312123211323198,1.288528994732034,1.2356309498970885,1.1643613979482625,1.265443770765384,1.2586766858451799,1.2090032243910778,1.1796974883799214,1.2495705153553476,1.2547919329976478,1.178370102541895,1.1683495463217919,1.1638147135527424,1.2007915122391835,1.213018003557803,1.1981981071277061,1.1678476330865963,1.1837993757525322,1.248506754094269,1.2391242403315381,1.21848177405532,1.2311127618111353,1.305395289025508,1.253145910524758,1.2050236471620115,1.2511457161570185,1.2103673503228025,1.2412697460095423,1.2709920264429377,1.1809424810564806,1.2088053459593935
1.227592185375435,1.2361357238432245,1.3103134976331032,1.2456817089902747,1.1727041108948426,1.2814056533022558,1.249844135389774,1.2146576390311574,1.180632272018826,1.230790149295859,1.2444355961583535,1.1814120711405434,1.1646378046932597,1.1795045733918548,1.2133613785810233,1.2212554947505838,1.2076025874722578,1.1676851796534158,1.1720528942615522,1.250797573052758,1.239599725185847,1.205469078726846,1.2213611923809704,1.3196453078013672,1.2475371746467736,1.2128896663889865,1.2693481525119692,1.2343558417713099,1.2450396870862905,1.295265671277223,1.189228280213851,1.2187790932844351
1.2442701531951574,1.261845641802167,1.310023738776803,1.2513651501167882,1.1850575539245742,1.2937922892888702,1.2594219876693544,1.222033758496692,1.1788752345856905,1.233696810073846,1.2571784289807781,1.1837550062915356,1.164401136549448,1.175749564132894,1.2117555797467001,1.2138370368013482,1.1971335159599996,1.174820353049526,1.176619816963593,1.226586125801396,1.2242458651896324,1.2201108502395481,1.2236266596820382,1.2761731940062266,1.2443872828402622,1.213964398591265,1.275443295177242,1.226905401958177,1.2474830181354406,1.2935509563777792,1.191423332642333,1.2112041753930871
1.245656496221269,1.2296021871986833,1.3043496626361613,1.2642952598742392,1.1783607156046312,1.3000067447105241,1.2449369435032691,1.231927561850378,1.1988996537390544,1.2345240297064384,1.2489393971267608,1.1873438647759198,1.1820546396702665,1.1830213286589815,1.210442411846919,1.2224329325094672,1.208918753431189,1.1839266626263862,1.1813046630683572,1.220391931795752,1.2282268112993378,1.2140267280369876,1.2284945514011874,1.2633833876275784,1.2552228797082134,1.2172578744884897,1.2727147203672664,1.2332044924960106,1.256253804606781,1.3012012268818411,1.1859191799850497,1.2184845604495134
1.2604670419759445,1.247070946786516,1.3072785505868934,1.261035626387295,1.1953010934842982,1.3043058623846318,1.2392818363242604,1.242934295731907,1.1945296591074357,1.2356710451121442,1.244966446922214,1.193869560500785,1.1804003213924132,1.1820912602754212,1.2104998865858636,1.2222678187509572,1.2131948437199989,1.1844147937368599,1.188505562553684,1.2221842067510655,1.2450485462975278,1.220750198757065,1.238568083252647,1.2528306325635343,1.2678180283468974,1.2195043693548815,1.2887074298796684,1.2557701973812252,1.2718877826367123,1.3166097751550967,1.2160167944516895,1.2136913275222676
1.2683757897321348,1.2659714325186335,1.2891794563885874,1.2589773977069856,1.194780494778457,1.2890084238264534,1.2527098703976187,1.2559973969827223,1.1776925639810953,1.2341479892202587,1.2530164875621588,1.1921439337039386,1.1649519483000232,1.188213188872735,1.2264630226139663,1.2256484628377065,1.224063251536154,1.1715423770401194,1.1770626566029818,1.204878008630907,1.2326569055012486,1.213977298611232,1.2231589022857843,1.2268730201182731,1.2599675910408266,1.2157906056308774,1.2729956551351393,1.2524078435302441,1.291303603254512,1.299055367002831,1.2007022970966919,1.2073577595004819
1.268605694107428,1.2412070855924475,1.259872627257904,1.2706929666386897,1.2012114522915107,1.3007080503618567,1.2313484982192318,1.2327524760001896,1.169280599541897,1.2281859467440683,1.2557584445178405,1.1908627402046519,1.1657675011459807,1.1907395294841723,1.2225522347558437,1.2370409040574244,1.2134546830009416,1.1748782461433886,1.1798447020296592,1.2127275707654916,1.244975165963079,1.2169603585001454,1.2291191343912236,1.236192940520003,1.254748278564408,1.2141605595787837,1.281976685682104,1.26476540262418,1.29061178765168,1.2930228379324364,1.2102782791033218,1.2039324586307505
1.2929267303745624,1.2370267717676586,1.2313136945382597,1.2694798363797346,1.194202207455751,1.2895921076074306,1.2138199602244255,1.2459275142787054,1.171959779300988,1.210804938883953,1.2235946630796932,1.1778025772523433,1.159705345302937,1.1823435945683813,1.2168234803762157,1.236594556153279,1.213353912391521,1.1729689959906784,1.1913068811465246,1.2193954531155744,1.24317078572236,1.2187453011949774,1.2390733483855252,1.2458989911672163,1.2730353198317634,1.226103216820189,1.2820354228923232,1.2827919889165853,1.3098024903634713,1.2993089315718978,1.218970492089318,1.2066135806580964
1.294279114960134,1.2405456317205643,1.2194119244565491,1.2557991241788695,1.1812850609957268,1.2758410328650496,1.2157228559412554,1.2209042592160582,1.175093315042592,1.1927102697164946,1.2110029179653374,1.169634838535326,1.1550659230777403,1.177643272139259,1.212008565814115,1.2362268226792503,1.2140322508315409,1.1693163125234507,1.1784083241885146,1.212461595828288,1.228542406052921,1.1983863217865334,1.2193446630090727,1.257835170408205,1.2614201750151133,1.2271203478296357,1.2754602496473748,1.2848276328688204,1.3192470649670864,1.3071870789697988,1.2121800637545066,1.1887485569421514
1.2777371051621795,1.228817367985399,1.1955378077925678,1.2547052952462159,1.177328402073549,1.2815123033087827,1.2151032742708818,1.2236558121588825,1.1723211858857763,1.1942157812593028,1.1951414929957063,1.1670900300918603,1.147156257316947,1.16289643443928,1.206985819144107,1.2322926882034584,1.2117289414136507,1.1533799054979919,1.18285324372489,1.2080609677531011,1.233173471822038,1.201053476429843,1.2307928629178233,1.2384547053460602,1.2588477134555922,1.221191174347312,1.2602025174763458,1.2640793213328274,1.291386553827397,1.2767569135213614,1.1999008176580255,1.185475777859933
1.28730345616964,1.2424169037817188,1.2055239259887427,1.2235266068953323,1.1911448651333356,1.2777809233860347,1.1927491621581503,1.228303777718194,1.166103176556541,1.1679667368663427,1.1852892467260254,1.154122559842432,1.1384765705434903,1.1590064573754404,1.200264124221368,1.216811826525318,1.2019470780114143,1.1471611620654838,1.182085984876033,1.2245670772019277,1.2471239999572696,1.2064561091000956,1.2423993936624724,1.2570107557227674,1.2470449974827025,1.2270320148113312,1.2473711513363397,1.2593025639431736,1.286600720487215,1.2860713249149855,1.203550866000794,1.1967200615730427
1.308454762395106,1.238696695214119,1.1790442729944255,1.2122016316852235,1.185954595878589,1.2512505773166307,1.1772013777165633,1.2208106445540001,1.1774885251804226,1.1679323950060332,1.1793116216664183,1.1573465237252774,1.1621985684572085,1.1818512268311772,1.2184207044557274,1.2377239091701397,1.2300822225715273,1.175189797045543,1.2043088711862542,1.2428362844455154,1.259378777466842,1.2046034835202613,1.2536775634799067,1.2482689302864156,1.2691710359233845,1.2126300151119693,1.2374485973008937,1.2690058660359262,1.317053853959191,1.2690341202199276,1.2040107663564954,1.19093859986374
1.302949470966792,1.2445207604098685,1.176607812618777,1.2258026869482461,1.1952443862116626,1.2624020021713667,1.185942444451379,1.2171714480274525,1.174261942512627,1.1692822616433205,1.171029481368708,1.1540392334081182,1.1638807043317128,1.1840182898844653,1.223698934985903,1.233007173209164,1.2209647588254076,1.1620704311417247,1.1919277718602692,1.226232077654287,1.2415688629015804,1.2180344001789745,1.2475911914474311,1.2378198727476462,1.2553230854443236,1.2284172650834502,1.2536022109275915,1.2599601603949002,1.3202277130080933,1.2936655313414613,1.2316247961677427,1.2073219898353165
1.3071683488539365,1.2615432264669948,1.1908164533242258,1.2354105485766398,1.1953743045837728,1.25908215063486,1.1910621685300733,1.2045761520053533,1.1787446115749596,1.174804822786036,1.1858526135284617,1.170358031048702,1.1668907121036296,1.1795971036148607,1.2239460410734557,1.2171260810618882,1.1985104439447185,1.153917588540323,1.1795795372021884,1.2139794080488087,1.2220776367351471,1.2019095078666737,1.224720456845622,1.2275535291330597,1.2291293711519613,1.2299872582426679,1.2746197901115848,1.2512149065377849,1.3007689569842353,1.2770746516175164,1.2422517799868893,1.2101069933951554
1.3141346919418793,1.2634593163049739,1.197311753267228,1.231298254036866,1.2050254715438702,1.2586986736325132,1.1978512679528888,1.200434182389068,1.180724349590581,1.1796248124327697,1.170475050939255,1.1648848356589578,1.1628602544053703,1.1707201676406889,1.212748594648239,1.2088421703503152,1.1887311983159923,1.1533806577577543,1.1587738600803759,1.2015486398147532,1.2099868384099766,1.1657401699401202,1.2067353748379308,1.234309399209826,1.2411414142528445,1.2342713184422105,1.275485709572606,1.2509388284614582,1.2983012034051045,1.2773024566926456,1.2471063260555373,1.2054210005766874
1.3111191728780374,1.2481040331091466,1.2097847513435955,1.2311006772421687,1.2073724303317337,1.2574702679761163,1.201547407508831,1.2108473796002146,1.1806114274634976,1.1901307152256895,1.1889345102401123,1.1725122890387156,1.1656844968103135,1.171787432120142,1.222154231815048,1.2162634377369343,1.2094878618765994,1.1669223978900543,1.176259506055451,1.2196818760824142,1.2149170840513874,1.1821330850714595,1.2001924352418432,1.2381207407823571,1.2503698037525148,1.2529719746123504,1.2837744745185986,1.2561973842199903,1.2907708454082154,1.2820866878096713,1.2583566304875469,1.2204223472799902
1.2902812046007213,1.2602087440882193,1.2112976860920273,1.2144360847676288,1.1942215742594544,1.2812393150984556,1.2174130905975085,1.2286064986332863,1.180272526300358,1.2114264487313604,1.175994130666346,1.1765192008920602,1.1534871767167922,1.165158351334791,1.204500302433651,1.1948265748758549,1.1858658949352519,1.1569778016330183,1.1584629816745742,1.2123356055406378,1.2030916173100952,1.1619042241300777,1.1868726274482542,1.2397656747517396,1.264243251788891,1.2396342635462336,1.2758707887749339,1.2534470641863205,1.286304798456126,1.2794547393702613,1.2412208924350927,1.2232186289857543
1.2791281792262852,1.2404826367730875,1.2094650297065117,1.2022695986690946,1.194646611752413,1.2566136959311505,1.2202682826119766,1.2045181525344324,1.1618508065445627,1.1876541219065526,1.1921332798963862,1.1674513432343492,1.1450192341371384,1.1639476468552439,1.2074044916423199,1.202456259211567,1.2002878360651645,1.1691835200438943,1.1616152381244131,1.2252959536449268,1.2074996663812756,1.1461916486936976,1.175708062755755,1.238342233882441,1.233642000417506,1.2285079415004183,1.277912569627904,1.2401096912657585,1.2737258712610304,1.273279828602956,1.2422559623617968,1.2132201450498878
1.3056244576697138,1.2530356360034778,1.2351430486040456,1.2085735552986632,1.1999855195841003,1.2659457122413798,1.251491390910295,1.218055316788299,1.1593952604590614,1.2094566221969179,1.2349195195088565,1.1740510518216032,1.1417044422607157,1.1645597635032967,1.2102684991107662,1.1863350085579165,1.1771086705067362,1.145599293075569,1.1511756457511326,1.1978138678053454,1.2130515418321102,1.1609931335665966,1.1928705864786622,1.216958817246467,1.2487330994894283,1.2109372904071656,1.2779161214319552,1.2269385753392141,1.2523459249350137,1.2626071328228312,1.2355642335627113,1.2008664244648253
1.268197122641785,1.2442761450441087,1.2114994686520903,1.1714462313401839,1.174335989596125,1.2618515052843249,1.234488464802375,1.2093349226563173,1.1604528659146713,1.2080964471570068,1.2303316061833642,1.1671776169094896,1.1182533008230162,1.1465252703106703,1.1879951341005341,1.1579187552721546,1.1551332816981827,1.130027470543947,1.135854782077117,1.1986062997164302,1.2065230873212989,1.1283286526480012,1.1732948353469277,1.2331505937187353,1.228933014033774,1.1944239670294263,1.2552274477507368,1.2170657142434633,1.255731836382092,1.2426670534996567,1.2038879354350647,1.1878704300421117
1.2778603986514312,1.2572402840032826,1.199551395476001,1.1950944451485954,1.1803430212307735,1.2491732824072868,1.2422833478510764,1.1892252300591053,1.1600098806984007,1.2086142673341622,1.247577885826381,1.1729235395991848,1.1194108298606456,1.1545792445293759,1.1998472087491912,1.1768682782853137,1.1572925708357416,1.1247829130842422,1.1210501956579901,1.1763945685066355,1.190748581248397,1.1204207895343228,1.1743483378877333,1.2245280568435746,1.239123701522813,1.1897047827001426,1.2686856764702552,1.2240722037448937,1.2712092806385138,1.240084353935963,1.217942954297948,1.1725232508965506
1.2639558381180402,1.2569445888303863,1.216569788380127,1.1868027265539056,1.1775774002898336,1.2779540227508503,1.2432654153552032,1.2003877999294303,1.1713547504366972,1.2190502316490213,1.2389401228523895,1.1855439100660299,1.1069735916325179,1.1571013816154652,1.1980702104445107,1.1584148532620873,1.1416314229806632,1.1097004646874549,1.1139878289826615,1.1732050447594384,1.1861331062475815,1.123762106290167,1.1687231733854,1.2356541248250221,1.242637738831537,1.1919499669460343,1.2670313337078183,1.2145521579408243,1.2477281323240557,1.2464720545816277,1.2132479039311888,1.1812696347978577
1.24976212696334,1.2761940439586092,1.2259498245032483,1.2008343834017985,1.1962693771098298,1.2826662193843703,1.2392411517092858,1.2104112650540133,1.1804939278244495,1.2284650226513352,1.2546325781762164,1.1856252057963244,1.1125901285364204,1.1602578294372474,1.1963132116032833,1.1586894107527885,1.1457361007108393,1.1173858645406494,1.1170776497325012,1.1784346495344227,1.1899094649495208,1.1248141257916144,1.1727276337158727,1.2393129256988182,1.2483971964074618,1.188141449472498,1.255921777094563,1.2105601969488395,1.2320795169515069,1.2322399055396396,1.2053347866678075,1.1790706407755112
1.2607768937036365,1.2766408362004944,1.2220401226688768,1.1967464087724045,1.1689840309504567,1.2925595744943819,1.24943729632974,1.2145558348548275,1.1551791110501644,1.2163066015186814,1.2495624622869452,1.1702938161437797,1.1101714606690656,1.1712034708258205,1.2152741240857825,1.1828406316187436,1.1628358322586356,1.1220264384214071,1.1237769203378898,1.1967325518157155,1.2117504325268054,1.1239065161925619,1.1801219727595815,1.2511141836574629,1.2615817466574997,1.1642546763402706,1.2471861215395115,1.2204759867452373,1.2233622883994872,1.227024629410201,1.176785773106849,1.162818962637362
1.2356465121613704,1.2873731001463697,1.1898705233789835,1.188342828925617,1.1860133089997187,1.2842841051040956,1.2281790033920719,1.1862659131420428,1.1579834172380634,1.2110817810525087,1.2392721601769163,1.1713895146326367,1.1138792085169607,1.1784918817341017,1.2158492390387416,1.1762802290058187,1.1628407643660474,1.1218163397929573,1.126208034443458,1.1861632676291418,1.1960537669850781,1.1230498309582548,1.1725804050969055,1.2414097285231844,1.2375717170725968,1.1703838570898328,1.2456416333586204,1.2059128658023563,1.2265612137418638,1.2320449464446017,1.1832744745805486,1.1511656828120078
1.2347228132384152,1.2803467899036747,1.1833759163455322,1.1960055210709977,1.1887578635214902,1.3094656985691306,1.2408353824669072,1.1668955135605368,1.1488564468217906,1.1974521573507555,1.2151383307670696,1.153610306732295,1.1219505281494127,1.1618022024342591,1.196952241224553,1.1628000863155488,1.152536993066159,1.1208380884658207,1.1377885206993488,1.1931658401602006,1.2090202426147336,1.1449787337545925,1.188258050381998,1.253209004866614,1.2391471470431785,1.1525302848163412,1.2360746142377321,1.200903234878591,1.228453049511682,1.2307495148111072,1.175268062573916,1.1477055106133325
1.257500263826461,1.2927000032008098,1.1992297751007086,1.1999674540766132,1.1912145249917299,1.3056713902213957,1.286032682833516,1.171690072843943,1.1438482905008742,1.190928125317166,1.217847568762011,1.1594639169880336,1.1166852965858005,1.1742325086506054,1.2154431871579425,1.1806048738276753,1.1628371470482428,1.116402397917776,1.1317599187565894,1.1950944629733513,1.214091343581647,1.1342923186450056,1.1927920490290802,1.2576324320043843,1.2505913413932765,1.148676265940894,1.2312949947329872,1.190203163222968,1.2303559921880907,1.226536912734229,1.1684219138380108,1.1496551815350338
1.2554116834164613,1.2976259019625362,1.1927110394435372,1.2084634830095766,1.1777887235427913,1.3107808624185189,1.2722878926824752,1.1889072976756063,1.1354876264516454,1.1940012091556969,1.2104636609140662,1.1455296472890195,1.121403536571543,1.1629163053259257,1.2111670225536928,1.18139413860522,1.1666499632889775,1.1262575546863636,1.1313095105715658,1.197982441580433,1.2012183267925687,1.1343983310653054,1.1771567055184922,1.2463850873997067,1.2554963312169323,1.1461517901757787,1.2211150259663004,1.192779063123678,1.242484935302749,1.226516453509705,1.164449332600442,1.1460433438027149
1.2643703682297736,1.3162466424514703,1.2178303013195757,1.2488485997053425,1.2084153255341288,1.3392056909850703,1.2586402981095395,1.1804993896470046,1.136516490771651,1.1906943697607735,1.197720469879931,1.1566192327767837,1.13069911466732,1.1757280115627304,1.2253113294169682,1.203722598737937,1.1897744084476702,1.1363242335698407,1.1260117118466773,1.1874776314263782,1.1622932449436856,1.1336442113125873,1.149436573902993,1.2263941335158757,1.2343404750204194,1.1521222778795104,1.2170628470400688,1.1820663456082872,1.2562607687988212,1.2458836809216605,1.1852772371723148,1.1392922912117376
1.2690503942610727,1.3416045037195647,1.2039936931973367,1.253140623954367,1.2060219430208927,1.3180346545163055,1.2548840949509952,1.1615119047108424,1.1234907623477013,1.1666106847985807,1.1863981567776258,1.1348145383035912,1.1141573761717507,1.1554435785317851,1.1995007710729972,1.1880138553786617,1.1763883733377216,1.1226230228467702,1.12140047730091,1.1880473656714101,1.1559329332206318,1.1298208422905414,1.1427347263536691,1.230415633316295,1.2299846458353405,1.1468089309732432,1.2252731130474699,1.1959969181028678,1.2566276634968347,1.2592213656985647,1.182330157481596,1.1334814972436138
1.2776836305954544,1.3290251838456533,1.1989454383763505,1.2397452439633367,1.1914670878306912,1.311360820667576,1.246436429498976,1.1640248807375742,1.121917072617919,1.1649754435358024,1.1802887325728606,1.1268469424692975,1.1123433592120313,1.1432407911444038,1.1845273338879934,1.1774282446246602,1.161074893189173,1.1239050807326592,1.126049993947456,1.1958175522443537,1.1611145027526553,1.1298688658694247,1.1400081956066375,1.210615938917882,1.219358869526896,1.1537340722249376,1.2170421012581047,1.1743795706906661,1.2481921631679498,1.2604527802506258,1.173726367973588,1.1423801236998825
1.2920888250115057,1.3063020647531272,1.1866126352318338,1.235619238360881,1.1955339394157105,1.2846135627721134,1.240649755075632,1.1439021685243551,1.1132010083019368,1.1620693021326651,1.1891098155605613,1.1260788540024311,1.117061780011084,1.1537355761419021,1.1966709531754673,1.1962557046754854,1.168138912025442,1.1256171877155683,1.1281708051249775,1.1920573540309316,1.1561773031377365,1.1317903365222868,1.1456039765416257,1.207344292746967,1.2163608127268695,1.1631703978863774,1.221982324296261,1.1835063936737698,1.2418715228341803,1.2498996308858616,1.1855507087427228,1.1393298506604905
1.2829087402567698,1.2888787234328047,1.1825279991131656,1.2165211899185824,1.1672116039224407,1.2677709094220848,1.2377945428902994,1.139570759950958,1.1077476736918366,1.1507353331217276,1.1852950189966767,1.1243666223131934,1.1219464588971892,1.1472665449445962,1.1919312135966682,1.196089193959807,1.1671704391504432,1.1239350855434032,1.11270998222526,1.1901713559004963,1.1446403524834876,1.118592443285536,1.1311992014591798,1.204185161431288,1.2138643333669275,1.1470860637939406,1.2092649847841643,1.188867768464769,1.2483434553244626,1.2552146997797518,1.1675276351559483,1.1224154702439948
1.2712971153989279,1.312463016491819,1.198085748126746,1.239970372910029,1.1594499495313126,1.2819325239333654,1.2312079724837353,1.1196711264251176,1.1025536470880288,1.1456320327517422,1.1848192525533734,1.1235965111205217,1.1279191639480466,1.1385073370537042,1.1761704741813606,1.181390954832955,1.1593796606037983,1.1209970084328569,1.1203972055539855,1.2020023935921638,1.1557175294194186,1.12994517042329,1.1430072234876,1.212116374509295,1.2257030745037059,1.1544985314581138,1.2099477648660728,1.1954805870210123,1.2559076283504333,1.248910948233648,1.1641151854942442,1.1209249835775807
1.2841725862006537,1.2785764471795626,1.19908302718322,1.2586601266438762,1.1705604669173186,1.2836749254603073,1.2433506118514004,1.112465295246229,1.1136590860090638,1.1480208152290023,1.1888925145926406,1.1257127373007088,1.128192971647147,1.1365808184387258,1.179144319111082,1.1957162253896159,1.1678344971980994,1.1222572601930678,1.1165451289531685,1.2006805949416732,1.1539200604367008,1.1221541710632275,1.138334348757322,1.2188840269962007,1.2310247060757837,1.1548169934217825,1.212053368079925,1.1950475008302435,1.262436998940529,1.2515157076580663,1.169290762421883,1.124960932844105
1.2844656578075573,1.2894324434345537,1.2177180520942597,1.2420124712449392,1.1479151850450038,1.2468031207955548,1.2353820842692844,1.1175351774172315,1.1045010061712839,1.1437460795010481,1.196975033451646,1.1217596042712747,1.1252308675672926,1.1371799205043462,1.1784197477985403,1.1915951564925558,1.164497564663139,1.118268436105482,1.130456080902125,1.2080049527255292,1.17250450308635,1.1424049796261124,1.1523588524155393,1.2326620077608608,1.2309593777484207,1.1560707096874172,1.217291615131751,1.2037018536204602,1.2654996420135467,1.2553148239607155,1.1802282148156826,1.1248803231643618
1.2761325658059177,1.2725217745590602,1.2110391255625739,1.2383613630309565,1.1704724782014624,1.265899965481252,1.2023270797939605,1.139072205316209,1.1224742178252902,1.1636799619321432,1.2256571482406653,1.142689868958366,1.1227898029994297,1.1624975240548951,1.2094304444814656,1.2090249155602588,1.170096297799281,1.114475978744227,1.114850488723669,1.2061165931168059,1.1633100845724182,1.124028206833557,1.142855150133539,1.229440773450384,1.2350096989348074,1.1744399403765553,1.2334819371569465,1.2047808171557175,1.2676024565689412,1.2464009348272034,1.1832625681441307,1.1455541175828685
1.2750526142996947,1.28797479111621,1.2102218990471911,1.2418417399992492,1.1495949425006506,1.2510797426988542,1.2019853998069863,1.1223890022549357,1.110320066869463,1.1536241862152237,1.2280455014505973,1.1362841138857973,1.145586413913719,1.1582308784657491,1.1989681412424316,1.2093460380862917,1.1813453842363828,1.1419497440344932,1.1347764320659621,1.222835606214143,1.1805417541611987,1.1343590189098731,1.1524404360295353,1.2451064741135154,1.2216044262653696,1.1559739028018543,1.2245647622004876,1.2182919984787115,1.256240209669419,1.2530672421494675,1.1631275244189168,1.1248373484479464
1.2683035543941859,1.297247230031282,1.2064407908118084,1.2309572646753364,1.1373540028490101,1.2540810515475747,1.2294890712868893,1.128758239470271,1.1032839663345089,1.1489405235027188,1.2282400856765998,1.1335858130209646,1.1565425190647862,1.1585641762448482,1.1963398657355047,1.2125733743811526,1.185151015112515,1.1540678419665222,1.15974397748267,1.236823184623304,1.2016969620330726,1.152052876046975,1.1669104091952087,1.2427011422447822,1.232716548557475,1.163934469757951,1.2225920110031525,1.2207061037315912,1.2600268518325555,1.2370367403519034,1.165746965319151,1.1372960262923473
1.2857885924942845,1.2815644419277636,1.2332289222073347,1.230548243025598,1.1382036427878441,1.253799292084907,1.251749451949317,1.1261601062381357,1.1145905372227443,1.1498459240609584,1.2400014744003822,1.142638457352294,1.164915999006088,1.1703337873139894,1.2019137370320374,1.2015099241776641,1.1859758237126905,1.1622844300007193,1.1662884653064598,1.2317208147922356,1.2060165029801646,1.154371262418377,1.1692745453291482,1.2396843153529487,1.2293007909894016,1.1783148844963593,1.2323673201760152,1.2286710649111234,1.2651062646863405,1.2394073930012843,1.169216304427705,1.141827966114877
1.2700019082617195,1.3040597921686363,1.233355110742903,1.254582113104429,1.1516044795874,1.2514204580985973,1.2440315977027536,1.1191015784363398,1.1144989295646357,1.1379469171321142,1.224818642624221,1.1282242839794776,1.1573598598820476,1.1526009408015012,1.1947428311495196,1.1987169427082003,1.184934721748509,1.1618628913377096,1.1643313468117853,1.228382659367984,1.214683659710591,1.16940090643784,1.1848653509551876,1.2607184394761057,1.2526797367849607,1.168788781092574,1.2381758803097704,1.2586216994526744,1.2740610835899273,1.2536676752170353,1.17359507043108,1.155840043357132
1.2803437084173213,1.3180304934402638,1.2370328136187467,1.2776989752256513,1.1528676865264762,1.2612303196113157,1.2418836685686652,1.1225160010020583,1.1132597105981938,1.143069843493479,1.224008093036532,1.127400406862791,1.1495003786983942,1.1583431229104033,1.2066831541765781,1.2106266215383978,1.1928665838432086,1.1527411814349344,1.1717476811701744,1.243151573092336,1.240119555011618,1.1660293907655936,1.2095840152687023,1.27835786559638,1.283289061298328,1.2044063500516988,1.2817862633361365,1.2910916391681573,1.2916225006529434,1.2820385051218854,1.2024834813017193,1.152599300826535
1.2738590632672546,1.314212315962838,1.2443760256030503,1.2673237845281562,1.1679921870984176,1.2836188318563628,1.2541161689911844,1.1419136163760097,1.1197653547962645,1.1505637577575605,1.23352642402387,1.1367153180241425,1.1453881480476813,1.1540848676461426,1.192345036222177,1.2060795472691608,1.2018845547554693,1.1650602123552947,1.1807757593244643,1.2417465826875993,1.2390829926592366,1.1643287116231142,1.2095225728598258,1.259674531973616,1.270698343272274,1.1890258237875648,1.2566955158489894,1.2472397449038788,1.2635986467254705,1.2460267283937052,1.1939362274836234,1.1697905414995147
1.3152684442232825,1.313616822548093,1.2525123968893697,1.2468657769007168,1.1723252479949755,1.2990487384717184,1.2833768870124556,1.1561925263187331,1.1304908022663627,1.1649032778872492,1.2386316343182675,1.1417483044784984,1.153308863195695,1.1652603263960923,1.2021433959198855,1.2189235960149745,1.2090307484242933,1.1679764885385535,1.178801485420427,1.2378592044119099,1.2376403348433218,1.1652354385297516,1.2004447293677407,1.274181395949107,1.2742353555476604,1.199263597060144,1.2765118497326486,1.2633821470944462,1.2914019626355884,1.2604397754434709,1.209276699567744,1.1806326067543134
1.3118341937660627,1.2794813418356603,1.2536425079021767,1.2653348313424593,1.162943418936237,1.331148782633368,1.285069428905485,1.1853207819974534,1.1345401192149123,1.1716631479198594,1.2374947823589935,1.1503549193026767,1.1508890617474905,1.1620351380203982,1.1957929426842686,1.2115264444634521,1.2099800721291512,1.1711629040954272,1.1672883233955038,1.23059469289511,1.221588879117741,1.160484001652172,1.189493244426114,1.2614374497363035,1.280597640540954,1.1861517199766776,1.2619855898241885,1.2622674400438756,1.2707615573933977,1.2750047492958418,1.1810098420023438,1.1820356464402841
1.2865104054454874,1.2663490001981286,1.2390240337462555,1.2271974943968544,1.1502851675661352,1.3184545315213438,1.2774133171932032,1.185637793206232,1.1280515001973925,1.165653284837372,1.2257471241161542,1.1498667297209029,1.1480418898016993,1.1613815670936753,1.1951945113253801,1.2050615470338053,1.1998804555622524,1.164652108854673,1.1714420245486754,1.239736635051487,1.2242886417060928,1.1696636984502398,1.2010431183942936,1.2651952197435647,1.2717136357226033,1.1873127339104597,1.2527503634725081,1.2479069196942099,1.246298296415335,1.251166037255293,1.1733425086020026,1.2033592180736261
1.2859798217820586,1.255436529719074,1.234891532858207,1.2413660936210484,1.1566058658090845,1.3134836133664605,1.295985540199537,1.1764788023229873,1.1307147290863835,1.1699569302847053,1.230004859196889,1.147458262183622,1.160513141636125,1.1532069977948491,1.1866794634427895,1.20122489250834,1.2017820089204783,1.1668541488304887,1.1742917506988806,1.242672379448374,1.229976716550342,1.1806261872421606,1.207474718533158,1.278574314773056,1.287255345975781,1.1979104336495894,1.2719683334049805,1.251679163033007,1.2283340297006795,1.2621196939188482,1.1958800045949498,1.197519263160139
1.2936882035489319,1.237511259527794,1.2285273773228993,1.2490334347609602,1.160551372231545,1.3220034792836823,1.2689287354881529,1.1861508037540458,1.1312662684149453,1.1623648321462232,1.2086820687295652,1.1523847055204195,1.1566547190735839,1.160534099045187,1.1902344255636748,1.2050105350488363,1.2057696779860634,1.1664513016449845,1.1674188188844483,1.2367164143672993,1.2210814537879293,1.166723364051722,1.1912852932482574,1.2789666719826132,1.2805773770217999,1.197745189689928,1.270627096173179,1.2421077916813772,1.2192068608763837,1.24378794383621,1.1982308863752509,1.1971065193487191
1.294792396664719,1.2131312801651684,1.23289855575633,1.279854715143191,1.179468668793422,1.336357135219939,1.2391654733669126,1.2175558938355673,1.1406541575984996,1.1685089037398795,1.1894768457747396,1.1424700328081308,1.1541284183576113,1.1365830490711792,1.181293009631408,1.2068766042412549,1.2076109505612667,1.1644834628462166,1.1654824984919276,1.2375144745923787,1.2184922701122127,1.1664230224896066,1.186212361059754,1.2666609015627748,1.2720802175655246,1.1966000312892602,1.2553470224087686,1.2285234034771446,1.2348317328199898,1.2427162147241926,1.1988664985938253,1.1951107771932945
1.283427949962216,1.1975769569807966,1.2104763968659384,1.2575945800997965,1.171134475594021,1.318467150905234,1.254692420035513,1.2182193734430098,1.1621403287564,1.1813199536041419,1.1913166983513945,1.1504184319085278,1.179385813238804,1.1391678722985266,1.189220943112003,1.2159933360158561,1.218038758130017,1.180452817052655,1.1853540884848146,1.237923280028371,1.218192451100706,1.1955462942104225,1.1948947853221852,1.2692288314367313,1.2696067537439228,1.2036862667131967,1.261224030658505,1.2226568556719146,1.225190217352317,1.2589160044205165,1.1966771531691878,1.1949142995568247
1.2997707191037866,1.216475262125788,1.2376850045670909,1.2536648663167351,1.1873590901644495,1.3015624109012944,1.2481624227322559,1.2299870464270948,1.1582569631607873,1.1918350205767256,1.2070150360580836,1.157956911893366,1.1642870145310418,1.1397485678370678,1.1726210319243773,1.2035472485746137,1.198358616068779,1.1599394021178193,1.162379997210104,1.2303737849006626,1.2037903647546833,1.179030737334999,1.195720062699556,1.2626463962498646,1.275599170637798,1.2231263351352748,1.2689736123238389,1.2164401143547887,1.2272653151407396,1.2595535233471817,1.1992066918316644,1.1868698369575397
1.2842903962249446,1.2077966154805566,1.2141341110958856,1.2560290170501334,1.1668552323793688,1.293602837621485,1.2494212555154627,1.213540513518869,1.1579697133552818,1.1851313037568356,1.222749464058562,1.1648595929123837,1.1745740946956327,1.1558925462088638,1.191187174413234,1.2167279760148073,1.2180517820219225,1.169130005163167,1.157825754106628,1.222072937306358,1.1903974662568055,1.1706504247878986,1.1821998385663752,1.265002739694224,1.2532014806850769,1.2006182834210093,1.2493959443905394,1.2066941069825357,1.2390749740513527,1.269031061150714,1.177553744446044,1.1775903232931937
1.2873900521315509,1.22233931076524,1.2190564169488054,1.2548992425818577,1.1621103090406197,1.3178251914040295,1.22589269196869,1.2161005483852447,1.1473927569461049,1.175987627312872,1.1891419072100422,1.1361426290086696,1.1617166495933118,1.1280167321396584,1.166358322919326,1.1974198989147569,1.2034713516167783,1.1577118134427105,1.1491953891952402,1.2079436231160574,1.1824127999585679,1.1775351011194097,1.1936717605227474,1.2455607248283662,1.2656740402351123,1.2189271409459117,1.2593859953785302,1.2028404683238145,1.2532768558141616,1.2627048034796426,1.1867096286318766,1.1751200965305284
1.2623125144371279,1.2350968031591114,1.2182975317047025,1.2417518255158237,1.162985045784368,1.2856012237287446,1.2171718133353293,1.2146677816061424,1.1457940618654983,1.1700935828678125,1.1821409250199095,1.1290234206471668,1.161685991121908,1.116559424001478,1.1526335410264097,1.1806583843041412,1.1923259816574363,1.1569400724051269,1.1515392878982795,1.211578508980082,1.186005293481481,1.1854626064784088,1.1915815850112743,1.2516860862857189,1.234750169754749,1.199407464149165,1.2376133654255783,1.193555666266248,1.2453903927631715,1.2479553295305694,1.173108709299259,1.1584843791193917
1.2546398612168181,1.2356111077166005,1.225231724228337,1.24866748789066,1.1696215914817365,1.2819300703522605,1.2102121354516049,1.209832728264862,1.1496172915693301,1.166780376144166,1.1775025048281154,1.1289272010710685,1.1693501652316434,1.1233757320055862,1.1545122929659806,1.185627888889889,1.1896324079630856,1.155532996010135,1.1531646164456877,1.1974052746708164,1.1884072225204363,1.1816854083195254,1.1888506280783064,1.2376943918316967,1.2127908118878923,1.1819686496865862,1.2315631165257372,1.1920676127321155,1.2507989475761,1.2457096052314314,1.1837872735397716,1.1472224019696566
1.254312883087375,1.2270826000337747,1.2261152183103912,1.2389515843041745,1.163606649402188,1.2554728297490172,1.1968764913734902,1.2052035237050782,1.16061297065814,1.1710653467861059,1.1771964457417603,1.1400230013239039,1.1661440135117067,1.1296351267739124,1.168249411176473,1.191765586836705,1.1955210806911365,1.1507297352151136,1.1510919444873724,1.1883306013034063,1.1962367654312858,1.1687348824373143,1.1824388209554932,1.2398530463026491,1.2215722516192593,1.1901125639317773,1.2359580316408063,1.2116100355909425,1.2512216271374523,1.2588361682582518,1.1732958139170322,1.137504743160485
1.2800310766122178,1.2459858912367772,1.2334541037614482,1.2376104065239923,1.1478378405460188,1.2462002245343142,1.1991171132556993,1.194688676015843,1.1535290204607311,1.1676824266522792,1.1804527727224428,1.1398410446915723,1.1572762710360491,1.1339143037922552,1.1784657631753312,1.1966652335406829,1.2000277175104688,1.1398477495514512,1.1435283334746533,1.188570019160021,1.2000841849307455,1.1638551560471864,1.1883810198154066,1.2509976353689156,1.229989199234702,1.1897945985029976,1.2528247769746432,1.2373785159410295,1.269380781306924,1.2653121085218049,1.1736170296219008,1.1333424674981598
1.2726313375025502,1.2631247822245852,1.2367700463711324,1.245478776396832,1.161606085366991,1.2520982343134894,1.206378194706055,1.1902050988471786,1.1563080679540734,1.1779634984031575,1.204346938616098,1.154885103366669,1.1580345168966588,1.1447466917652336,1.1829379163736453,1.196070100082466,1.1916059006105628,1.1333615024268955,1.1433912203750747,1.192197378803073,1.1995684172430991,1.1618165993805043,1.1968289348843324,1.2494179523408144,1.2343449742926162,1.2066963913290143,1.2481120457164756,1.2375133591594094,1.2828557065976498,1.2754906535302337,1.1861338186508852,1.1446064864439225
1.2550516760305943,1.267378385986033,1.2249752716019384,1.236704288981354,1.1501117447594007,1.24662606170167,1.2178387265086923,1.1791194857262033,1.1555700248544705,1.176195718555189,1.1969463118843124,1.1508559661277833,1.1508380021111524,1.1443841698687207,1.1817970963550057,1.1898275346614753,1.179279863784838,1.113981185499241,1.1300457235621817,1.1800252824790787,1.1814683794788639,1.1528744246112013,1.1760228436972244,1.234856135605825,1.21288872557734,1.1908730199972173,1.2342196037188788,1.219593393177185,1.2751819340443553,1.2636862585979471,1.172858531146291,1.1512372854719504
1.2402610892904617,1.258142241180552,1.2367962065449083,1.2177677320092979,1.1410429551003667,1.242368582673033,1.237968692908668,1.174840705676911,1.1483874073960905,1.165431218618355,1.2033532757286591,1.1493771250918885,1.1583698911687372,1.1544008361246985,1.1987836205046223,1.2002775336594285,1.1857832552916752,1.1242802934059941,1.147007472950637,1.2124571805869269,1.2055613052619805,1.1509300575721022,1.176878653668911,1.2508060688560994,1.2196170500407275,1.1891744041069292,1.232344601597886,1.227105115500446,1.2612039532203132,1.2510069927649636,1.1689902389797522,1.150582857513337
1.2382834396179039,1.2254302471696343,1.2198238313449123,1.20986815553639,1.1351499133797383,1.2525365367500727,1.2266138071625865,1.1973777801805048,1.1566883844487468,1.1804353046231373,1.19827421775877,1.1572828420037313,1.1518232848474586,1.1595759604936455,1.1943434730554778,1.1961740342926905,1.1863346476591488,1.1217908889266746,1.1503451432344072,1.217508987115926,1.2161895483562508,1.1518275920415844,1.1874589668983926,1.257272996643574,1.221329742399705,1.1891945992890627,1.2248622851786581,1.2363708602608237,1.2707386927090423,1.2551590447494396,1.165433827009463,1.1481069802401067
1.2749504173306105,1.222406417606789,1.2275054452852623,1.2187641923129808,1.1356343570208651,1.2602495716474462,1.2453156563361714,1.2026639955146998,1.166934188978106,1.1830055184796222,1.2069741736571562,1.1654731120369008,1.155690048403084,1.1723615140676307,1.2028651822191436,1.1977321504739409,1.1797725410689124,1.125949864147632,1.153020811227267,1.2089228553676536,1.2164741339864902,1.1576875897982455,1.191747196602639,1.2537652696200832,1.2302598082069025,1.1957577431540292,1.2460409765091232,1.2474699547303763,1.2825294847592437,1.2826305749898022,1.1774076281976231,1.1609129008253216
1.2929534730191354,1.2383400881023308,1.2521342516603222,1.203336992125208,1.140509117291442,1.250280094034052,1.2563220778616822,1.2141122864358604,1.1821226669520295,1.1989642935586173,1.2308165778995392,1.183931161321511,1.156336696353404,1.197637068014814,1.2334909763518198,1.2254930069356373,1.1951885021717499,1.136987532397017,1.1541393514492466,1.2142173177527935,1.2225646612795655,1.148077578056801,1.1884937295155127,1.2507602303085028,1.2415089746747237,1.19694950721715,1.2427414739500309,1.2394891262750531,1.287892960919407,1.2682311364969614,1.1706313042645418,1.148243200404717
1.2857167751276406,1.2089891903551402,1.2372405076995745,1.226084397967677,1.1509984819889398,1.2647237694075995,1.2743542574593794,1.2014688554141266,1.1804774840441683,1.1950556893950963,1.2324567259048802,1.1863143877910276,1.1739665824057337,1.203999083789613,1.2383938090020672,1.2231244365949638,1.2012913621839247,1.1466370738642273,1.158508034157688,1.2309699722264402,1.2196841882850737,1.1496467301546094,1.1884869293852862,1.2546199756062295,1.2470914821430605,1.1930404239217096,1.238659994981694,1.234072888874468,1.2889368589530572,1.2798638758174217,1.183345399533368,1.1606035043823657
1.3066892868671092,1.2127812374418745,1.2331289741897478,1.2356769209121747,1.1607883688969935,1.2714032853935286,1.2865200283788256,1.1925069249698965,1.1737255136789748,1.1955108190507677,1.2346550278159896,1.1802690806309137,1.1686496797411319,1.2094288804441724,1.2421527431692534,1.232799367723571,1.2133474357977987,1.1526068051385914,1.1688357052559255,1.239620817789689,1.225671385946382,1.162693960458844,1.197935656239522,1.272614984662366,1.2803782013974163,1.1912974422094027,1.2573295616291986,1.2489195073848156,1.2901768335820647,1.2839545727585924,1.1895427314030564,1.1618682696567235
1.3109685225002454,1.2365112491032513,1.2314486590969327,1.2073760246748908,1.1604458843599372,1.2652936729254598,1.2906909384931553,1.2021004764895413,1.183832901032457,1.2105944162105915,1.2468555420235086,1.1868653692376612,1.1839702224147501,1.2119025546330375,1.2437712718680476,1.2425335407163738,1.2212365856445087,1.1751397967409143,1.1863166566144645,1.2667999478043301,1.2409945152203428,1.1742129778472599,1.201897515476462,1.2848106403889201,1.275082860203651,1.1996490136354176,1.2558148559727764,1.2367126864484594,1.2953663997953349,1.2680132931546664,1.1864743650802083,1.18465106804364
1.2829959853929953,1.2111889991991462,1.246318105732035,1.1911819882910628,1.153015249720591,1.261354337744583,1.3131329040765742,1.191045490114763,1.1857820413318458,1.2009631980269693,1.2639482772893038,1.1967515046703658,1.1853679174934686,1.220340464032756,1.2395217350183898,1.2443646228565444,1.2340973562587298,1.1822116921293317,1.196593978854171,1.2742127125985236,1.2486841609640396,1.1766494794564124,1.2096469219652082,1.2855897622689807,1.2649123704211687,1.1915501491141767,1.2226128149943023,1.224014425472122,1.289764882274635,1.2546374235834987,1.172661318525629,1.1848981594869352
1.2898593231311692,1.226144759032893,1.235972880262398,1.1808922011191563,1.1582295212858755,1.2757800822188259,1.2902093099013139,1.1830350399112577,1.1753890226306454,1.200577840719692,1.2489949289321973,1.1843942844347215,1.1726468558439562,1.211666642734002,1.2467844724832098,1.2576608430936622,1.2416301818129252,1.1706502867229274,1.1853225781274674,1.2572271646866187,1.2397043887334793,1.171808799686439,1.204701175369312,1.267600296138809,1.2688695336004188,1.187914517610215,1.252608990590787,1.2269396614123855,1.2863741984674257,1.262078721742648,1.1841520814504058,1.1924617045162929
1.2799018475822088,1.242661017359875,1.2430605861531203,1.1976104494561568,1.1579392603995062,1.264948319357304,1.2777212919738845,1.1750613756752353,1.1689202541091652,1.2007317849127073,1.2416672723824822,1.1873755847151697,1.177400200160921,1.2175012350246126,1.2459897237871387,1.2562417326139932,1.253781235707746,1.1843918138918847,1.1855621065411934,1.2544348273802752,1.2323218313312032,1.169558265099053,1.2143516974236066,1.270797435850926,1.2866991258512135,1.1809694132181643,1.2449641699967846,1.2161764605557248,1.2826193678025772,1.262387410223433,1.1860648343397238,1.1779732794586095
1.2802015206280064,1.2592174524215278,1.2341823935487308,1.2092487454992744,1.1610045514556913,1.2847776913342426,1.2606352389357363,1.1783510459712236,1.1712682454172203,1.2052088238722614,1.2531729349771787,1.1906945128782251,1.1667968006902931,1.2077288023355746,1.2267042262442773,1.2354650786472785,1.2385129497495797,1.183412434165786,1.189213360617531,1.24691878027269,1.2383699474304208,1.1826717142209804,1.2199919168899005,1.259098286045928,1.2760515520759708,1.185429403848827,1.240366030133107,1.2171449210332355,1.2998843070575117,1.2687994693157072,1.1953618403082786,1.1817183251132057
1.2860519072641805,1.263813547180166,1.251004735640247,1.2106968654771089,1.1622825453347836,1.2704462847799585,1.2754005206872168,1.154671018086308,1.1620445673227926,1.207058971542581,1.2535008576785707,1.1810962046538784,1.163263814371834,1.1892901982328747,1.2155956916854433,1.2240656402101657,1.2351725731314396,1.173297204148882,1.1877140922927896,1.2432673358619424,1.22897990337529,1.1706196336509571,1.2201586535006512,1.2660446135000507,1.2879395693339755,1.190806356140088,1.2567261506672283,1.2149522169551479,1.2863091316198048,1.249789413952348,1.1894143059654727,1.1789196960265476
1.2675769664625174,1.276368342443173,1.2366107178045391,1.219589337942205,1.1880721310958562,1.2684109280354652,1.2595027345546839,1.1482020285760859,1.172620278170411,1.2139704048818458,1.246207827889673,1.1879485457662784,1.1700474719012355,1.2049429174708788,1.242435660592138,1.2501341488033004,1.2512712921440736,1.1834496154127379,1.1833577692121795,1.2436392047500346,1.2173812858568545,1.1663519989139073,1.2006972071863367,1.2536486751691844,1.2818574182680291,1.187563820255092,1.2576534711774687,1.2141024087807857,1.2752243811056,1.253716940229045,1.2004663949973782,1.1812997850823084
1.2454203482543207,1.2844074909891219,1.2218830088089792,1.2103815905482216,1.1703324017977947,1.2555077350029997,1.2703859676282319,1.149598820238202,1.1820426687673677,1.2115415798307756,1.2577382195123101,1.1990806456457392,1.1887400125755465,1.2158828400962487,1.2518759727202062,1.2580400403643992,1.2598281743921032,1.1936421869095257,1.207034694398233,1.2640663660139575,1.2260888824215523,1.1881026525468672,1.207201478664848,1.2500133276430034,1.264616625851982,1.1907693037561355,1.2576766502269983,1.2235207769578726,1.290450445536437,1.2500660161349586,1.1996234098194956,1.1981907965823149
1.2573460143801714,1.2960180315359833,1.2321987813194268,1.2160964145744044,1.1726009303825207,1.255050857374608,1.2710473559783406,1.1744821164599923,1.2084442227432715,1.2257437374532358,1.2793505387798227,1.2220240125724147,1.1891883246147066,1.2354025590471671,1.26969744921003,1.264039852276035,1.2479005239854482,1.1808357961894835,1.2002249403538099,1.2619803955568765,1.235029938204443,1.1954789607631426,1.2157881557055872,1.28391721122443,1.2989115839464134,1.2064775181035723,1.2719255399678913,1.2577113852816169,1.306325496674317,1.2667787347919872,1.1926467443425106,1.2142188495523254
1.2323657285351342,1.2854194211982541,1.237724659536593,1.211201847200345,1.1470038294674596,1.2690438851613535,1.2746107454993785,1.1793365282552335,1.191598847710822,1.2328940901305636,1.2837501647714487,1.2317335173467348,1.1831604738489012,1.2387905650853037,1.2719618049961514,1.2585366708532573,1.2476914717946048,1.177608251827917,1.2109330200170056,1.2707441203069338,1.2466489670232226,1.2002539698469556,1.2262693248713412,1.2777820607175574,1.2823147718961052,1.2106140203477553,1.2605625643600533,1.2544315176068894,1.315611455892113,1.2455832230938118,1.1792879988614309,1.2210683215132556
1.22700474934915,1.280354149554627,1.2324484480108042,1.2285335077094766,1.1533342370861397,1.2624730029401774,1.265801009127585,1.1877334931554286,1.214971424148016,1.2411784178233993,1.2830330752943648,1.233530815878591,1.1983797916503114,1.23490743442372,1.2642306488983421,1.2684415056798624,1.255846944354964,1.1925975301887644,1.2144436023080134,1.2525700850242514,1.2387982759736749,1.2123560593814273,1.2251632205855538,1.2687144059686388,1.272112397201201,1.195363318642293,1.2458692619923337,1.2332415947117643,1.306904411525053,1.2553188477878159,1.1667101709775207,1.228640870098784
1.245740129693823,1.3214234437415635,1.212905312626968,1.2349509385760458,1.1714212056936817,1.2749773089699896,1.2625562223252675,1.1974391374901106,1.21342553836619,1.236433239532969,1.2775669733064203,1.2406996674675632,1.1975812408264557,1.2330238015390362,1.2672845999449087,1.2619792510793442,1.2375521627191306,1.1788344663355015,1.2008842570535279,1.2497881974457012,1.234981188297459,1.2029633024174875,1.225351449182277,1.2792669307517706,1.2799283219438975,1.211943274866699,1.2787119616936136,1.245945242478009,1.3097138211275214,1.2624716952880604,1.183121511373116,1.230882013549407
1.2624004302005314,1.2945083946656597,1.2037824852273484,1.2397390038361717,1.1605760094957558,1.2544795148654155,1.266453108579406,1.2184390605572093,1.2216740298062791,1.2390175269985357,1.27776594785912,1.220424473982229,1.2047153954343799,1.2312576131595772,1.2602992570035096,1.2530772918098472,1.2309158455869467,1.1929411378103245,1.2183699847882907,1.2776445196249198,1.2602075394878334,1.222379434590213,1.24665731874855,1.3069324626053969,1.304514041051071,1.2131518217776305,1.29380240980342,1.2823819670202068,1.3047090561326078,1.2886783408428284,1.185183985485181,1.2363099018848327
1.2637844473402227,1.2932551846542777,1.2018938744106202,1.224235710149473,1.1799447523065598,1.2603296364569274,1.2783633014660922,1.239654618929552,1.2305787804216535,1.2636787877282316,1.2970551679419249,1.2420816603012497,1.2050079695533318,1.2392694541299656,1.263348575643862,1.2592006596915637,1.242361269858887,1.2042232699361486,1.2325296931815481,1.2877463080852674,1.2645017452656124,1.224597753795437,1.245798407761823,1.2981824673562594,1.3033624144279061,1.2228551473387825,1.294351644519287,1.2695917389665794,1.3051545493536325,1.2847706511920793,1.1839453679403236,1.2469499749575967
1.2599048680819538,1.2934702539458485,1.2131443552362287,1.238527573321435,1.1755927564394768,1.2666633788986639,1.270804970505281,1.2364552784025207,1.2400565623728517,1.2283909270376554,1.2689505000436707,1.2427131851868432,1.2334552389538391,1.2672687621682148,1.2879710759682115,1.2885314910543455,1.2591511094171415,1.2197426259211088,1.242160106900849,1.3020512831622995,1.2962568480364052,1.2628416535841456,1.278618113820368,1.3231732383568755,1.3175863152694842,1.2237761485841319,1.2896900750892162,1.2604693244553922,1.3034237357312535,1.2644866580623062,1.172532850252963,1.2763165744646434
1.2700190684712096,1.3061674927863205,1.210455694726708,1.246357420273047,1.1705242937384401,1.262583373232765,1.2634341120853811,1.255720741092486,1.2238171978259738,1.223551057475475,1.245270720339647,1.2349200457033422,1.230473997692085,1.2567464209730548,1.2728686603315704,1.2778997901769185,1.2641233484243442,1.230395722009246,1.265003339993435,1.3208019941948916,1.3132155677020025,1.2826263949700962,1.3067409193874893,1.3268450894826358,1.3304183180543243,1.225134444909096,1.2793063306899244,1.2777510723519103,1.320151992377825,1.290605027403678,1.1798698915287271,1.2719863565119043
1.2740955543819903,1.3038829040723117,1.2076632238425988,1.2536585669371836,1.1650622190449214,1.2626984033470652,1.257587511325204,1.2516869754552697,1.200131729950117,1.2147908879643898,1.248372815097129,1.2046701119714354,1.2008783998368462,1.2334994129565724,1.266686917241405,1.2679687930806196,1.2562137508848847,1.217446796013129,1.2539963631451934,1.3105079088909017,1.3118909250255855,1.2610414436361002,1.3023248470891986,1.3272625099400106,1.3426899909771282,1.2299149779042033,1.2927468971596996,1.2994078511576335,1.3287703713216763,1.282703651863151,1.1900002817032662,1.244452206108694
1.2716618382559786,1.303963326218325,1.2059925567164633,1.2628468600628167,1.1730430261873204,1.2774929299208462,1.2465121383464282,1.2600664856998807,1.1674445982701531,1.2142574557758679,1.2523377781831582,1.180165781264858,1.171556144036001,1.2074466013728362,1.2483083935138304,1.2526799809583264,1.2521971419059907,1.2070631794359963,1.2399446128084015,1.2953496822972186,1.3063711292421405,1.2391715796968943,1.2973372884182575,1.314302850234845,1.3204407506968354,1.2191893066731099,1.2795650358301307,1.2836321337003724,1.3006623887634672,1.2668627957584648,1.1816379853251424,1.2451850988981492
1.2810773844772037,1.3137124653043677,1.214494485938743,1.2567565237021976,1.1768371433962286,1.2819970080564533,1.2305209383879767,1.2701189502435748,1.1768827592330082,1.220021672561654,1.2449853532630464,1.186956817485065,1.1778521858561664,1.2001656902185267,1.2302441327772067,1.2354681532854463,1.2488786305692186,1.2234106241464637,1.2280316128524964,1.302272677023774,1.3027494729797953,1.2354292740307482,1.301451889977948,1.298898743687691,1.3123039898169593,1.2167987134485243,1.282993471179393,1.2651567142900642,1.3006016389412334,1.268813909887764,1.1739774123695585,1.2578965527216532
1.285947577421793,1.2953463504589824,1.2095554665633172,1.262721925057001,1.1715347995535785,1.2621955274940735,1.2355399411057026,1.2313559500504483,1.156871658969759,1.1905391187131413,1.2342052503750167,1.1519294813886187,1.1740882419066851,1.1758466880619196,1.20641849077995,1.2098399799907964,1.2255357571153596,1.205473272345996,1.225741084624579,1.2924668388854836,1.2927398343959258,1.2297862815730676,1.2837088373229768,1.2833398986340316,1.2887314836366002,1.1968922921712888,1.2669526751564544,1.2619266451987599,1.288870656618,1.2560244348303795,1.1911411400992624,1.231577729005175
1.285709031681454,1.3035180520911862,1.2181681812323109,1.2815321146178864,1.1955977859133067,1.2832747349484364,1.2520042819283308,1.2326789891411172,1.161794019163337,1.2012150141067415,1.2408440423581286,1.1731695710447694,1.1773946655269047,1.1936619527442554,1.2256890514315686,1.2226412219153007,1.2348461479522843,1.2255254082834932,1.2311455440587717,1.2919495334564661,1.2881448927319292,1.2361624461668763,1.295312909880314,1.2766720074986668,1.2992306249891064,1.2157884892266966,1.2791443489494747,1.2609586038285634,1.2886601606227674,1.2512300829012433,1.2058270269584348,1.2062344721396707
1.2872531330782702,1.2994679632973523,1.2196005531396907,1.277571143899001,1.1957800392575066,1.2839151134246056,1.249766644126837,1.2239843059876359,1.1639591617321348,1.2000246241065606,1.2319837754427954,1.1714600048253787,1.1811999032322182,1.1968809476482574,1.230632260458381,1.225302380507776,1.2393698039426415,1.214271259428131,1.2266274486458328,1.2923435616977128,1.2946371704840327,1.2313316752756893,1.2944487908507076,1.274951165964861,1.285717205239463,1.2288337496425337,1.2677252900859797,1.2614106056741137,1.28955657723138,1.239571265935909,1.2219171994228,1.2144568884008187
1.292036993883146,1.2973200776396865,1.2367024417709978,1.2817007053468914,1.1970454290901105,1.3070352367811755,1.2550265879307778,1.2138667693950764,1.1563413114455217,1.2075123921399487,1.241372536068048,1.1719812614886256,1.1766306084999543,1.197497841620881,1.2294163006221395,1.2270614700667244,1.2401826534552423,1.2043865426979787,1.2138496566413761,1.2675782840468803,1.274695578938413,1.232176194061974,1.281156594526977,1.2563147436925308,1.2830255501184176,1.2263769486522234,1.2819622537297846,1.2405025186229977,1.295239487545117,1.238579926456272,1.2208721963213278,1.223172683322874
1.2693244018487178,1.2882833753882896,1.2199275095062454,1.2758356156002724,1.1711399376914418,1.3121265689077954,1.2407749479999133,1.2056821582967518,1.1646835653482484,1.2103604035189026,1.2395237539891921,1.181695377248316,1.1952671113469706,1.209968161155379,1.244982496568053,1.244627939953356,1.2609642351343653,1.2288960368820314,1.2132709095233702,1.2782649316824,1.2782767861540816,1.2305301746178003,1.2828396644444633,1.2573164862311352,1.2747762481735576,1.2063528501225085,1.2602953551819045,1.2468148022321548,1.284578713450249,1.237073345728498,1.1939299165438613,1.2149240426524157
1.2677751445370316,1.2819912359175174,1.2237096528154923,1.2804314843441638,1.1645205490388342,1.2913795187580304,1.2273180961529393,1.1818411613483473,1.1543572334428847,1.2031112060600797,1.2368773018731498,1.166545550667996,1.1722888213931586,1.1885023261387535,1.2182424483349843,1.221353206779117,1.2370030749864356,1.2028233456981776,1.1898405278328528,1.2509390825061208,1.2495976840274465,1.1884525809883681,1.2575131245632705,1.2481734635704298,1.2542703279750769,1.1926601618387618,1.2390578706214141,1.239767456709009,1.269700253992651,1.2417824106689817,1.1925375870591763,1.1770803766165072
1.266776751643247,1.2831371731027943,1.221175529693484,1.275867817715937,1.1804586403310249,1.301692005453402,1.2241248134710092,1.1849061651376278,1.1560384002353024,1.1892992124847228,1.238047998869029,1.1603588515988614,1.1787487156733736,1.176647971031644,1.2146548391740644,1.2256863425722255,1.235905256205297,1.2100293785771794,1.198087570431461,1.2564327361835097,1.2435419907853733,1.2076962336516717,1.2452842004266922,1.2391447306684027,1.2599735270539096,1.1879545097317266,1.2465766296136358,1.2430288072187083,1.268187997134448,1.231974523199418,1.1943452806189665,1.1850794861638818
1.2711270883631511,1.2803383377266107,1.240945835354607,1.2567250867955595,1.1744262204702096,1.275446166026258,1.2354783293530576,1.1816964925041649,1.1580512689324405,1.2026337329951278,1.241292377807955,1.1585286752454793,1.1775706598184286,1.170519976243948,1.1970114099454465,1.2134077833796435,1.2279991991616788,1.2075592618644362,1.2000318727698511,1.2527768967967376,1.2453714491104695,1.2041151968223234,1.2444979297583916,1.2503095340424633,1.2529781068814085,1.183923412767744,1.255724931720689,1.2555761578183955,1.272369758649569,1.254677019349776,1.1944016691968589,1.1690961918044034
1.2768680423339969,1.2424430528574493,1.222495580618812,1.2499066264392715,1.1676837731729848,1.2517380553795696,1.2248762529881199,1.1656053374987676,1.1514258982535626,1.177640490419613,1.2129025075952942,1.1523145613740875,1.1693046116713774,1.1630340991684898,1.1968778574677845,1.2134925204942497,1.2076851885957696,1.1793641835327304,1.190677930021528,1.2428300061423891,1.243148273869258,1.1956480187624634,1.2392414239032115,1.2502805497864025,1.2349165811288492,1.1820823297896474,1.254761169314322,1.2485832907196455,1.2718305082376447,1.249977246257692,1.196009746457835,1.1700698896005757
1.2318589232472121,1.2301921320740004,1.2368764757111017,1.2220901961265218,1.1590382199097424,1.229234006553943,1.2405180205895108,1.169303202058909,1.1531707468646368,1.17604850954293,1.2203217488748106,1.162386641433635,1.1760527932056855,1.167815575356211,1.2069524149177757,1.2269861660959722,1.22049313938561,1.179147011204508,1.1782036963730027,1.2313429755309528,1.2330783639837828,1.1812294087542277,1.2356797781377018,1.2374651339958977,1.2475355325154251,1.1857873895162616,1.2454217383743575,1.2297272014320666,1.2636993817890536,1.2368033916041072,1.1849395152092983,1.1810534995677058
1.2484606324395233,1.2565808105273564,1.2520984551228822,1.2076228911400624,1.1534849719405793,1.2448703271533101,1.2474722891954921,1.1855120524402776,1.1507280646095408,1.1849460283089222,1.1961204249268065,1.1519465605650987,1.1790999739879595,1.16401805151966,1.2045028791804315,1.2201114840002174,1.2143324098084556,1.1867638303943202,1.1970614818349852,1.2442494474279466,1.2502841977096124,1.1932574515675667,1.2472421689278381,1.2578179048449734,1.2604702755216475,1.1788352440785272,1.2544172721019509,1.2525516123053577,1.278464261331854,1.247282458695836,1.18057980897433,1.1915664170918574
1.2356837715746019,1.2376108576885008,1.2649069886865019,1.2039786252376823,1.1477556239985034,1.2311366383024496,1.2478464495666082,1.1878472350836147,1.1572884663187053,1.179162696741981,1.197446703833864,1.1479734398747983,1.1745480081276818,1.1543592084848082,1.1899638424948595,1.204065014214605,1.2005069186352957,1.174222601528631,1.1716780823604076,1.201680005467309,1.2146467277630164,1.1773096067999234,1.2095840939314226,1.230576037208978,1.2335144645321312,1.1586770003229785,1.2246314575382427,1.2145666825132821,1.248623816674431,1.2227468920453362,1.1650531836125086,1.181744268016748
1.2644670965789477,1.2523667093591146,1.2804130356278474,1.2098273923461527,1.1585973240232252,1.2235482383641185,1.2544963936864135,1.1989804960986474,1.1514128990247763,1.192038099063395,1.1993268338846184,1.1470332157205738,1.1595535810899549,1.1488541690938725,1.1835864677406047,1.1978999334169365,1.1880388022659019,1.176011262305169,1.1742973846968316,1.2210897678292651,1.2364480241787563,1.1889430791407354,1.2331522201508998,1.2569216658844908,1.2497500371876797,1.1784345219517482,1.2394651345393757,1.2158455399545212,1.245464526490942,1.238268610057822,1.1789652855776598,1.1894195506307637
1.2872985762144427,1.2587127375515559,1.2909649294865073,1.226895948871744,1.1855127800383218,1.2435843496076648,1.249719236948256,1.2114217825646463,1.1568824280996626,1.188655238019551,1.2045666832568331,1.1429513933220425,1.1640461558541155,1.138200691755433,1.1686957209222042,1.1795755598807063,1.1687604655537471,1.1600727643539452,1.1640532901137055,1.201999565268473,1.227162831383824,1.1733236904095203,1.21092478438346,1.2361597737695016,1.2381850421655136,1.1859267323856082,1.2255681826606668,1.238166938571761,1.2478519592504995,1.2437657307708223,1.1945105506647145,1.1859710964068584
1.2801989812971974,1.2418126168093253,1.302458046898754,1.2098915728948512,1.170478905322105,1.23729570187099,1.2718378566140847,1.2430729436368173,1.1673861221257558,1.2152874274597907,1.2219864699696357,1.1506369838208008,1.1550397037694324,1.1364642652348722,1.1592566920023728,1.1612843494258098,1.1529100769040153,1.1487657307775894,1.1628694158676978,1.2030926744765031,1.2194051022095271,1.170770175189989,1.189859544767945,1.241487654337511,1.2322266339238872,1.1769718120483716,1.217363848553042,1.2335145093317823,1.2647340163449297,1.2514855914066259,1.1885669390249283,1.1903921544566376
1.2884837114577292,1.2470271464173859,1.2882485445135783,1.2081971013451316,1.1772809062102825,1.2405515054846623,1.26787861731787,1.2394125232440396,1.1709499023000962,1.198913214805077,1.2100401295427325,1.1462439020457753,1.1438587201196129,1.1196703165026798,1.1398259715780341,1.1449171032394374,1.1351254601169298,1.13780318278692,1.1682254699805799,1.2060345096727885,1.2489487254682028,1.1831216466951728,1.2262712013600467,1.2422777267846872,1.2557147958633448,1.1760249955111879,1.232011663546245,1.229781677866123,1.2693899562501214,1.2354746802561636,1.1899690296552854,1.1835656670176746
1.305240481901761,1.2526790699829367,1.291702939065941,1.2123928009787095,1.1829269892682197,1.263292079874353,1.2608700789892053,1.241798604024164,1.1693913513643117,1.1883051986026973,1.1994092997504264,1.1329104056805939,1.1443594350434783,1.1043266259939295,1.1200813656715,1.1233879046166757,1.113950416878026,1.1250605215750158,1.1533634804806627,1.178424903294788,1.2185521573934681,1.187245301803128,1.199653288082298,1.2227578807411505,1.2222844521459295,1.173407240338977,1.21022043743131,1.2244326681169548,1.2631530641447315,1.2179251958921753,1.1853428357665639,1.1874881326405353
1.289296695137613,1.2514834379830584,1.2929377697313824,1.2234023528279692,1.1926651333737697,1.2482170354179516,1.2659467945073488,1.237247472422012,1.1852676777374804,1.1924348645192822,1.2021823952250448,1.1544998889833984,1.1539729891717834,1.120143635778244,1.1331014861269337,1.1317285150477812,1.1096133893764732,1.1113323306096865,1.1462143031631928,1.1547277330754049,1.2133250083056482,1.1813135170472573,1.1974542527373113,1.2275634030520417,1.2303083426159194,1.1814964221096695,1.2155637546257958,1.2044361643089587,1.2598662164809407,1.2266791753029496,1.1928332563886963,1.185294168491935
1.299428396061932,1.272488339212541,1.2668695999247712,1.2247327263618648,1.1829566932267304,1.270341500903821,1.2563575613377538,1.247450889219133,1.169580615121078,1.1814520278347442,1.1821874841861195,1.1376115440209922,1.143183682200115,1.1142045066916046,1.1250878221189136,1.1288630697300674,1.114541474571089,1.1146652846820686,1.1546661069582815,1.151580478213582,1.2183690799081117,1.1873907601788363,1.209349507224662,1.2419487750663274,1.2447886685146687,1.1786959047477943,1.216688394907499,1.2239850793734508,1.2963826169391894,1.2202289679973255,1.1917330223605813,1.1785396616163928
1.2839376911004283,1.2821496080102974,1.2482333903845537,1.219522190781289,1.1578620937783046,1.2683835928931835,1.2248049095374627,1.2293656664169688,1.1802207160294012,1.1775027591925784,1.1657929974371466,1.1347278684213165,1.1499984917154293,1.1152249271113408,1.1179072133009438,1.1195057326924696,1.1050661215682733,1.1156133802948065,1.1611653364189372,1.1426583438455085,1.2106940021348227,1.1861232680404707,1.1982312340880579,1.228160073801214,1.2206033766177957,1.1710525441954032,1.2190822719547478,1.2205963732370377,1.2792913864517512,1.2214619050571713,1.1755207060017958,1.1799037940408725
1.2898770385001634,1.296924527684521,1.2464383527834648,1.2082151170057154,1.1650593494962838,1.253454061640191,1.1962366394906483,1.2209952861697542,1.1824531533198008,1.1623053723829457,1.1642487703834026,1.145312957114709,1.14748328167064,1.1142273334833839,1.1091675763797542,1.1159362464844573,1.0965877704248612,1.1041420578605272,1.1595496393992761,1.13688545366486,1.2125109822751625,1.1987194940366068,1.2131877181974884,1.2254429115900134,1.2282486150429435,1.181910789507902,1.226164090455213,1.2361830451725977,1.2875771644519811,1.2410140316526275,1.1960355345212312,1.1793641773122314
1.2767911110265913,1.3174753224696145,1.245482156695344,1.2229966005818986,1.169265316062882,1.257740662689158,1.1982367705476493,1.2213115808043495,1.1850777370503944,1.152205422825382,1.1531135556389895,1.1459922322463547,1.1258974353203943,1.1106639381290755,1.1072603654658584,1.1081475074197977,1.0969758513243013,1.086566723791401,1.1377581214133405,1.1354244098088446,1.186620035658751,1.1657861731985204,1.1970317452299037,1.2050124685638468,1.244550717243298,1.1751241624734152,1.2240225455861946,1.2237421619289008,1.2901880984180667,1.2460863758486778,1.1900181575773208,1.161104860819645
1.2546720367532367,1.2941408639467606,1.2363151658247975,1.1979778421103293,1.162855977746222,1.2467533576759093,1.1904828922168929,1.21612930196496,1.1753384052365712,1.1406385468415279,1.1500625456007578,1.1313268381709143,1.127326764549775,1.10677000559441,1.1076743785439185,1.1149682667812746,1.1018700732460571,1.0855836099768459,1.1365138182315115,1.136115723195234,1.1902166472319764,1.1772204003790283,1.197166067323496,1.2236951225059949,1.2370637495478587,1.1643142104846294,1.2107290111094056,1.2182191938049964,1.2887599223965696,1.213951147620428,1.1788498166413048,1.1783345685444322
1.2377452592310156,1.2710962817488458,1.1900643099120276,1.1979304133276434,1.1686552042956284,1.2155874487729925,1.167575678399221,1.1914637874107306,1.1748300395768188,1.1357031434997262,1.1394404917808008,1.1364602630912568,1.1249901960430553,1.109668855181857,1.1108480661420947,1.1165580653939118,1.1067715875573167,1.1011649534337078,1.145775648073008,1.1526077351629278,1.1997950512894584,1.168440399419115,1.2062735698325695,1.2444725409344275,1.2459709127175238,1.1722158242755654,1.2181364320483292,1.213500633259248,1.2661149466245434,1.1988640909691954,1.1852664077092756,1.1731324012781874
1.2238105095090213,1.2735534228267067,1.195389477673548,1.1998409459615085,1.1646417345674298,1.2303110843287863,1.1719448300667323,1.1881284362300326,1.1633755071276053,1.1338553335041721,1.1390245517097022,1.136963788514269,1.1383361275201236,1.1250363982042266,1.1284693773515295,1.1349346824172513,1.1261056558116462,1.1193344333656245,1.1449174392695385,1.1498696372742774,1.193587199676908,1.1648868154622047,1.1986151919687589,1.2220300149196486,1.2406970931923575,1.1626211870551575,1.2070299830711149,1.2007449905692842,1.2419035189506398,1.1902754145769063,1.1869789286257362,1.189119135301355
1.2362079236720096,1.2507769608500363,1.1815673500068178,1.2081073778335119,1.15884348532385,1.2209737748499783,1.1558721393133926,1.1826276666017066,1.1585965845114725,1.142218615297633,1.127240487161109,1.1420118006070914,1.1389536197147914,1.1401853729635254,1.1456863781611413,1.1394845833864276,1.134808958723948,1.1253526318749723,1.1570028287691871,1.1623502774132086,1.178239538479816,1.1533497449983756,1.1839764431855997,1.2158115467684367,1.2337192353262467,1.1664559351666421,1.2052191864386768,1.1961526713574169,1.2353246874194685,1.1947988513516064,1.177614951994488,1.1619323960745709
1.2294459156027668,1.2735142688910297,1.1912706219506461,1.224756478605466,1.1683950692053315,1.2351648640628559,1.1675350168031005,1.1771701111434822,1.1672922701554485,1.1545651917428568,1.1274982371167979,1.1471435821411875,1.1416500014324538,1.1367370643766566,1.1444192206405075,1.145894049525416,1.1460298270983735,1.1351271112794958,1.158127394764089,1.193984517652876,1.1975416564154668,1.1470170323094109,1.2009846819550236,1.2453615848265112,1.25656912198521,1.1823377148655283,1.2124480630206314,1.2019508902038891,1.246495191581642,1.213176998505984,1.1917328142970072,1.159224097799351
1.2424996806795638,1.3007527044327398,1.2240574185468034,1.236744090478643,1.186962030661493,1.2316356907705612,1.192224820347817,1.197353118880546,1.1721249295859226,1.1650050382458974,1.1532909567115806,1.150815748208258,1.1520295958158766,1.1469135056057136,1.1565043574147678,1.1604278475332372,1.1644989205309646,1.1552207811931023,1.1609950578885593,1.1861177154839961,1.1856231544302,1.1573210142023553,1.1865515587522952,1.2149069793477218,1.2266344854259668,1.1856476282881887,1.2011449479547311,1.2081733789600497,1.2550844213767456,1.2134423544305062,1.204579369463379,1.168894681074979
1.2489423347541886,1.2993611775619571,1.2260558477823955,1.2413549640598975,1.2046288151100366,1.2314012410673705,1.1993026958850268,1.1911289959793798,1.180347781587317,1.1710803845500677,1.1570109843299512,1.1499134804000548,1.1512261815609333,1.145103905603055,1.1590794276545555,1.1639825746597696,1.1638677660051409,1.161459808500559,1.1539180109834917,1.195821330671467,1.1876334390957466,1.159607878139301,1.1899606526880224,1.2197443958882797,1.2406284934078238,1.1965431283233714,1.2107904168735557,1.2043620538427944,1.2462759939204868,1.2256952682878557,1.21668141359524,1.1749665287889626
1.2519044147502008,1.2852102656629003,1.224119458932752,1.2399354446686053,1.2008485750092677,1.2634535328822492,1.2090891651780484,1.2012417652745904,1.1920821701272346,1.1868972881256985,1.1736856346091273,1.16603108409118,1.167450318265507,1.1502739190793134,1.1640732838536367,1.1671581440039456,1.1688319228893163,1.169204093803392,1.1533930948039448,1.2026334914388475,1.183310832963928,1.1753890827071254,1.1912366618269383,1.219706047228276,1.249051522046419,1.205984395133178,1.2088352894767593,1.1986817484551107,1.2260764247334413,1.2170070665758432,1.194473914195268,1.1750571366161189
1.2583622503265481,1.2708819022022897,1.1985465094670598,1.2477843373820727,1.2187506969913897,1.2542056772605052,1.212012789352978,1.20130070255125,1.181368638607907,1.189595788974912,1.1763306859020075,1.1653867928058752,1.1726504177452153,1.1590851889470284,1.1798536844054814,1.1810846012318974,1.1786357555176215,1.1845692737001048,1.166901809101149,1.2060012389647738,1.193558813047003,1.174289058805261,1.1973237643448105,1.2282421009481053,1.250200733195183,1.1995143351615907,1.2160650408161575,1.2025659054845812,1.2515985019784779,1.2328664718970954,1.217486762835541,1.1547626746403301
1.2574730129928,1.2589850978335677,1.1879250152355998,1.2388206412678973,1.1953502646262415,1.2515549160811483,1.224196777736786,1.1958399177797485,1.1646030844076976,1.2029673259548412,1.1900664081719483,1.164343096098947,1.1555425205659369,1.1520370199978087,1.1746266315879772,1.1803707745545107,1.1664056993183387,1.1714687893198894,1.155865552856832,1.203705145138817,1.1896866316566517,1.1608035324403876,1.182029338491276,1.2436489214445323,1.2449751420305395,1.2067553233911752,1.2181787499668286,1.2167280173943436,1.2492210875916114,1.2415037533106887,1.2071683745929602,1.1613397614276986
1.2878590211594299,1.2873187677825317,1.205513425488855,1.2563605678824714,1.1857879298489906,1.2723763083980941,1.2422967599953396,1.1935274546397034,1.1526860636174865,1.2002802103880932,1.2018617749267622,1.156919813279721,1.152170208817953,1.1471173143468427,1.1716448887688231,1.1769383721943683,1.1584296372342051,1.1607827604149077,1.1444763046782147,1.1953024807236685,1.182361147454017,1.1469094309367165,1.1661658119187321,1.2369558160695278,1.2430339210788302,1.199089939854169,1.2426512839511095,1.2335237903704162,1.277424155770418,1.2474615183600117,1.2173557506293806,1.1480454963801239
1.2805750477695887,1.2849000840314437,1.1955708520637531,1.2703810254246704,1.1954644006812527,1.2734962097005313,1.2274038399739955,1.1864891936473188,1.167050136199972,1.2021485823562292,1.1908372736162969,1.1564888280737793,1.157950404784442,1.1484292217447614,1.1733051878800842,1.1829757550542397,1.1674455539649773,1.1605455968184042,1.1492262850848864,1.1871731766230957,1.1783388575924405,1.1633925618879923,1.1686875528814362,1.2257919549050913,1.2294974487305874,1.2063882758208053,1.2410785589233055,1.212549753197359,1.2817977677359214,1.2415363995047857,1.2218702413836233,1.1588785972951676
1.2838208240155187,1.2951420966505303,1.2127541895161034,1.2651795643196773,1.2056247197419245,1.2732071208846094,1.2417516341237693,1.1956464057075746,1.1861496192394927,1.224783861552738,1.2096793455583308,1.1899451211979768,1.175558444357625,1.172629865193656,1.1968061174920321,1.1976612278498426,1.179438518138514,1.1688092987863667,1.154838440251404,1.1948948861883406,1.1916788593090006,1.159177814927636,1.175721798507637,1.236509751286585,1.2465815085400387,1.2279948588657994,1.264949538024264,1.2357251036414114,1.2930678870703862,1.2567552010769956,1.2244578904903614,1.158041427363653
1.273101311490115,1.2765030619361737,1.2328455710988053,1.259833534485225,1.2042588847759221,1.2934832267614693,1.269010421755198,1.1900823475447568,1.1562255720429444,1.2197303609349561,1.2085433836613186,1.1616827104622343,1.1542680821251199,1.1366237834594508,1.1650460992963398,1.1633425078341741,1.159060967087807,1.1627921328128579,1.148665781509858,1.201486563028923,1.1864050350014048,1.15155916916549,1.1679959749993587,1.2411598429377184,1.2378340527437919,1.2133591541651665,1.246658701102235,1.232895440281243,1.2790330515296406,1.2482173213458385,1.21825972343462,1.1572326304046079
1.2638908365426285,1.28532365705622,1.2203971422118125,1.2514231511136737,1.2091917718973917,1.3013842338539998,1.2571329304481886,1.1862468148955814,1.1601939576435656,1.2040855500926888,1.2046526277185008,1.1649216906273139,1.1489457332749096,1.139327288263495,1.1669816566956046,1.1642341890580195,1.157538529284197,1.158569753243614,1.1449327353295136,1.2030264059887312,1.1844435105629136,1.135923646378652,1.148866204328029,1.2563245176696503,1.2539100153973972,1.2102340658904212,1.255502332034022,1.2351887178504246,1.292558309841039,1.2350842928413917,1.2239747195428923,1.1556661057358002
1.2557169665997112,1.2831585435529456,1.2325825542540507,1.2763972217986959,1.1984989020782393,1.3417540634627483,1.2554184820045446,1.1888758655423939,1.1512705669851606,1.2121352999406658,1.2262808788377992,1.164235212758465,1.1420158424562856,1.1445378265841502,1.1769117183280038,1.178738501795585,1.1675308265171485,1.1626959399534902,1.142254588185157,1.20675090172097,1.1834213625114738,1.1346861378907918,1.1549072778789147,1.2540285717867605,1.2627782292469067,1.2051276596075984,1.2548185294727134,1.2436189159945965,1.2949201938326624,1.2501262250296705,1.2159773299595784,1.151146220709158
1.2667020056552618,1.27368089170348,1.2227198029877417,1.2896327769316638,1.1986555076555827,1.337729453053622,1.243287980041632,1.1884601437336826,1.1464425527937112,1.2177504636180827,1.2158342963917088,1.167774468402339,1.1503702432154805,1.1441204719457865,1.176563876315706,1.1687174686165753,1.1649467153220883,1.1680043636196735,1.1527888926970264,1.2160003942649333,1.195412531961174,1.146598026543227,1.1528005258294305,1.2656501193038838,1.2689440641130008,1.2108695580995292,1.2596363597520848,1.2569033619831345,1.3064958606525827,1.2601199801677812,1.230988267141119,1.1603820163266516
1.2534667880489356,1.2771317667938613,1.2304708287253059,1.2859009041123464,1.194065893641042,1.3367024739501718,1.2262155266531016,1.1663100933814092,1.139625692849796,1.2074759197716367,1.2009341345158027,1.1591969072766661,1.1399238232117963,1.1358448391918008,1.1652064900263501,1.1653446071075428,1.170801445363371,1.1600609038730103,1.1469980305878142,1.2068636272689914,1.1911898926024418,1.1447736395720547,1.1529899545997944,1.2676111555481968,1.280073701452692,1.1923169887877836,1.2573429284059263,1.2541615002329678,1.3056352809033207,1.261714348703227,1.213303141413891,1.160409432879486
1.265376998201732,1.2800956340374998,1.2680035351717767,1.2907198766457733,1.1969882566904566,1.3417484613801485,1.2534698797517947,1.1627636292118975,1.1458565123133582,1.2150821241387364,1.2174176072594673,1.1798641894863229,1.1743636346844666,1.1634788632326454,1.1962606379117686,1.1878593432278988,1.1814612057422669,1.1792170304779463,1.1854016435883041,1.2388186206204623,1.2227585797858398,1.1818797849035754,1.18055423103749,1.2810899128432156,1.286321445665789,1.21978726197192,1.2749447946032362,1.2702727227187376,1.3054378038271284,1.2545086186492465,1.2245898455674264,1.2086180514031932
1.238702276384517,1.2560549772755725,1.2638365286337672,1.3001096315323217,1.18645975749703,1.3436960042354535,1.2543659143788009,1.173885853771855,1.1223716937972996,1.201478644953825,1.214031202547991,1.1569118715949682,1.1519863527534835,1.156086173332205,1.1889123454382595,1.1722402345360496,1.1753583942844268,1.1743599436256986,1.1688512753190674,1.22409248608407,1.2019357917822193,1.166313645427014,1.1676709916466284,1.2567596671593508,1.270788629048568,1.210025651830444,1.2560713425826613,1.2370267749455854,1.2953142566891676,1.2381213202448205,1.2093417281842,1.1840914799636488
1.2366625375035147,1.2574949413204977,1.2540081423976752,1.286679188631183,1.1786303864492238,1.3477913386641596,1.252344653414575,1.1754320853950142,1.1363931507542266,1.2118783792599594,1.2123117550786455,1.162336279582189,1.176543238846275,1.1595734659752013,1.1943380637662437,1.1840175707984786,1.1789322949396102,1.1872723773414249,1.1920177098973088,1.2582350302115186,1.2198457605861406,1.1812722176852875,1.1749493557637198,1.2674190856211054,1.2780899843096758,1.2050669486153327,1.2470550677615313,1.2343529569500844,1.2816830904964696,1.238067368020402,1.190123484046822,1.1891390604317742
1.2643794052977442,1.25317505189326,1.2584818839991274,1.2941187488819448,1.1878301798307032,1.3501423708015434,1.2440689078758638,1.1965180499201906,1.1315050246504688,1.2229782441277652,1.2254879118828803,1.1643378330571614,1.1571302171264308,1.154337867475391,1.1905068115561535,1.1800856719526895,1.1753144982344936,1.1797865421044476,1.1866630884342362,1.2514326573329366,1.2184559521311018,1.1872263379699841,1.1820773232117878,1.2720054662521918,1.2809115028001874,1.2187423031434066,1.262672446475634,1.2375577615760571,1.2941756406891352,1.232812016999443,1.208733193129649,1.199079729681733
1.2575088018053482,1.2469698122339028,1.261685339358927,1.2701756984836599,1.166034300203526,1.3398675956511785,1.2484705662028823,1.177495995663234,1.1234167235870285,1.2019038984749268,1.2260778465750601,1.1519834088180143,1.1624351310873056,1.157396201781541,1.200208677509955,1.18861349807027,1.1803982155176127,1.1803785625403782,1.211096564002913,1.2748850633446083,1.2414676499768065,1.214922659803634,1.2049801401558617,1.291195579428625,1.2726246688739145,1.1936713230608207,1.2425896271141634,1.2378651573283521,1.2797987431455238,1.2243886937789052,1.18956802461902,1.2065596185905634
1.246781205255056,1.2410367053786102,1.2648439361158397,1.2669964327297811,1.1658757549820757,1.332868234659002,1.2431117030742762,1.1918139220373214,1.1282958758293677,1.2248700369878467,1.2615658211124858,1.1742152049833874,1.1600076438987663,1.1669014123442942,1.2092175373035192,1.2049705597501381,1.1908243481404166,1.1782973344473398,1.2082004556966774,1.2750332375385953,1.2428945493974841,1.211973868679987,1.1988151984351592,1.2901883022365015,1.277420566363194,1.1979159500331182,1.2520764448312944,1.2591644767683265,1.284198446737698,1.2278341619867477,1.192830712743439,1.1981368690875034
1.237636477855089,1.2335761838797767,1.2500342185916058,1.2502167960303632,1.1650046132223688,1.2976288640488667,1.2311929470353802,1.2013203119926883,1.1303276300233918,1.230203328384356,1.2498309697510677,1.171037166339048,1.1650066646512476,1.1650166886256423,1.204404682335087,1.197872233906295,1.1843506274006033,1.1722814333848683,1.196570498085209,1.2520559417976698,1.2254854231637222,1.208984573699571,1.1889842381102633,1.268527591817212,1.2657253738404401,1.2054672645034687,1.247617021437706,1.2335759309419436,1.2636241338544463,1.2160405074824387,1.1856547586948234,1.2196974520775874
1.2503453190227487,1.2416853722483796,1.2417656869081115,1.2448399379651631,1.1629406131497317,1.2819494721303815,1.2245871196930758,1.1993389628818525,1.1368865837098607,1.2192673567920786,1.2288075715734894,1.1720316680143972,1.1638650661793097,1.1608184115836317,1.2062236481578852,1.2055367706600721,1.1868392369921539,1.1573915364826184,1.2025788010896046,1.260328817654072,1.24045260536437,1.2113010263698383,1.1982667466853454,1.2880338564635925,1.2616084916824477,1.2077040094537939,1.262616024641436,1.247969634585385,1.2821263420493503,1.2137712131864997,1.1932205718362492,1.2163554059811852
1.2519860776701242,1.2403008112260472,1.2464300346026946,1.23609749397656,1.1898721646203527,1.27009240808989,1.2299603955238474,1.2052711269092196,1.1458183976756162,1.2272880075079453,1.2360180211878917,1.176773486993774,1.1771119217782182,1.1763336688013042,1.2286664734792563,1.2368186719673901,1.2080574437302,1.1677190379530624,1.214443956241785,1.2770607089837847,1.2584508575927325,1.2214726667939733,1.2138548203044959,1.2934402435632475,1.2676071349383489,1.2290786290319426,1.2836877044151476,1.2487792068406494,1.2789586761716265,1.217127072748118,1.2178967115973482,1.221494185393007
1.26136599686263,1.239031886208106,1.2449158195313712,1.2454240218333157,1.1905239252368363,1.2720488813263593,1.2502728593324157,1.2199791351671088,1.165194190889253,1.2406271989644335,1.2217366516058505,1.1798021910252219,1.1708452432315823,1.1637339427931708,1.20982390436932,1.229848213447302,1.1945339912890462,1.1705159576828967,1.2002193462943727,1.2534426377218326,1.2397953780625954,1.2019052950818794,1.2006612065270283,1.2679508622893194,1.2423676571700368,1.2242198003742215,1.258427136692625,1.241981648494801,1.27496397977381,1.2106862175731512,1.2130580784654081,1.2151048388367245
1.259962602278832,1.2293126301440827,1.2078365866659297,1.237585284308438,1.1926795711627873,1.262831599985187,1.2290461397835952,1.2162571554168269,1.1600204865948018,1.2203320440215584,1.231220342012372,1.1713545085876425,1.1739763226297018,1.1602358075638446,1.2059511019676774,1.2277608574778018,1.2052588762573269,1.1635986602429138,1.211922975483176,1.2623558333562344,1.246188423969308,1.213654782240852,1.2032364761738523,1.2869097375950644,1.2526470062862582,1.2009533068433955,1.2506990811655152,1.2618258420397142,1.264176764474195,1.2212725239075022,1.2044949417882402,1.2032557270275746
1.2464249443373698,1.2327649186146308,1.2059096926721027,1.220895578650488,1.1939098787700893,1.241215676698654,1.2064130708095389,1.19426881908225,1.1508351250768634,1.2194788232757632,1.2130025219585376,1.1704795361375333,1.1839857864839525,1.1633279215369694,1.211171044901132,1.2435809557342334,1.2060608500453673,1.1680549721414453,1.2185159650741748,1.2779549131350567,1.264150337366355,1.207644545000279,1.2066990232763317,1.301698213230866,1.272332238653543,1.2136344165940856,1.2722166045956236,1.2744734640039361,1.2510032229543389,1.23336416106328,1.209338180820186,1.19090971755764
1.2546257897239799,1.2373323027464762,1.2434720284641492,1.2244875297156785,1.2189521640518497,1.2544234022737748,1.2148616092479807,1.2111644562122503,1.1604026768210813,1.2153729666837425,1.2183437142837044,1.1747427980491365,1.1653032685641243,1.167954332722076,1.2211391673048544,1.2455600843615193,1.2088815610053918,1.162959224972274,1.2078626316475418,1.2696927520488814,1.2561644235650287,1.2108892878256896,1.2064179999704072,1.2969432051406833,1.2723345235930887,1.2211080728171069,1.2811407433374948,1.2857747641931387,1.2765899622972632,1.246793655165879,1.2252657413147443,1.1948969084053722
1.262697425007949,1.2318752876596246,1.2481507931745375,1.2413209601565733,1.2303704307027985,1.264037261800004,1.231451268315524,1.2315492355048216,1.159804227916863,1.2263902131141797,1.2327345078896612,1.1760832617188772,1.171907253527447,1.171534915853724,1.215972358809166,1.2318081351996675,1.2075730607550519,1.1566631747409182,1.2068356934462854,1.2706187512555218,1.267658347391017,1.1992530693377612,1.213364674237747,1.2997222297073734,1.2820764995796607,1.2464333688275167,1.3077966830131815,1.2985665808479478,1.2847774844486453,1.2612357311656233,1.2442745166700375,1.205390289743389
1.2812178461635533,1.2392452734787316,1.2368153856965995,1.2334203955615377,1.22805563088647,1.265111793738264,1.2029093136309295,1.2233778243589046,1.165564716357702,1.220022731511058,1.2087463228739284,1.166099232387479,1.1696138607216842,1.167319963956377,1.224520405369613,1.2380531887997803,1.207596579015524,1.1612327554285273,1.199338029113106,1.2762828175829568,1.2606265386279858,1.1885456671808663,1.2159840624152496,1.3053136601099704,1.2990056446684037,1.2483933741014548,1.3176466481147198,1.2899378776479438,1.2963968467019558,1.2670308506958896,1.2377543476665127,1.1994848691578464
1.2751094551226987,1.2132235823643986,1.243532080916361,1.2106594191256927,1.1978316516740086,1.2600550381785818,1.214434629297968,1.2185912126532576,1.1565723595844912,1.203533473953372,1.1968400254925733,1.1532626720770505,1.165699159023718,1.1599573066185718,1.2176444087507003,1.2297440251566343,1.2060878304598943,1.1608315309995267,1.1929267699025443,1.268472449294437,1.2494048045017707,1.184902207550521,1.2149623294940934,1.309901260870009,1.287084340577356,1.239451552511651,1.3042966212335165,1.2739888404236994,1.3077817665128553,1.2564900143782605,1.216858469460367,1.210192375546518
1.2822081002370966,1.2256355760159245,1.2419825354452336,1.2155100190210786,1.1941520249838997,1.269295511319799,1.2115705155216592,1.227187609844503,1.1700777761818923,1.2131296125314674,1.2235789629241658,1.1771037626481002,1.1654335120852484,1.1777036818664097,1.2373884064843537,1.2412802975147366,1.2182499629607462,1.1696440814319689,1.200555326785873,1.2840902658081665,1.2710703907429264,1.1837366662000626,1.2339921639749238,1.3277115821485619,1.309741039345112,1.255338168994382,1.317491304863169,1.3046891612721458,1.3150695689569152,1.2829955688620869,1.2092620991191028,1.1986638324103356
1.3042288927329178,1.2036776533141602,1.2376337681151417,1.2129554268601737,1.1970462727350204,1.2666098306637728,1.1990934858274465,1.233502447842454,1.1771086348941147,1.2193897311701847,1.2254222550829013,1.174995500031373,1.1548977895650903,1.169779572326698,1.21446668317308,1.2197181026884392,1.2012431119468105,1.1577880396414264,1.1765829527741054,1.2522677959383925,1.2418478711034953,1.1595153616881484,1.2031506355772092,1.302841985946146,1.295053044420133,1.2409450030044973,1.2981665939961373,1.304386960227996,1.3317910589978725,1.283650515441348,1.2150063998544824,1.1835368301644662
1.2625160739647108,1.2212243560588432,1.232297294305264,1.208204409112646,1.196129809630353,1.2560190646201288,1.2038636453578149,1.2110268758677125,1.164112992491646,1.199146682212861,1.2138869484402015,1.1571807469923374,1.1505019253669397,1.1509806027566973,1.2083608791960876,1.2129604893562906,1.2044047019342674,1.1581576082334823,1.183772288980276,1.2599682611374519,1.2489049865484319,1.1691231144508976,1.2125755432076646,1.3002343404636736,1.295787018672302,1.2395318536284827,1.2898594539210577,1.2837654399600709,1.3147938116921534,1.2815708740412493,1.2040266134384965,1.1930892514138858
1.2597645869324599,1.2242412503290772,1.2504605445518442,1.2194291819574523,1.1994272908146466,1.272863985848806,1.201731159975614,1.2243242540401658,1.1537969721322465,1.2139318010928473,1.233130997991163,1.171679856108827,1.1711147269616176,1.1781780155613448,1.2362441906111494,1.218866332352527,1.2058230129061323,1.1692956267434342,1.1986366893942806,1.2646729089712363,1.251687625691075,1.177286633026956,1.2252126904267615,1.2944682162748373,1.280377118164453,1.2355029458547617,1.2854404676612037,1.2699925994367542,1.2975198491216593,1.2725894688174058,1.2087499474941659,1.1970727024124581
1.2716670164269996,1.2236106423445106,1.2737749372110059,1.2378450852793252,1.172414209597417,1.2885549537605339,1.2482477924885473,1.240110890204559,1.162589717796049,1.2233438115884172,1.2425573674954342,1.1847177892080851,1.1649187019879639,1.1781122582469263,1.2384577633211011,1.2170071751293279,1.197185985731667,1.178464535850357,1.1934634664008452,1.2521706705753881,1.2437035379606336,1.176745062297539,1.2326390118891717,1.2791251329836384,1.2878272498662933,1.230254191675216,1.2589287839549537,1.2664509458636821,1.3128151313016445,1.296368333360779,1.1905628928949743,1.2039804151034896
1.2688165295682277,1.2314793638259784,1.2574655440076716,1.2402130796304514,1.177389150449081,1.2992279371065814,1.2369186351118242,1.240474031804453,1.1614600703712674,1.224784702445824,1.250306075469564,1.1893821386272259,1.1707159117413861,1.1886079005098333,1.251785327874138,1.2293597986870293,1.2064543414660938,1.1786508384061596,1.1901147307639015,1.250851473720291,1.2436671440441067,1.181204309874953,1.2356056559375495,1.2721082596369513,1.2773765368366865,1.2374102819410255,1.26106497511585,1.264497043105292,1.298386991691991,1.2755871782729806,1.2009573657479762,1.2186987331157428
1.2605414720424366,1.245032213265325,1.2494764950389827,1.2301541328440502,1.1610871795897564,1.294352344542269,1.2336176846453002,1.2303620181143191,1.1659828158004324,1.2316329787250444,1.2435981247826244,1.1811724890029658,1.1657935871963514,1.1906813472903073,1.2524482290085626,1.2257798077661455,1.2209407796564913,1.1885876061819411,1.1898879161892535,1.261224824310141,1.2546808586132316,1.1839073266213682,1.253508807184841,1.2771064353869757,1.2836641039798544,1.223992648383677,1.2427480615482756,1.260377996947348,1.2788459201317006,1.259877741736793,1.1955346189091631,1.2207217129346561
1.2332610470924854,1.2497228707415917,1.2710673199987272,1.2310476992812773,1.1514901721991038,1.291913350342939,1.2732425572123636,1.2162225003306104,1.1829423192237014,1.237801029017901,1.2622505279101552,1.202184724710647,1.1824857203915886,1.2000530258092281,1.2525960322832648,1.225778931944663,1.2167160024403625,1.1933326435091727,1.1974603306156657,1.255942425650487,1.2617169371782784,1.201050757372646,1.255074823501701,1.2661352412161861,1.2764900883376609,1.209344060163424,1.2117100762398298,1.2328022974629838,1.2553247522215547,1.2398554496596605,1.1808946315125717,1.2046066670689006
1.2198780835030545,1.2464507657781236,1.2572989380657857,1.2310310319376212,1.1683937243580942,1.3033536175650773,1.2746378182420919,1.2427901202657177,1.175217210761235,1.2554746071829808,1.2640371659042455,1.215762207537684,1.1862228902259986,1.2122003243864634,1.2579023427017118,1.2337329701923292,1.2208682034716931,1.1966952956595371,1.209203545034699,1.2380966863036753,1.2733959526282839,1.2135172868214734,1.2681442449542168,1.2452246569340568,1.2744358531678623,1.2265238800818103,1.2069254303141685,1.2239683345525738,1.2490831562269045,1.2315039198537667,1.2012735364678049,1.205018715698512
1.2231185608453832,1.2562406113315745,1.2576610770548904,1.2222268304365922,1.1653799487392895,1.2920876249856745,1.2746727943780884,1.2231082724457565,1.2072848577208102,1.243961273036718,1.2719985573987043,1.2335259298658297,1.2141274422277792,1.2360891441757473,1.2641318837211206,1.2446186348742254,1.2373690807486564,1.2078788471119732,1.2157630049987085,1.2495628104612357,1.2851184391309065,1.2183292341473049,1.2752432662662108,1.2702779259062724,1.273398994826491,1.2262684683906866,1.2193597488267436,1.238469713196426,1.2473287365774774,1.237314533744017,1.1984466386964618,1.1933883773655354
1.2067525006464783,1.2458288237300332,1.27747646237082,1.2063918096152177,1.1541328894537841,1.3067966258065988,1.2889092393728374,1.2443612726369944,1.2023876316485396,1.271810340253322,1.2855388923530484,1.2234998072564311,1.205097345254451,1.220574797017306,1.2562221391823711,1.241455275635094,1.2404739386257535,1.1975976785490081,1.2146801355665346,1.2565496651305332,1.2895339807916084,1.229777943634211,1.2709080533492065,1.2802965842240008,1.268590391357355,1.2188108526266015,1.2044306818983699,1.2201815147783668,1.2098923883720831,1.2421199219489407,1.1843763511376688,1.2143953999513575
1.1867449107360657,1.2342599505536545,1.2783463940945792,1.2128853028572384,1.156861534608968,1.3262514111494355,1.2802033166417928,1.2476279374654167,1.2147241683237933,1.2699033252661176,1.284209241863231,1.2378088253237678,1.2163974958635715,1.2285095026131536,1.255098294990139,1.2408110767876024,1.2384770715495486,1.1795009292324126,1.206011636944738,1.2300600933868708,1.276701845122448,1.229909102831781,1.2744807610669955,1.262398210727975,1.2692228164048533,1.2227672987630427,1.2153292289254876,1.1936526264494989,1.2004971719870254,1.2333368861959821,1.184605910250934,1.2253916695329328
1.1999904978803908,1.2273615607707504,1.2723602814932389,1.1945920400489727,1.1405555595909809,1.3151970227604464,1.2870768875972949,1.2382962165793676,1.2114949834904998,1.2733825101252894,1.2851522954697407,1.2185251663225989,1.190296668573846,1.2011792151972254,1.2283947608553931,1.2128420912347677,1.201936290434118,1.15051485426814,1.1956717609596785,1.2401977697317592,1.2878443867882046,1.2255246951513727,1.280747385475831,1.2783460878604405,1.2795941547501932,1.231059750879627,1.2264827777568221,1.2044546081193677,1.1957996161648496,1.2365583598933516,1.1784668884353635,1.2104399435809805
1.190549572832473,1.230688103254225,1.281381510943314,1.1873249914363222,1.1393140050154822,1.317382775588353,1.282114354692262,1.2594193632644153,1.2271717025749285,1.274693162171754,1.274291919629666,1.2310699540998087,1.1666215701094307,1.1880182574944564,1.2102643776352424,1.19383881327573,1.1857162951964655,1.1320999759893453,1.1968521381874568,1.2335093790416896,1.294451414301004,1.2235770400826496,1.2747603184637248,1.2799553192782587,1.2989110876826615,1.2255448963889826,1.2272957357123644,1.2168351902267256,1.1939486774948573,1.2415705903227576,1.1779193571973858,1.2132376726884726
1.1986802051873722,1.223507463023556,1.2832530180196737,1.1901144345550287,1.1444645431324179,1.3194908065866597,1.2966892728126693,1.2541923526197865,1.220676434537658,1.2646088486128013,1.2879075170472205,1.2166177865445338,1.172170522067371,1.179981232892791,1.205476929269072,1.1916059114843196,1.170195188783365,1.115340252172314,1.1905626211163984,1.2238050494946495,1.2819032582378267,1.2234653161303148,1.2693693670079982,1.2801328896826238,1.3098885500812094,1.2258315122137198,1.2279593338545018,1.21025704252569,1.2118496193662973,1.218025372987454,1.1730119340419949,1.2123079646948403
1.2089523967118427,1.2150584502669286,1.2869480641515412,1.2000756824415897,1.155942753747712,1.2974921028570383,1.281262760710642,1.2523214924874988,1.207200109081581,1.2712950919392512,1.2797168056211852,1.2092338194736312,1.1651875455263654,1.1735858656738418,1.2000439234724336,1.199286234574476,1.187488414656173,1.1420090735452333,1.2042195986855502,1.2307164018858605,1.2700826307234898,1.21715346461464,1.2612526324269642,1.2797971947038347,1.3019983985523003,1.2257889726058253,1.2293006207073947,1.2121786919018172,1.2147944440766218,1.2108341345147675,1.1699861912457772,1.2114322640224753
1.1958202434718264,1.2138055077022636,1.2690776706694558,1.1744327754310941,1.142017216778707,1.2699492537624006,1.2662880601622732,1.2393351024349875,1.189533593486891,1.2458379399572785,1.2655909403670251,1.1990967697743868,1.1525293817006428,1.164711385746407,1.1869575187197452,1.177332293677525,1.1543087497247106,1.1236994006958594,1.181117565452696,1.2063244426651276,1.2435780070561635,1.1957136974754583,1.2267632476442187,1.2745146915801082,1.2818687549115653,1.2113848509833018,1.221104220274351,1.2124480365569408,1.2101224672072872,1.2151962400861973,1.1610016591973318,1.2176778774875305
1.2181561443309485,1.206061782157069,1.2752391835096322,1.1887637801136695,1.1214593753169149,1.2743247912512539,1.2634321870051217,1.237510446215088,1.183170464129843,1.234098941830523,1.2647876844510222,1.192157173329398,1.140925209565332,1.164439877113139,1.1853685820630873,1.1691276604495076,1.1461367944256313,1.1061627179759805,1.1548418298252918,1.1892510934184672,1.2147927132691025,1.1830500320074426,1.2025194588214512,1.2623503028154528,1.2579069081233742,1.1961095298496736,1.2180028575024457,1.2079438053170155,1.210908873590407,1.2064958149328497,1.1552572443096507,1.1954638780476907
1.2168859862922468,1.2117141587296065,1.2673594117984102,1.211374177810242,1.1367458227069371,1.280792326420823,1.2705817350423523,1.2343992640356365,1.1814679049629642,1.2435413702401215,1.2732282851589427,1.188784699053671,1.134521264785921,1.1621470580831792,1.1913809992862372,1.178433653842519,1.1476260618339365,1.0972117979077163,1.154997528325676,1.1913803095135527,1.2108696542420978,1.1800452148838942,1.198396527412691,1.261976186374626,1.2458000426642462,1.1932457182781047,1.2119011084490774,1.2036057115224148,1.1932830670455443,1.2006951428868542,1.1515694870893074,1.2055585685119876
1.2156824749610504,1.2401653430706279,1.273867459000455,1.2243611292241048,1.1286002292127908,1.2738326595596947,1.2604120796385114,1.2305410453773942,1.1751353832392035,1.2391713321306226,1.2656469907395516,1.1915230365511236,1.137765473791702,1.161046265331914,1.1876136365252694,1.1749910021324976,1.1410843277709202,1.1062437320154828,1.162419702724713,1.1856014055130253,1.209387060574565,1.1955793149087492,1.2089197047823905,1.2483302367540023,1.2657460617518257,1.201668888555628,1.2261578768284545,1.2252297828306575,1.202734881929837,1.2114986162264825,1.1547493605158268,1.2084017137171135
1.2264928343172241,1.2404314392250935,1.2683119872417816,1.2518429150942008,1.1380339946537552,1.2799456181047575,1.256672924374791,1.2105130779552966,1.165393653230584,1.2195289491981396,1.2551790548231716,1.1736378492192714,1.1387441929576831,1.1446393890319362,1.1736128198817288,1.158472660483144,1.124074259333089,1.1041022291912448,1.1632405745998624,1.1739582381437619,1.2021078666062703,1.1917382305378468,1.2110616987103608,1.2379896182221501,1.2778432918367726,1.1968463453541756,1.2359079525767889,1.2220906129832252,1.2135571492255186,1.1990832147062815,1.1543728378218576,1.2055643802266582
1.2204032968079292,1.2460484269728624,1.2480691422971981,1.2663453138536378,1.140720004100383,1.292904434933353,1.2526191930718784,1.2139088438335566,1.1683975151821733,1.2370109853360027,1.26243844745534,1.1803908474791764,1.13505278904645,1.1535557726893373,1.178085586251296,1.1611268775691665,1.1241900016397055,1.1157358993049595,1.172276716632739,1.1964458455322535,1.2227415234962067,1.2148225907937646,1.2374185814051657,1.2623305629522372,1.2978424179842105,1.2158643222171817,1.2436268263757453,1.243137780859545,1.218356484987741,1.220142027846378,1.1746242073341435,1.219852837315579
1.209024014133977,1.2431783588480885,1.2513911396129032,1.2599368218818046,1.137688489215054,1.3022949087497,1.2589464792522862,1.1891278070535218,1.1504020904965848,1.2275820069513574,1.2595635157896357,1.1726960653885377,1.1404231322579177,1.157041585081962,1.171238914991544,1.155858912759608,1.126472230347193,1.117505408259516,1.153471816683284,1.1668551837998606,1.1762041897615463,1.1790093893556488,1.1937368890275224,1.2321718662538281,1.2585932361737515,1.186435462312792,1.2136224035165106,1.2190511020918613,1.227038567391418,1.2036745050273059,1.1521078000106764,1.2004966181677657
1.2123186554222103,1.261393834139746,1.2516691586219277,1.2673300897861342,1.1543052394871944,1.3081044815237324,1.264650724732536,1.1885833289006733,1.152133501733713,1.2129715419705336,1.2492414929679498,1.170178524321189,1.152599238029653,1.1688384843577995,1.1823843666817613,1.1705127007017302,1.1487864411091522,1.140040543631985,1.1545909298857011,1.1747180820312821,1.1760526283396529,1.175279202429641,1.187729237964194,1.2334889251867243,1.2477093090925446,1.1871804451700898,1.2086770428984484,1.219588873963561,1.2245328724810505,1.2065630675515104,1.1556089126612052,1.1883625565933564
1.2069959768675247,1.2457567770660123,1.2349587730496505,1.2546348095112696,1.1487683592161024,1.3007417356204596,1.248355504131813,1.1754039503985816,1.1476553515067518,1.2053845018394866,1.2360172153188929,1.1628102744921331,1.1504507678360312,1.1652313424725174,1.1825751544093572,1.1688515853685049,1.1506139788815966,1.1444394151414485,1.1728832395599338,1.1942356740033426,1.2110444978271129,1.197798044798775,1.221965856816611,1.2567990353044558,1.2670440488923171,1.1891250619926321,1.2258678083609782,1.2225449108296222,1.217713828384854,1.209292893907543,1.1476220480694859,1.1871057776404768
1.2279000039417696,1.2492278677218924,1.2347100304104863,1.2661587565478503,1.1689140112025906,1.3212006832571226,1.246653821997743,1.172378488565529,1.1481471674236352,1.2117808872599678,1.238092751109875,1.160576983963462,1.1456306596069403,1.1595577438639422,1.1759258373603065,1.1662095096378082,1.1482185095424502,1.1411775312509218,1.1693490491113692,1.2164190474607086,1.2256038032438554,1.187873460944578,1.2188297815048261,1.2665551042062897,1.254540150796409,1.1829935711492578,1.2309258745205809,1.2394966155828517,1.2158807523605928,1.2240685465392978,1.165683170615795,1.1844752690083538
1.2323193543313824,1.2829495102194517,1.2465655143772754,1.2778315406039007,1.1917158590369865,1.3536522182059303,1.2546028304582273,1.1895330179278378,1.1598194591828366,1.2342791013599548,1.2393310129668569,1.1784557377113876,1.1553907959102259,1.1687703417635165,1.178121088406153,1.1777157562174083,1.1616906805186655,1.1715133603028256,1.1988341764147368,1.2418831382547324,1.2541571812760979,1.2139016329163446,1.2506330606386769,1.283953265307711,1.2808328422556865,1.2109294747064052,1.25483446424877,1.2564185119501576,1.220244738573722,1.2195295571578704,1.1876507472573028,1.2085427866236038
1.2092664877319765,1.263155550111962,1.2454610566299988,1.2563876808925312,1.188324049096772,1.3454435204371225,1.2409054376910527,1.1815801878487688,1.1537915013808877,1.2195064635745658,1.2166091804514707,1.162023145304401,1.158065053727157,1.1379232178563385,1.1484110474391847,1.156193220837117,1.146321836871229,1.1677550061398079,1.1974774158336716,1.2255579991318768,1.248839511450821,1.220780445194033,1.253220592351807,1.2714770347120135,1.2777703565388594,1.2026684676061437,1.2567092793170664,1.2464724777992437,1.207540268281346,1.2072444721887317,1.1707569088890244,1.2115468831202822
1.201633113945408,1.2422622318482661,1.2481401179150715,1.244162587151098,1.1858295778311858,1.3230978294741742,1.237145397205966,1.191117927010888,1.1710278998206856,1.232421526726474,1.232676511374814,1.171109961770671,1.1635070891595738,1.1494609681062864,1.1502926122856272,1.1481355168965837,1.1517757235644837,1.1775942449859347,1.211631035846366,1.2243661362160538,1.2587240375165931,1.2322765438025387,1.262718841063673,1.2760160495215995,1.2799261592732354,1.2026575632026866,1.2541243676079996,1.2425497052191967,1.2149598172912692,1.2109151657642034,1.1687512726482296,1.20797067730123
1.1793964117635434,1.2350298868882459,1.2590688583795286,1.2405749794899252,1.1707516425600286,1.3091307533206593,1.215748457798354,1.1867186962478815,1.1380185719255063,1.1957653086542193,1.2021771744940093,1.1400567481090318,1.1317082499992632,1.1301790088052237,1.1367891455425339,1.1445637286508392,1.1444751204683596,1.1484478610808007,1.1870058540137105,1.2132291702933427,1.2585562964898647,1.2127655737379903,1.2565326091492564,1.284323930311488,1.2787563508065116,1.1885247699061396,1.2459791947498915,1.2386174922186615,1.2171879286469156,1.2108474185534632,1.1495010427700716,1.1989292171583248
1.1996776815661079,1.2364315150968095,1.2673143080652294,1.245896071783947,1.172756206260293,1.3056844911931706,1.2382264308344109,1.1877146216208927,1.1433786286133114,1.2130771627782988,1.2084111144021854,1.13977197492839,1.1327254381215037,1.126639633216067,1.1367215517832434,1.1545107561562982,1.1600506509238693,1.1483369905240255,1.1724367165443248,1.2115090268881237,1.2402314981697176,1.1845977296367707,1.2295484499001625,1.2860389197650897,1.2711772665930885,1.1887678909874715,1.2383802128677752,1.2447784484764837,1.2273737089340193,1.2240216989390018,1.155139545658567,1.1999289792548806
1.1972964311095857,1.2389474790518518,1.2668576342174185,1.2313399970722763,1.1711897383869332,1.2811057694206307,1.2243011315644758,1.193990216594834,1.1622783851713134,1.2189468455022854,1.202384144437282,1.1577018506647905,1.1426115765880729,1.1363743036528084,1.1474529892777803,1.161043376709669,1.1583667790078345,1.1440963912099251,1.1655751159580185,1.2131176747850982,1.2324493746751282,1.1888674760172753,1.2190764583469045,1.2783243132067603,1.26053579195898,1.1862207770327746,1.2341162784032524,1.232613877933691,1.1990671420342165,1.2104520187925678,1.1553800927151612,1.1904854229037223
1.211062603227549,1.23221065622901,1.2678996766751012,1.254064645937039,1.1852365854231877,1.273301253067383,1.2350292639891183,1.1720876234316273,1.13120331222762,1.18466660309389,1.1919492664495606,1.12927748604114,1.1220073438166365,1.113513084455585,1.1234202718749922,1.1422794349577352,1.1537082262401746,1.131153656322597,1.1655256484745327,1.215528540880392,1.2352730468881317,1.1840749575255325,1.2237760836999363,1.2707632520182197,1.2621316964783549,1.1893428622549862,1.2445941039032453,1.2380906195109256,1.1969766533093151,1.2109734785130657,1.161295788941131,1.1811119456489814
1.1989849549447331,1.2322735857252718,1.2593105807067362,1.2651853214711408,1.1692807951737543,1.2788385833937699,1.2328951577380431,1.1569358996373285,1.125212951311126,1.180024509378934,1.1795866423756705,1.1257030945248687,1.1226196638383366,1.1109934412948868,1.129266840492041,1.147629713528446,1.14854429293633,1.1278252978320296,1.1664102921426776,1.2137135171742999,1.2331421574777728,1.1903809688033014,1.2243686585387152,1.2764162558982837,1.2558408191773844,1.1825818524470704,1.2364862684876805,1.2384082098003837,1.217558191467416,1.221773850697179,1.1566121708118031,1.1697682342663445
1.200989969588631,1.2345393764899288,1.292022783149579,1.2526272268088567,1.1614756372801043,1.2851563362108358,1.2439488059836719,1.1743905326584518,1.117396761210131,1.182588420915705,1.1943518140564708,1.1180118725070314,1.1241508155150859,1.1107396179462061,1.1381645527721282,1.1530073798555547,1.1545459106175502,1.1342863895097715,1.1688425238248275,1.2151994448096464,1.2321862315294865,1.193911275667357,1.2234734058685037,1.274530875721823,1.259229827066716,1.1845703430013266,1.2368847706094463,1.249064174013345,1.2199346705126195,1.2357114711091093,1.1618663053588725,1.175021632902794
1.19878947124146,1.2425405701963177,1.2808088005013973,1.2578439620167392,1.1581644158537754,1.2946357924543874,1.2465902304379393,1.1840179448219381,1.1176582289422115,1.1809602586285703,1.1871639832937277,1.1206287856060588,1.1302208574965256,1.1090982122744337,1.1362930189795506,1.1632864683193527,1.1698870814834181,1.1388314990804067,1.161460223989019,1.1892900377486855,1.2109884033395037,1.1881805694852663,1.2112175390816398,1.2614689803490526,1.2598333443336245,1.1898479478503419,1.235003745138899,1.225539544570474,1.214459522979327,1.2169908278731594,1.1621516276096095,1.1730600285863158
1.2055713618627284,1.236094376675155,1.307440696037102,1.2274758621397979,1.141111218253518,1.2656336890990159,1.2573894532201582,1.2040743899067707,1.1264554014191992,1.1962996212242358,1.2101367384051174,1.1194623700145854,1.1290167192642804,1.1033997600316152,1.1348046487049985,1.1551387413065002,1.1599136720665153,1.1181749457074663,1.144346140297224,1.1871850266448432,1.206646980416777,1.1762844827087175,1.1935820123634584,1.266875519774958,1.2565193494338078,1.181909947441461,1.214266914497815,1.2261740963296994,1.2277967719900733,1.2260068362497643,1.1522386501244493,1.1637924098052672
1.2268696478103922,1.2321040555105902,1.3153545980663461,1.254322544627963,1.1439036474150075,1.2945636243813283,1.2660511303377326,1.1998730517962362,1.1090299918509932,1.2004286525940626,1.2231922804066342,1.1240155288646825,1.1144337969912164,1.1144893231200077,1.141380917494069,1.1531452303667369,1.1623745717810547,1.11045908257598,1.140093415092194,1.2009019253055233,1.2180228923393648,1.174644972915118,1.1983586149120729,1.279447639468339,1.269271210024886,1.1882641239426646,1.2284882522437286,1.2455667932491135,1.2568611751438987,1.2407267754418903,1.167238087576201,1.1534411058145908
1.2268158564094098,1.2254382215132953,1.3121803610971754,1.2311060051619764,1.1321713527043815,1.3007882917551703,1.2823621241693546,1.2066083797623504,1.112234597166993,1.220079453675955,1.2385949289763862,1.1217382937179579,1.130628586556396,1.1105615577367844,1.1398172409020735,1.1623872118293117,1.176458446394099,1.135895373320977,1.158952525665388,1.2201456852654438,1.2214564039171496,1.1844194285480814,1.2043918498999042,1.269801063542339,1.2626672636214096,1.1940599022722684,1.2277569313739582,1.236887064413184,1.2661375846798468,1.2265141237589465,1.159313695413251,1.1619060042019838
1.2425226323436112,1.2417126377718062,1.3060688975612484,1.2378935354764369,1.1368123887607668,1.3027398358713942,1.2691849609968164,1.2000993960664499,1.1178711873278193,1.2113130545243556,1.2266590774429085,1.125727104706326,1.153743340970035,1.1265445170308006,1.1660950011285391,1.1970707796518876,1.2081954449864505,1.1591999620725861,1.1893732616223962,1.232389704900159,1.2371570515060615,1.1998359005323207,1.2120191767407102,1.2821570369319857,1.26645507664015,1.1864689077241048,1.2155754354242339,1.2449247331068038,1.2857309495981288,1.234386337579724,1.1655370513802124,1.1492862068771714
1.273145946065426,1.2659013061859425,1.3076300315179694,1.2246624337938494,1.1248151002349889,1.3119621693172956,1.2732541388818894,1.1899404902726654,1.120991197581798,1.208075659749228,1.2482028329343322,1.130525663134934,1.143882143142866,1.1180331521058977,1.153397863047826,1.1894871157221074,1.1971921378944903,1.1405011232673303,1.1674031263782785,1.2133705097621656,1.2177040235955316,1.1821652413143127,1.187558464275173,1.2611020279243912,1.2405500739617072,1.1776130070652289,1.217465590336936,1.244706385357187,1.2876871115658457,1.2518851205410702,1.158143994352249,1.1476824236745233
1.2843554873253094,1.2716405347477433,1.300167755320542,1.2288489787616457,1.1432513271903781,1.3164222503390952,1.2771115210720987,1.1890285216672203,1.1172590205551718,1.2116586776234055,1.2549872200977388,1.1347023906532745,1.1538631791338818,1.1343710690459956,1.1578569299486903,1.1792411623365646,1.197341281068841,1.1511543689824597,1.169738474961067,1.2210361836703496,1.2292657983752457,1.179498754786462,1.1897924249321923,1.2630734657961236,1.2551639773304795,1.1984179032318274,1.2274913626354513,1.2595152468595976,1.301046054758282,1.249857814445909,1.180673015249365,1.160812375229868
1.2732529335558183,1.2698157982695022,1.3108133990346953,1.2241468921310397,1.1248402785163985,1.3207545251690311,1.277799414808304,1.2189997659353808,1.1304921357266025,1.2291112300259668,1.2699735470527935,1.143420107183534,1.1586440383053358,1.1396891285979927,1.1583261420558049,1.1769054746190346,1.1905357299200907,1.154177126938062,1.178601148812221,1.2237623222229133,1.2314324592532646,1.1797545361226296,1.1889829471466582,1.2539056243886422,1.2497552628374162,1.1933880891280022,1.2166535194278179,1.247097498038682,1.30142708515926,1.2460764039675185,1.1722469263401973,1.1598827450488527
1.2803913977343313,1.2660082381486861,1.3148627883670891,1.210379996949589,1.1445566294229814,1.3261699429863607,1.275091868506438,1.2440975111741523,1.1554887623651493,1.2476925644336956,1.273217788227248,1.1648567995525123,1.1607020550012126,1.142108010339492,1.1534021936893908,1.1821698041587934,1.1954836351809708,1.1659091755487434,1.166995960237663,1.2227329979289219,1.235898046869925,1.1787779760969392,1.1873024720376635,1.262786123200586,1.2492930296180738,1.1956382847187519,1.2224177506068479,1.2537690946844968,1.2920771202672738,1.2481943718592377,1.1813771455897268,1.1554412983105367
1.2832765710678422,1.2577162803960564,1.3001578762166637,1.2123612029802675,1.1200640292446713,1.3103141985331674,1.2597576226071903,1.2163343806527513,1.1278172305426986,1.227531539829109,1.2560249075363419,1.1305964223381222,1.1347098570326861,1.1180037949523245,1.1341967477054382,1.1671985286838893,1.1886635554061356,1.154244663294553,1.1737025217484414,1.2423418718694295,1.2425667531997808,1.18141005918026,1.1929741954006623,1.2692568285261627,1.2417722477243134,1.1857620425828597,1.205873487111885,1.2453205238877874,1.2833678493135259,1.233452086105844,1.1575581309861447,1.1591458623816815
1.295312957102891,1.2863690384557527,1.2862466209600822,1.2212811957056242,1.1369512900244692,1.3089070489751728,1.2452373925329765,1.2121335853776607,1.134888483184686,1.2331985608346046,1.2617156376830376,1.134936019023742,1.1323878330235926,1.1230525843753194,1.1417825125492886,1.1765585521007054,1.188071706226837,1.156635073129084,1.181794963571638,1.2306945195834436,1.2522202254367685,1.2059586645946858,1.2031057617179508,1.2528649152848688,1.2429943274632744,1.178086633828226,1.2111406797023687,1.2441330759743394,1.292079892954367,1.2441499186001288,1.1702813347710441,1.154396523051615
1.2840451628552305,1.3016274263282916,1.2648991989658784,1.228222696812225,1.137852093475024,1.3004858158029602,1.2412451943819909,1.208415658979154,1.1347268469902416,1.218948984659712,1.2451955938974963,1.1316314563790648,1.1324509105923801,1.124280400911614,1.1421485559589022,1.1713373464561767,1.180448477393226,1.1555018734929368,1.1755889242478275,1.2393085357657014,1.2442171379686993,1.1920225034728824,1.188272112762579,1.2563693715472437,1.235825726562841,1.1620784312377077,1.1965655047027797,1.2354186825177313,1.2950465022248003,1.2380381841459465,1.1685043421640022,1.1446496899410517
1.2758254215618026,1.2925957372351884,1.2451227741533226,1.219500369432058,1.1360324135170905,1.2816459604840638,1.2554761356271975,1.2058636866557284,1.153142306431279,1.2250314710891708,1.2349912355778776,1.1328494073631548,1.133811756068356,1.1151253747473568,1.1442347101795183,1.1740206572042746,1.1760964005229468,1.1515612102245103,1.1736997547397143,1.2317017772178136,1.243202400141167,1.200228831002019,1.2044603685453183,1.265413962436239,1.2385676758241597,1.1670585305393844,1.200748214053889,1.2279464335817816,1.271007329010977,1.229178094933467,1.1656602487882395,1.1627588088226335
1.261490919014952,1.304732388212915,1.2443897771097099,1.2243188854537232,1.1471195206906448,1.2774013153609427,1.255669867004635,1.2054723301078227,1.1426458771636012,1.2110987289326631,1.2349335161971955,1.1319709081104108,1.1289260353076094,1.121816888700959,1.1620245511842748,1.1800286320228761,1.18070859605768,1.155208016774369,1.1817550993891197,1.2385072433810056,1.250153849184624,1.1879709367304712,1.2157494519103074,1.2607154959028564,1.2395198000664478,1.1750610904308165,1.1976839463965403,1.2073263084818788,1.2601461414398767,1.2207321738357984,1.1695966555647899,1.157205847502929
1.2403608755376763,1.2912625124651067,1.2290005477691361,1.2220735337020603,1.1401032183548565,1.26373149350438,1.2503521246430778,1.2213348642368274,1.1506486647907972,1.2153120560764297,1.2301412350572736,1.1406411690696836,1.1304299685870802,1.1280652515462795,1.1596262420962429,1.168723192344143,1.1651736886937798,1.150631981671102,1.1619230409620085,1.2104514979358658,1.2191580584733028,1.1742231152726588,1.2059413247497732,1.2583425790008087,1.2398829431600238,1.1672150797436915,1.197988900935583,1.1848807024926666,1.2484715212238768,1.2051287389583378,1.1548646365349058,1.169202469831622
1.229145711631397,1.2604244924284833,1.2215326270585531,1.2178088964946283,1.1278109554571396,1.2734495469025797,1.2488223831947902,1.2274735594693436,1.1590588046470942,1.2257127809779174,1.2241493357740636,1.1513005484411942,1.1350422098427533,1.1348357195945167,1.1657672966779586,1.1722771340961682,1.1659011391050262,1.157235634509967,1.1633131516290702,1.204757028539002,1.2152543335607715,1.188837476516377,1.2143604837949513,1.2692450651521483,1.250416437175073,1.1646756803398148,1.2019851814554958,1.1859314693576555,1.234355826984763,1.1875521444717976,1.1523593161180858,1.157947708414751
1.227713422528598,1.2655770229857466,1.230249015858395,1.221924181275457,1.1277409134324208,1.2665101076567797,1.267694464603285,1.2230439514522056,1.157924247957993,1.2115276201077152,1.2128648285196766,1.1486297448918352,1.135187558589113,1.1361364512171477,1.1674816359876372,1.1764858608660285,1.1604060677871164,1.1450957659298797,1.1699890363749696,1.2236176020887743,1.2328401533845106,1.1856684581656423,1.2302794329609217,1.312005097166809,1.2605634394132712,1.170237860385657,1.2038926568348474,1.1879913501996668,1.221831253958508,1.1895586736382135,1.1585173268595013,1.172905048601744
1.236409864902333,1.2754395184549912,1.2326867453029369,1.2110581924180157,1.1453182730832407,1.2695312788766044,1.279022480484085,1.2158699572452296,1.168896307645037,1.207299778208741,1.2256425809614602,1.1570503279302051,1.152463089702433,1.1447287528886556,1.1758508759790536,1.1817719370379156,1.1667119529089867,1.1587207654875724,1.1909342544840993,1.2357771671470665,1.2436764326635983,1.2046100265816369,1.2371850016258852,1.3055853459058684,1.2678545638471443,1.177646804577643,1.2274464849394917,1.1953738777960128,1.22135962762425,1.2082032558023532,1.1784840325837365,1.1767474873216357
1.2329796276285472,1.2728137138830566,1.2246504609773394,1.2161481444939202,1.1230019354696066,1.284398831649103,1.2739324154622313,1.2129031408969388,1.1515585355477687,1.1916037806846242,1.210622730139753,1.1417942019345328,1.1359741610303857,1.1422298805249917,1.1792829896393517,1.1846147699036864,1.1690607994115647,1.146477708380995,1.1723447726560783,1.247529597622224,1.2456430431996235,1.1920505747847339,1.239132465486332,1.318733052830244,1.2745889937826849,1.173212007831404,1.222256115170409,1.189474183849106,1.2125849190805522,1.2059124571009023,1.1602996760146473,1.1822148606387464
1.2336866692217168,1.278440113010973,1.2195468289775837,1.2283846064099417,1.1463298860390847,1.2796608698085992,1.2713018251157506,1.2272997857007373,1.1475735248027157,1.1975571447600855,1.2062338137309938,1.1369377744937086,1.131069527651214,1.1421450370827237,1.1861839556704796,1.1867000214993466,1.1664317602228873,1.135276857647792,1.1637100144140227,1.2438072132792715,1.2383695771119894,1.1798664200212006,1.2289455121160477,1.3150336906019982,1.2635615694931817,1.179358875087168,1.2272004557686942,1.2027381856816464,1.2308216213723249,1.22528549333081,1.182499552948871,1.183542703682074
1.2198921644702145,1.2667000944337488,1.2346518215945423,1.221511337342205,1.140961222514213,1.2656669215566168,1.2847243081021633,1.2328917028314437,1.1532486157044155,1.2031465662120822,1.2156348834402877,1.149444591255382,1.129515906441413,1.14897096456766,1.188423664007264,1.1851192875524894,1.163458874646405,1.136640116505232,1.1686214618805848,1.2392826658269496,1.2317927873616543,1.1771029796579455,1.2312954618042535,1.3004843685775394,1.27483843627079,1.188362669991367,1.2325993766508525,1.1993136637206787,1.2398597406757739,1.2273607884099123,1.1738366434596061,1.1880595249028447
1.2402632176561164,1.274000066439372,1.243812534061547,1.2081202415784391,1.1388149375575805,1.2733320755921889,1.2854737041914266,1.233111102647378,1.1575016966411036,1.1983781450607767,1.207814281426644,1.1592385831933174,1.164377770087518,1.1801865261770226,1.2236778210745158,1.2120951993593665,1.1763488959635393,1.1382714593834653,1.1759554345364474,1.2299325418738167,1.2381080286379196,1.1874424845443476,1.2468876186033628,1.3030105865162391,1.3033368710744984,1.210875022095713,1.2695094618162912,1.224515976033133,1.2654669748369425,1.2426728165795828,1.1888337510718392,1.2164683858577388
1.2537828924746066,1.278195838313188,1.2527276496726945,1.2356476327341792,1.1514583234778188,1.3062281751396212,1.280799003839626,1.2204062504098159,1.1601575976398384,1.184620898308552,1.1959840631241898,1.1659889447735212,1.178029726398843,1.1904271649134301,1.2220961436020514,1.2191543225282582,1.17543496883879,1.1353550557160905,1.1711059033093498,1.2323328379010623,1.2423639059669849,1.1882611925869286,1.2275505290193252,1.2990365713947494,1.3093947981505407,1.2153895023461954,1.2762725860570012,1.2368141454296064,1.262989004827643,1.2648339650802374,1.195604385853436,1.2236601774966747
1.2767137113957294,1.286330197348697,1.2526322745107819,1.245331539760852,1.1444719825401222,1.326178699032902,1.2538838266280443,1.2049812281572339,1.1549159795590322,1.1742890935186736,1.174415403245997,1.1538311499387168,1.1732375180909147,1.170964225917493,1.191734638124823,1.2034720595524877,1.1754475449861985,1.1328645972395162,1.1679355339103958,1.2504080958029458,1.2576055592857487,1.1932811305161724,1.2410463494884225,1.303823384281923,1.2937948640526604,1.2196772895584997,1.2767867172186183,1.2753399158557093,1.2806263227207413,1.2822084717929965,1.2086075261716298,1.2119281692089992
1.262288567748034,1.267730917718843,1.255311327704516,1.2370484864830014,1.1552738807180585,1.3225600620353273,1.2565071662156506,1.2128916997409394,1.1606335005790755,1.1709774709714569,1.1506431614267862,1.1378277505618328,1.1734764981759862,1.1445298067272784,1.1608374947838533,1.1783484442767536,1.1494474343666308,1.1322297659273326,1.1710651756312294,1.2205362760977212,1.2509804157252122,1.1908027915941581,1.234546758210151,1.2829136386326396,1.2881763401537718,1.2086190063952484,1.2576276361289584,1.2526849225432009,1.2767841686253258,1.265569853677329,1.209009708524254,1.1936060554855963
1.2432016468044829,1.2943492077394143,1.2567373923187475,1.2556779389490151,1.1797690662910456,1.3165674361127266,1.2672719651513082,1.2205368400870942,1.1550040087571387,1.172620271071955,1.1536083450636319,1.1316577717795147,1.1758160179995603,1.1321287183698239,1.1491952033457833,1.1698063373464007,1.133140741498174,1.1146961012915015,1.15644423329111,1.1932048416813184,1.2295902563860766,1.1814133110379916,1.2257742595024719,1.2476641289897816,1.2745091836762603,1.2161594841731262,1.2416084897760842,1.2241746427560922,1.274045729802731,1.234246021555495,1.2116819205528229,1.2069427141808151
1.2398312695355607,1.286233268288582,1.2593602912363477,1.2383572934870632,1.1614301452561617,1.3182158008897875,1.2376355566715296,1.2303013360853983,1.1535033843983686,1.1825253276642507,1.1525246636117341,1.1285766495532914,1.1758147499858667,1.1330460807738612,1.1537664896038333,1.1694619086719762,1.1328508124936134,1.1035791733437135,1.1525414275209254,1.168030262431703,1.2207839612030293,1.1870383239026865,1.2277656089327413,1.2307310044558135,1.268531204700504,1.206545862361732,1.240585535241909,1.2295149754223154,1.2833828046369087,1.2326479200524854,1.19179648491519,1.2043909307459768
1.2403209427518946,1.2753827520403807,1.2572209579744253,1.2490277628049655,1.1752692096827004,1.313180049763179,1.2338810911019766,1.2157766944672626,1.1617708491327912,1.1713832837124039,1.149314117469416,1.1359849074805086,1.194939030303803,1.1558395276845275,1.1682333288827138,1.1928840546345507,1.1508191323012118,1.1064472827237475,1.1504080557307683,1.160008247694308,1.2209039691141412,1.1851432705781695,1.2325577990478358,1.2170532147340705,1.2730248639967037,1.1964832533014425,1.2418749628755252,1.2253154331156142,1.2944433403502136,1.2301446022504272,1.2087186804133783,1.1837942326845503
1.2664867041813261,1.2657608780443195,1.2629485644743996,1.2444358827665916,1.1880196242880923,1.3068749945461309,1.238990572710131,1.223881923039942,1.1603198753297173,1.1760651097715227,1.1468558523550882,1.1253278272684002,1.1886306209032877,1.1380434901528915,1.1591279385838043,1.180347645796912,1.1354131555440592,1.109469726511255,1.1648796329198072,1.16563657275003,1.2258089421995686,1.1984323593537447,1.232934975726854,1.2155687297879234,1.2865798100392034,1.221937547775918,1.2392802792204098,1.2357560671952175,1.3147541593371037,1.2516623805890972,1.2267914424576216,1.1798901926773888
1.2669844733888658,1.2754232726241126,1.2723013008329416,1.2252286035654387,1.1891580486259157,1.2878722309352704,1.2588925212995972,1.2278928597876513,1.1845874308363475,1.1842857571441374,1.1821042933969261,1.150968764618774,1.2047689625313551,1.1450416104680947,1.1488342225998909,1.1702621011738124,1.1303064215798628,1.1129651636170406,1.1648482856379174,1.1607121608119901,1.2244405247611196,1.2059347992512932,1.2390412142052467,1.2170589073199727,1.2920337496121588,1.2211773620532036,1.246220573762822,1.2389306193320653,1.320175010553426,1.2365182599092055,1.2103732358371286,1.1789000205407425
1.2687799544561507,1.274695416882878,1.2637784756042991,1.2356556866914703,1.1796123864710881,1.293078478978573,1.22616709049859,1.2244740143562975,1.1695888859947943,1.1692004564587715,1.162933683960865,1.1354276676632333,1.1986148889949033,1.1391276097138299,1.156077429187378,1.1878225750252853,1.1509443134721997,1.120870635044438,1.1624652854858053,1.157551499624519,1.2242716503182633,1.2074515753784836,1.240343814085306,1.223912828563272,1.29427006339872,1.2207325040849126,1.2468285807865074,1.249047955515303,1.3138450496885612,1.2493586772453824,1.2133014102548674,1.189374945156926
1.2786109989089829,1.2684083502802206,1.2570039351153657,1.2549032506178308,1.1841356260574847,1.28464220408797,1.235226065992336,1.2321657303535218,1.1839303308526035,1.180165377976388,1.1842955194829452,1.147236339862278,1.1866964003358649,1.1404465594246722,1.15400570243418,1.1737016340791975,1.1470352002719886,1.1269415095626572,1.1746002395974697,1.1585572239571695,1.2273591765792282,1.2009436537656983,1.2466610029372458,1.2360037363910314,1.285108511495506,1.2165668410568393,1.248389052801815,1.2580698422640797,1.302761685405413,1.256197323726985,1.2190423393727456,1.1669550288810462
1.268679807208582,1.2681278477168625,1.238968993375763,1.2380925022520457,1.1872049028360876,1.2577715246203456,1.2285593089251405,1.2200589291623236,1.1567001312871368,1.178724348017185,1.1819698626606001,1.1308527431537696,1.1640528853689749,1.133031902374545,1.1472041597266767,1.1691923082351112,1.1457607784111148,1.122137782143691,1.180528830652826,1.1678356706250639,1.2317208723003452,1.2214114491263406,1.2609385246488498,1.2487783723872308,1.2776385139182989,1.2118924000992821,1.2355425172214398,1.2531177132954443,1.2969314319613001,1.2404196341423437,1.2157361037266803,1.1769338201474426
1.2646849859689038,1.2811758073178625,1.2647998974821386,1.241420086681624,1.2010905670456797,1.2346593324607258,1.238717270366126,1.226220990906792,1.1577837298028653,1.192597209461347,1.2073506482569716,1.1440429280615911,1.1809259348745351,1.1526447181089399,1.1658217927437415,1.1809968026120903,1.1569182213919404,1.1334221159116074,1.1968698095210586,1.1623024102333295,1.2158045455354947,1.2073930494625336,1.2352990001910833,1.227215167620709,1.2608642771004503,1.197195926642888,1.224340547868191,1.2361951436595342,1.304175946477364,1.2434798266194764,1.2095020814175939,1.1704383995322596
1.2723970410913252,1.280727259020368,1.2570016127247732,1.222256399920686,1.1909377654918738,1.224530632894926,1.2645814040287764,1.2330632655440206,1.1575982857218556,1.1952502865513348,1.2271473260764019,1.1357356707359783,1.1590046955104452,1.151456472853836,1.1813146191801633,1.1974928925023267,1.181419513963186,1.137092429337908,1.1899213339484234,1.1719284199989886,1.2134010859881044,1.1998427071904338,1.226476093711748,1.227341111733981,1.2527371224857262,1.2065630494337072,1.2473999474209037,1.259148297651742,1.3204111618249386,1.2630380423594347,1.2123254576279112,1.1857800506977598
1.2594506357324446,1.3010470367349558,1.2685185782689652,1.2330441814881379,1.1945201215369399,1.2513081439773173,1.275412766332852,1.2359842428780357,1.1506750168869122,1.1874437288719968,1.233511635725714,1.1478704001443656,1.1613709650783977,1.1538773082054314,1.1837610548855508,1.195427685463006,1.1866343559070047,1.143102585029273,1.1887953641124809,1.184864290178892,1.2132098718760898,1.1794589171995378,1.2170366553473149,1.242734275268326,1.2723523000615835,1.230027036564116,1.2617104366108012,1.255096559722031,1.3076360387704762,1.289240068458123,1.2267688604958387,1.1806001908934312
1.2600187228684763,1.2853544973275302,1.245624631180801,1.2569384061061897,1.2118896065049147,1.2602505084905962,1.2745409955651055,1.2269222712003045,1.1551582282546817,1.1904143001165335,1.2458329757668973,1.1578863366481782,1.1618808819908117,1.1596806955445462,1.1913713656101663,1.1882109165423602,1.1700006556450162,1.1429751248329605,1.1881458542333163,1.1934801102103851,1.2196634799334642,1.1917404005257055,1.2209413971571115,1.2482408444570996,1.274063102070081,1.209297121000681,1.253760494621149,1.2385660089697208,1.2953621093212417,1.2789111092280863,1.2130785426976751,1.1761801388757414
1.2550505410583355,1.2857940242604227,1.2502734430941216,1.2460694785586826,1.2075017797994465,1.2608686296978358,1.267053612738334,1.217441990170645,1.1483896598276455,1.182506038215423,1.2301362800564841,1.1504395896685202,1.1683109442251676,1.1493033093008984,1.1873349495887437,1.194295541507728,1.182653949510528,1.1663148376091679,1.2076636982015674,1.2110237219519078,1.235681975905681,1.2101925455582767,1.2412892515301222,1.2617143235765695,1.284848735436429,1.2304898795184225,1.2751423247586817,1.2471211487657508,1.2966253801712844,1.2734984250590196,1.2219561118874962,1.1736093144365203
1.2574503386569178,1.2868536873442857,1.253902327077403,1.2514481754534879,1.2020062280525914,1.258706985860729,1.2784591032527968,1.2216640442511764,1.1512184823736518,1.1980834850903708,1.2499303117254974,1.1466271639957042,1.1756853888640397,1.144096566959955,1.1874304817992714,1.1911622409474287,1.183762074219725,1.1621200224435768,1.2085520292513665,1.2159090300979871,1.2408232137629984,1.2116890185326945,1.246057294214442,1.2828579775508475,1.2795380329650297,1.2233787011282076,1.2679981700562233,1.247186701182565,1.2785216214746358,1.2651729261225988,1.2046316535862844,1.1758520901055607
1.2511742305631932,1.2779036489631883,1.2585388255898788,1.2514847276311645,1.1939577833219503,1.2670102067366422,1.2781581943517384,1.2253555929558448,1.1573789769170526,1.1955207326455382,1.2301110800093744,1.1510545866211883,1.1752415952659132,1.157713583211401,1.2066999530351732,1.1998378726796086,1.1887588956438364,1.1635943565696667,1.1964094869173496,1.2040294563265992,1.2151796617584762,1.1935705601509725,1.2205453334807312,1.270202393989841,1.2698301167213926,1.2326508366311013,1.2697018821543524,1.2505761730986302,1.274503686626243,1.2827897722736628,1.2167387567016492,1.1764199941079438
1.2560836247127676,1.280952155986707,1.2618604443253891,1.242696771896158,1.1795416226940412,1.2821380734600882,1.2758209445494244,1.2281845792853998,1.1452746618880953,1.2018621848706075,1.230533198475933,1.148307517009193,1.1640193524606905,1.1541241592612312,1.2018602821574937,1.193114497848115,1.1843208592687153,1.174228145932715,1.1959468970608305,1.204934647222225,1.1988537406520634,1.1910364084003058,1.210149750689597,1.2557622477334927,1.2564908373144803,1.2048483310434621,1.2581249366071192,1.228909866778422,1.2716593025538974,1.2601029931352066,1.2005256556245592,1.164158638497323
1.2291285659267006,1.2893385076044048,1.257370226749668,1.2309787398889833,1.1784286665821948,1.2781333006012163,1.2868908077552055,1.2238504673864414,1.146043832715709,1.2152633986886747,1.2458625154083682,1.1616181765990248,1.1851381488634154,1.159870832835341,1.2085281939205,1.1904924608104428,1.1819669164047601,1.1771107524214213,1.2084572073902728,1.2267679846023298,1.2164423164589242,1.2029848961844392,1.2215848647379368,1.2539390703529962,1.2614984403632488,1.2100790179073513,1.2455380943829022,1.2074295604047833,1.2778210220170068,1.2572398426515765,1.1970231681876946,1.1647079740231547
1.2519705863250659,1.2872326092774744,1.2643215615718533,1.2377259257399873,1.1839907653729953,1.3003396681588464,1.2839287885478363,1.2221188374642837,1.1739710674464323,1.215980216340762,1.232773957224411,1.172662223747241,1.1704994033188922,1.1631603781657358,1.2106122443954936,1.1987355018731207,1.1870752130868105,1.1757725139414488,1.1921413801345977,1.2139620665255848,1.214264164735145,1.1836632342347742,1.2182974048144908,1.2654588590515221,1.2760098067377459,1.2112489061657328,1.2464762038454296,1.2139370341719176,1.2983483775576112,1.2484764369452088,1.1970264593341602,1.1707299020412743
1.232900144251369,1.2676647828176197,1.2615525226504787,1.2462140777616904,1.1891654358269685,1.2943087317898643,1.2880426830724934,1.2150343590814243,1.161204382312099,1.2279774192673722,1.2507078652938661,1.1818176937942193,1.163236687003502,1.1664603057695289,1.2150187563169548,1.2024010496449273,1.186894379061095,1.168481182405589,1.1879713258488012,1.2141474591124728,1.2085170593882937,1.183722268010486,1.2241295956127227,1.264584596718363,1.257801673404809,1.209251227801597,1.2287687071418567,1.2038730660594623,1.2558810983581277,1.2338291130330805,1.1933648036198432,1.1493866163228703
1.239076693832792,1.2668225485401423,1.2612092495836604,1.2428033263626859,1.1886029589379827,1.300670086317974,1.2918680767112793,1.2162074883250267,1.1623879328630022,1.2202845520808803,1.2290558399564138,1.1823908511872094,1.1659314224483788,1.1668177762794332,1.2117131134901897,1.2014825324824705,1.1908428213738578,1.1726662164885988,1.189032189785593,1.2376609115569799,1.2267681876445211,1.1866928166306616,1.2122191307387256,1.292555365351861,1.2628632557128154,1.1790591562814294,1.2114025831808877,1.2045799306478828,1.2381641114558986,1.2240788505334756,1.1745802861452295,1.1542547858990304
1.2492313363258971,1.255184805165432,1.2696898529022493,1.2450033938572047,1.182543980936362,1.2879690897442642,1.2842720902135463,1.2169635102282679,1.1681353143177071,1.22047133992141,1.2363325267440994,1.1787428136189377,1.1499514585412753,1.165473741442113,1.2032866759997936,1.1984010943278003,1.1876260661617468,1.1621341638060017,1.1745035263792423,1.249442520115704,1.2228939401562742,1.1693163468405041,1.2080620457827465,1.2984934568372795,1.256214408052708,1.1719991791935676,1.207260565023964,1.2093562771479678,1.249631785777369,1.2397675745889352,1.1776409748452605,1.1450425592127569
1.2406835315732612,1.2615364909733968,1.272212176072329,1.2492311708181856,1.1738813271531445,1.2846554199685845,1.2941710759588354,1.2099901743594081,1.1653986206880658,1.2191376618333385,1.2209268542297684,1.1772254899462482,1.1549479555087554,1.1603767774657998,1.1887611940388814,1.1803257523918793,1.1720840223957725,1.1582275208783175,1.1600755070165512,1.2289253188689515,1.209172527897765,1.158063884613865,1.1892358856688183,1.285291984329791,1.2281612541771512,1.166771681716906,1.1902013839507153,1.2058559968590257,1.2456276394101395,1.2398306135430956,1.1677608687450571,1.1651077857443137
1.2166175641910983,1.2617725917478078,1.2652058520033111,1.2516387758367744,1.1640239945855446,1.2772499123282046,1.2796275661046579,1.214532527036715,1.1592298334165874,1.2073722839837895,1.2149990582928265,1.1758198706609182,1.133606506250255,1.167944856420302,1.2077876773212297,1.193258135761544,1.185935250520884,1.1504497562779554,1.1458155362019404,1.215575617278328,1.1925231398110283,1.1495296512940634,1.1753576246814688,1.2625726755064428,1.2130033069895758,1.1669667728266908,1.1845647660448106,1.1880592232619223,1.2408091939722834,1.2264673404387532,1.1548125138375922,1.163182323229659
1.2140789018474196,1.2758923613278677,1.2797792436735227,1.2518936103885845,1.1842366939503257,1.2664434024865503,1.276574488790483,1.213717498440516,1.1719590016336798,1.1982935086532793,1.2093837212780885,1.1866847726949739,1.1456327035694687,1.1707179867132251,1.1971897599751302,1.2089088868819315,1.2035405699587822,1.1473423128169915,1.1540285517357523,1.2125095443420295,1.203643621376157,1.1565831409515148,1.181927492086778,1.2686146886506944,1.2212958233266114,1.16428714259522,1.2070593787793817,1.1951366101546372,1.2626183671839728,1.2337293741952398,1.175975831098179,1.156080673629096
1.2166466284888335,1.2980869953641676,1.288863333004587,1.2736506973476545,1.1878681260653785,1.2793577378253975,1.2760559965669345,1.2138519844972646,1.1756570685190488,1.2050897172723176,1.2235162674160778,1.1877858003856703,1.1379541934714137,1.1631450351558912,1.1804135459884322,1.1955160031026273,1.1980436708891702,1.157534379947466,1.1612912689620023,1.2276740768366343,1.2170030701330212,1.1555833843855718,1.1801225961790776,1.27244845369248,1.2150491840266666,1.161192217032819,1.1918235513637654,1.200511433680814,1.2373778075846198,1.2451929155870478,1.172931068899121,1.1643146465091352
1.2178446006173456,1.285521348945562,1.2780060691560386,1.2580125548054537,1.1938043482214635,1.2728993132094468,1.2744334680544547,1.2201839304716773,1.1810135713965524,1.204940677725223,1.2106973206591298,1.1907565259111386,1.1359376352578296,1.177230480253931,1.1999395296706465,1.2096869144476323,1.1955128971241344,1.1475643781931548,1.1594941724862446,1.2035919134120063,1.2033067214302486,1.1549548852379212,1.1823304051328805,1.2611387425150598,1.210676605871953,1.1550752030486584,1.1823440756064407,1.1965502582935548,1.2321631969905482,1.2307878256330238,1.161412579918667,1.1737851267765858
1.2151585619981866,1.267807331524989,1.28281168339729,1.2420723468997923,1.1819551094846852,1.268737841794353,1.268536233076868,1.2380928015978037,1.1744099960942724,1.1949199072331116,1.190757371988218,1.1800816826583647,1.1265220670692877,1.1569888351348645,1.1821340618498415,1.2040269796189278,1.1910893470597779,1.1380919447807731,1.1594746031905838,1.2022355172189212,1.207817177630085,1.1544035364473046,1.180434368430294,1.2680900755140487,1.2094720800604601,1.154238241844561,1.1877280150110903,1.2157443308702243,1.2507580945313155,1.2347540578318794,1.1650617572558921,1.1748385997235251
1.2145730581060914,1.268795384417519,1.2761784192213501,1.2389515078338287,1.1771238235562578,1.2571818057040263,1.276767430844965,1.244088463289128,1.159885406236374,1.1886109219351897,1.195540912088546,1.1692746623355657,1.1305906910678187,1.1553098253315455,1.194540223625777,1.223752404762422,1.2041633245268881,1.1426375818143284,1.1662726148890226,1.2150982249820246,1.2257217323344094,1.1723756235134015,1.2018110146558543,1.2777962179392333,1.2323626854326355,1.1612090471122578,1.1880173238133038,1.2253409415753294,1.242849519154498,1.239667946208881,1.1564608025017828,1.1757294470158297
1.2346540011918,1.293007562848311,1.2727286237831483,1.2418367946925613,1.175298946083819,1.275200141985144,1.2705296981030838,1.2389780602527576,1.1624699287359812,1.1908371209312638,1.1730980076853859,1.153661582442125,1.1324332600699907,1.1510135113449744,1.1997972686252996,1.2233145495784365,1.2045434758794786,1.1469371111527813,1.1660452042968827,1.2069350666255112,1.2187222756488432,1.1781287718106905,1.2106344439915544,1.270012111190744,1.227283408375001,1.1794220546388376,1.2050869402233684,1.2413914870773288,1.2542117430945074,1.2610369608528016,1.156775667808097,1.182261016929692
1.21596555476346,1.2703168520161279,1.238558763777334,1.238687485317573,1.178081489391963,1.2940855222642063,1.2260130878566409,1.2609324000118705,1.1620149625869853,1.2143039164236529,1.1800244561495112,1.160456686435449,1.1411104439524378,1.1626535369282207,1.2141041106169392,1.2361496866864456,1.2170919942019327,1.1638363998603958,1.1730314549155487,1.2110727770463363,1.2233889969458274,1.1951656862081674,1.219763855305177,1.2702690764007123,1.2203068776725328,1.1731305906115772,1.196801455623404,1.228108086186341,1.2493086778469966,1.2507835466903452,1.1611291299432565,1.1908985769961606
1.2249099179649439,1.2654368556564024,1.2401697565080185,1.2380754871690833,1.1980301760700713,1.276874539223768,1.2528482381744737,1.2610752227495312,1.1808418091042998,1.2236190213364686,1.2108216981778062,1.1809079850109534,1.1463247011602589,1.1685438231486978,1.210977831575715,1.227780058901193,1.208413482504192,1.153970321358856,1.1764809806507293,1.2131605622445065,1.2294467970844052,1.2022022556427185,1.2358933295075483,1.2813003276157922,1.2490795164038442,1.1986160524344183,1.222744307881672,1.2375517911403,1.2609076673434947,1.238202287084742,1.181592869237998,1.1948785819995829
1.2362692376703333,1.280705887541502,1.2441840167421803,1.2240441255067183,1.203226619617146,1.2764804558380156,1.2647430491117817,1.253880829225619,1.1879658080155,1.2216160045897548,1.2062353475528844,1.1715745069026677,1.1497141177449228,1.1683215649172747,1.21475366802289,1.2331735753029611,1.2127227209033804,1.1612822011096535,1.1743172776393378,1.2219837605259989,1.2309176181329917,1.1857510419586859,1.2267028453858824,1.2818063543040308,1.2484569051591132,1.1819628243665663,1.2050523494259153,1.2368546363010156,1.258297344484115,1.2465970528191028,1.1728686294196269,1.1851700240776641
1.2648516614979783,1.3042387478791684,1.2392372132054437,1.21600098316007,1.2056783292543063,1.300968227811346,1.2384932455535262,1.2451781520455434,1.2021695199065492,1.2258834480592857,1.2021898267670441,1.1713159606130723,1.1553873806053714,1.1607185203632981,1.203056423261984,1.2252155197768113,1.207979151414551,1.1646327252135338,1.1771248073039664,1.2286163882124326,1.2290609778245714,1.1915006127922685,1.227643244793874,1.2830981330535194,1.2578433031880671,1.19352561212927,1.2113192351844417,1.2327109046956322,1.2689085481541444,1.2516299223314367,1.1760611368429095,1.1942998785898626
1.2965849084178531,1.3009919902356113,1.2402195307061876,1.2090954697765701,1.2179582503001432,1.3030436828138947,1.2452092228883072,1.2313630638109527,1.1871220054076177,1.2550819987824817,1.2211748812964613,1.1663339396511616,1.155037169439013,1.1616056855236871,1.2062162393196554,1.2214403033163364,1.1971383575230956,1.1768429477887001,1.18550699532159,1.241006237957588,1.2386718638133172,1.201093251738194,1.2367152529356662,1.2957078309755223,1.2654573372081213,1.2000636679057044,1.2131424621641287,1.251019210503629,1.2897212724826768,1.2576448915057756,1.1811494957658575,1.1950920607744238
1.284010342994586,1.2778720044106344,1.2379637471998046,1.213295417875514,1.198537040683281,1.2997909466217932,1.249508339221813,1.236093672539318,1.1787647171372861,1.2668933146290922,1.2187756390568278,1.1652247439277041,1.1609648727833923,1.1631729019062538,1.202032763469029,1.2234590955657836,1.2035157838743091,1.1714544210314068,1.1762720350120854,1.25270862381524,1.2351867361950137,1.2036862029777424,1.2292421508745461,1.297368480143155,1.2805948449743865,1.1964749547586753,1.203100307432997,1.2493448285946536,1.2935706731355063,1.255825913783661,1.1723001906559154,1.2117638976573817
1.2987134433664984,1.30756490443871,1.2360060794007222,1.226833512125262,1.2171257552389738,1.3291552802069315,1.2644055073191318,1.2643764609745014,1.1904809980724085,1.3079046915475845,1.241567902211139,1.1918855394704249,1.1851986617337187,1.1825725418449624,1.2140693243438028,1.2383953659020912,1.2295982799083498,1.1981576514003118,1.2000163779215836,1.2677628426659253,1.254993392972906,1.234950213152876,1.2525172763943255,1.3036748856819331,1.297220862223749,1.2304590747015476,1.2205929960230237,1.2551139472410175,1.303143043121182,1.2616313117622235,1.193459463661064,1.2390281918223276
1.3295617213741864,1.3259586081768455,1.2427263746034898,1.2446975669755103,1.2235600417039125,1.3120609345275376,1.2640443960814713,1.2388986054426636,1.1877706948800637,1.3093315779759531,1.2353162594067224,1.173947735512524,1.1744122462401931,1.1745229297620683,1.2079193275915665,1.2301898788572874,1.2274997062889013,1.2020290481230342,1.2104896491596042,1.2910031872392702,1.2743445355825431,1.2311874714881024,1.2594555426474965,1.3292144215906347,1.3126951917158505,1.2430667380275984,1.248148776348382,1.2697156247340753,1.3132969827185184,1.2692277709737756,1.2141115336028159,1.2252540629358233
1.3436396746728139,1.330524861275632,1.2493913046908256,1.2599223508045936,1.2325200442430735,1.3328179336930506,1.2572397767501247,1.2358606619490096,1.2021523062481576,1.3072737260063534,1.2510120706894285,1.191028510121877,1.1919772183792274,1.1807659399035886,1.1927299496656765,1.213886299474561,1.218523980455257,1.2081804295615792,1.204222561878936,1.2908089622413177,1.265594594047271,1.2364136551018616,1.2486741293127348,1.3194725784184538,1.30118237571633,1.2585063781957067,1.2730317442877994,1.2771328646832312,1.3453434049452238,1.2763642164993545,1.227606439086783,1.238172112055225
1.3293959679513185,1.3249267582342732,1.2519422779729286,1.2572052916529572,1.2476518714253646,1.3169980777473125,1.2670023102217627,1.222505764384115,1.210501405653673,1.3072120218708636,1.2703507519440156,1.196931868512083,1.1974587300863269,1.1859125469407357,1.197990478561948,1.2176043859028025,1.2146053964154648,1.1950795087917139,1.2011409171435077,1.2809632475487869,1.261270281264775,1.226503891027222,1.23758540794407,1.318734465453971,1.2956941825856334,1.2495244460495996,1.2632122953521527,1.2581232568032845,1.340223464241219,1.2780457611850196,1.2299575565891063,1.2289077173269856
1.353322116429502,1.3303488691648646,1.2721062542231125,1.2541395437927485,1.245817956797803,1.3161884919878102,1.2803598553723978,1.2224480665638493,1.2151982836292055,1.3233782901009914,1.2863685057668144,1.2109085694752058,1.2124083479801222,1.1957380712785164,1.211548897853374,1.2314631993754674,1.2367065111367452,1.2088516647059997,1.2104385187062823,1.2765546354839932,1.2606858972578308,1.2383299530969425,1.2471862653266128,1.3240470185015458,1.3173344735741739,1.269187239251314,1.2850633108670315,1.2795024953967273,1.3607133760288928,1.2977676618854719,1.2493982812496651,1.267305936819382
1.35127244532632,1.3354599196328574,1.270826175032268,1.2688609212692674,1.2500312202822745,1.3238280388183488,1.2652011066055875,1.2267331883925137,1.206527890518684,1.3299193447756585,1.2903962866606915,1.2059442105869242,1.1964073396714385,1.191690361814536,1.2234610526904064,1.2310961892482597,1.230622309177226,1.2008451957909547,1.2027922749814919,1.2773941983055972,1.2557529659997255,1.2279397340006795,1.2416597876320348,1.3357782902450286,1.3130628198598624,1.2806585351806916,1.3208912972632643,1.3050663671710232,1.3660271905144856,1.3176674208550334,1.2552993693492704,1.2677081467808127
1.3505816432605955,1.3254256190193519,1.2917190179559142,1.2686977156510968,1.2559861683311149,1.3383643944949992,1.2750690775268754,1.212635544915908,1.1979090950170492,1.3026033869788525,1.2672223896947523,1.188444222866766,1.200795876593384,1.1948668040086754,1.2310107422788505,1.2413863605541253,1.2382618589539316,1.1904160730112339,1.1992643404999535,1.2599012618466787,1.2428173804108076,1.238812442170321,1.2365615216676442,1.3082905733732648,1.2985510552606931,1.286699843754216,1.3128942566311192,1.299588460916415,1.371644331685762,1.28680594805736,1.264220466911686,1.2814516707490577
1.3336913058985838,1.3127699867900207,1.2720923955536014,1.264669695244926,1.2808095984867258,1.3190039695060651,1.273150829172385,1.2101328922491434,1.2035589621397527,1.3195918563934534,1.2774754016155974,1.2078129578271974,1.2019397040050253,1.1992165729621846,1.2374055423349994,1.2545656174406585,1.2498521860119156,1.1993506764280906,1.191192797696038,1.2535806203592688,1.2364448354573276,1.2175877637683028,1.2261384753478475,1.3062819427214616,1.3036236772919052,1.2807773912698233,1.322435993625805,1.2940919802405528,1.3576759454169665,1.2865618015039322,1.2660202633957554,1.2731161286776616
1.337059099325565,1.3232506398574293,1.247066100035275,1.2815126837944926,1.2886421167936217,1.3198834551479819,1.2805842614649445,1.219107353090988,1.1931914336519744,1.3015881903332787,1.2698954130214033,1.204975759757353,1.2003363193978591,1.194943824348853,1.2376045054328975,1.2560811801989193,1.25701740741949,1.2036656374683474,1.2002803039837124,1.2530145849532504,1.2459526237269727,1.2275475511803515,1.2543785532452256,1.2976884568833458,1.3196858062973464,1.2846951864957348,1.3386219461655178,1.302232861246126,1.3487250031576141,1.2926369699665274,1.2638171417600852,1.2785760739906769
1.3084590597811498,1.3209202362425803,1.2413340191635545,1.2465449525128296,1.254175562999517,1.3008991348196908,1.2691424347522475,1.206650198922912,1.171952648178175,1.2761975328834834,1.2660743413068685,1.1766095407214145,1.1740842515299232,1.178144973310106,1.228852916675002,1.2414240720080918,1.2440316351178649,1.179309232017819,1.1850427701647555,1.225306075045558,1.232057176026233,1.206557592297971,1.2438385086625274,1.2755988553218507,1.3123299570548355,1.2808032405311658,1.3233746536032678,1.2960581080308917,1.3286565340742535,1.285178535259996,1.2504203291504228,1.2497996421387298
1.294551193855309,1.2834430406590271,1.2345923990703418,1.2350059161490823,1.2418530174703994,1.2752475878382337,1.2866109417911917,1.1920202924499959,1.1669887480411696,1.2466920263736685,1.2813150198234986,1.1685161796551924,1.1710677098590185,1.1699815649135408,1.2288685225156424,1.2351187394928806,1.2207993868882547,1.1755024083012662,1.1841443823343751,1.2237620516920416,1.2345527971034258,1.213537106953873,1.2427896382386032,1.2795311445209365,1.3066348301151491,1.2709165094840895,1.3043554216063402,1.2808664241237957,1.3233319028556845,1.2870718559096854,1.240467554863914,1.2507540466365514
1.2920920263722389,1.285993417675841,1.2370447765445696,1.2391979285046473,1.2560302024041312,1.2580800906753395,1.2694324304160396,1.196153999058608,1.1505878549439252,1.2251414389300204,1.2737243099283369,1.157643811870883,1.1648163457412213,1.1758520712795673,1.2323088310225425,1.2359085085891943,1.2263582610918993,1.1744266870886906,1.1878240851828537,1.2205640382862473,1.2328351105103355,1.201897839202871,1.2306288611016647,1.274159940967043,1.3031524230636213,1.2500188286124778,1.3045184272047774,1.2790465789216239,1.3032459717817657,1.28388317019765,1.2600383666572048,1.2385892070484399
1.2681702498428193,1.303138020570754,1.2462106146371434,1.2313945370292765,1.2489321217964564,1.2440462397137355,1.2736992290779596,1.2064936498613272,1.1498003983540572,1.23611040811318,1.2685077837304386,1.1659739904127744,1.1590530532323788,1.1785326811970847,1.2280594122769306,1.2271819953307694,1.2116412403268715,1.1572257731447269,1.1790038615184184,1.2066346610154055,1.2121573702532384,1.188864095079092,1.2195183135391492,1.2653706198045234,1.2828937790328108,1.2448356422320737,1.278145655213495,1.2692684892536303,1.2947635944044733,1.2793053608540312,1.2511989833129633,1.2279593443046997
1.2716491914352346,1.3047950715409813,1.260907405061043,1.2176783723734848,1.2285835271106147,1.2383177684740938,1.259201100044233,1.2189973693296843,1.1548795112127137,1.2339995651197924,1.2606668737977764,1.1728656555215082,1.1710854987999804,1.1858901087868219,1.234469444735325,1.2273413042902033,1.211097359861814,1.1617231651230646,1.1830235695515825,1.2077303895036047,1.215767458437443,1.194504267842091,1.2205163985138592,1.2591844216004673,1.2790357841476094,1.2265378502430508,1.2695046950677187,1.2650349307336501,1.2833753422963132,1.2546901509725303,1.2267213894386253,1.2228865624977472
1.2508488517206602,1.2994480990209072,1.2503260681260615,1.226382902050644,1.221064370337126,1.2366228339067251,1.2749409830750982,1.2310280869379016,1.1641912317968477,1.2300337703211102,1.2636276553018397,1.17847142253611,1.1676413693626655,1.1873842281779579,1.2312789529171997,1.2232752980961483,1.2008407293351613,1.1517359091599784,1.1809914349404007,1.2109204817743744,1.2160826549654937,1.1974079819256003,1.2183701284230875,1.2529581592010526,1.2612106806185341,1.2064915882477876,1.248447663636671,1.2468378058634348,1.2773594825719647,1.2429712606119436,1.2109308541875952,1.2056870229681103
1.2515026397411357,1.2877541832527302,1.237254466792339,1.229851820506158,1.2295572931215382,1.2337758790500883,1.2768578044497523,1.253427038832868,1.176145063251269,1.250452081519694,1.280512356575493,1.1896855812283749,1.1713887404974208,1.200746473078753,1.2362275266191223,1.241681096745439,1.2241162561912826,1.1805202843278537,1.2085517473175773,1.2164562907008878,1.2260835948087363,1.2102832539515969,1.2259980936365484,1.2631790793451962,1.2631600422389107,1.2131449183663767,1.2538011152015895,1.2490802104719771,1.2708330073692804,1.2465036648915668,1.2199471268812117,1.198800653322419
1.2274360057014673,1.3011249039549229,1.2284074819687216,1.2177021364867673,1.2027923298886993,1.228651919282681,1.262942719074805,1.2419146151331966,1.1609764239592788,1.2351879993955988,1.2840746598276718,1.1851310178310033,1.160170313591643,1.188190400999129,1.218168115161059,1.2143417436793302,1.1997307265161445,1.1616558929253422,1.1936883249941295,1.2079094151163674,1.2168150677358007,1.1976019618228801,1.213163139771419,1.2685336567782695,1.2737678783839166,1.196379070825948,1.2360911484929404,1.2388166900734823,1.2502334898327825,1.2164428822206956,1.1964950736025497,1.1909493608395463
1.2178591519135396,1.305662495191839,1.236115575820246,1.2136395075266337,1.186636089207403,1.2380539721542,1.249814669752307,1.2199141369125202,1.1533078863213357,1.2308307506099057,1.2759019883325113,1.1708738900880478,1.1636682417465394,1.1871496145747744,1.2176191202578865,1.2053224360752324,1.1861073746831539,1.149257907155769,1.2001404599212449,1.2294861066464349,1.2285448452011887,1.2045495648338553,1.2077227438497673,1.2786935609977927,1.2536098683882662,1.1765976577501613,1.2229506500108496,1.2443839262107552,1.2384155223463127,1.2223975686594044,1.1761560918265295,1.1865117294024832
1.2361493311113612,1.2896895765524639,1.2550694103173838,1.2086553161444757,1.1832424517491642,1.2362763340252165,1.2654289365712934,1.2338610393904683,1.1615809211904375,1.232391159735076,1.2838229469542297,1.1766362965611263,1.1523543100237752,1.1875013809608146,1.2081813056141866,1.1906215176203465,1.1785142134119284,1.1410538517548825,1.1842268632069188,1.2217147498586778,1.21210275944953,1.188400169007904,1.1790179287992177,1.2690960804132325,1.2353301037789104,1.1673671311302947,1.2164917048341546,1.2356599773517158,1.250546549359159,1.2246779874353377,1.183344407940981,1.1638327044092103
1.2490780544418467,1.311368266438177,1.27960013417354,1.2156267343764209,1.1842870431999497,1.2395930717296937,1.2610510967945643,1.2112144543111703,1.1648850269462288,1.2379335883323987,1.2771130121396506,1.1840025351908192,1.1693977306922452,1.2003661867897824,1.2141661101582204,1.1955872588646737,1.1821672378230919,1.1548066967666126,1.191846037990443,1.219973530130208,1.2123630139235064,1.1923873440589046,1.1854174435390505,1.268912265360569,1.2341268700737411,1.183031517204086,1.2278362308833255,1.2418425137044786,1.2506418311370744,1.2269148451785792,1.1891177686828367,1.1752925402112493
1.2491155861423524,1.3161963085157484,1.2878345817942327,1.221266701878924,1.1824093256142656,1.2692395670789363,1.2560001879362745,1.2109549606611467,1.1657057537811184,1.235742113862677,1.2701608356511827,1.1875298052885532,1.1620500887823675,1.2107501973431003,1.2243215433509265,1.2080924746973059,1.1982638541258472,1.15305414503122,1.170777110433415,1.214475710392449,1.1917171931471144,1.1798857084268604,1.1660356846637174,1.2647200387150535,1.2303132798016432,1.1879371887705543,1.2178723375878966,1.2511738346792223,1.2568642757326907,1.2225481653375068,1.1740651314519466,1.1829009934963457
1.2411328542188866,1.2964779570743776,1.2676590123946985,1.2171675418032644,1.1712023276524088,1.2682805087897382,1.2527587929374198,1.2067053093803914,1.1687669157196392,1.2278291837290543,1.2548516813980666,1.1800028177406576,1.1742383122197781,1.2064596277275033,1.2171426648596588,1.2047238712345034,1.194887255362755,1.1642751947862386,1.182354493343739,1.2340649696008463,1.195524096615059,1.1814173107506833,1.1666461223105136,1.2677336727560813,1.2397902228810702,1.193898813128119,1.222482616020584,1.2660948981686257,1.2771569630777726,1.2573296972296757,1.1618471966737516,1.1769758812865132
1.2451139445533432,1.2865737953428347,1.2543109986689875,1.221838244065114,1.1884040865128203,1.257055772058598,1.2572970729541193,1.1978348141266728,1.1564135737002192,1.2239127067401916,1.2516704808799357,1.1777692193563294,1.1622336736348904,1.1994707410203458,1.2014067456708353,1.1938643125349921,1.1862937263124984,1.1627523282654504,1.166209306771289,1.238688884695058,1.201468941853101,1.1691823099882932,1.1658874095809735,1.275488858299847,1.2514552142644577,1.2190070262295118,1.2593278632040765,1.2674259379571748,1.2753993432115434,1.271465530953315,1.181198245132462,1.1890327278621726
1.2187831158876457,1.2834786194541992,1.2476910548699656,1.2232078035812128,1.189193512438698,1.2730151603499067,1.2612818531330507,1.1860298871847552,1.1424788640802241,1.2018053490575986,1.2384439371440414,1.157003825650267,1.1568014623001772,1.1956690345247405,1.2119919645993544,1.1977554476724321,1.1730636104123577,1.1497163681885738,1.1628031710042595,1.2309173601619743,1.2038697250255361,1.1735423393319093,1.1740975162591472,1.2693022491860375,1.2506310905236402,1.2233777181519419,1.256299962055919,1.2598807702939407,1.2768328383772989,1.289885797095732,1.1907277265640066,1.193471036206409
1.2223409993291554,1.2556637529904038,1.2661632474163842,1.2187670916648967,1.178469602763383,1.267839346300538,1.2562115445481072,1.1780776650076887,1.138925599274143,1.2140858544502156,1.2501721688340113,1.1490469346361252,1.1412895348154761,1.1793464079581082,1.2015535131555466,1.1818899567466032,1.1600441510807609,1.1476593325830116,1.1564929573460565,1.220727662373951,1.1934789760014024,1.1555171957393202,1.1588312157417635,1.248150289690723,1.246430141357296,1.2209132819401585,1.2644274083572822,1.2453437555907445,1.254870689657494,1.275004048075775,1.1800407098021803,1.1729824519492051
1.2391448798896978,1.2620762341318665,1.2777577278239525,1.2321073839561885,1.1853968946076996,1.268044055257309,1.2726564060243204,1.1776218227716402,1.1281636501920826,1.217187488307115,1.2570766808226608,1.1360034365159701,1.1284079097287025,1.1580853874782866,1.1896185200991471,1.1779202434820242,1.1591695534596989,1.1288760494359593,1.162599487200043,1.2354425406625438,1.216044585237189,1.1609772634872997,1.181102971615826,1.2618268604592435,1.2639861681722946,1.2303941373366618,1.2783014344122032,1.263921992018976,1.2664519847167683,1.2853263890481526,1.1959675865392738,1.163728732260638
1.2477657610521724,1.2459853030722392,1.278399813549457,1.2143647347724686,1.1640602927625059,1.2506522556902286,1.262965939696441,1.1899924151789931,1.1285687616867315,1.223375293719074,1.2341062906892895,1.1194363669794067,1.12259739167203,1.1301450040401309,1.161585657545744,1.1633560410114134,1.1530936858211034,1.138350107501694,1.1680201886806776,1.2405705393622797,1.2247111513480338,1.163471972000675,1.1861208960053298,1.2881588422289816,1.2749941776543132,1.2350608523465558,1.2667181535214804,1.2777175688503335,1.2902378539292412,1.2996535228794086,1.186980104334912,1.1757370593209384
1.2465290506993545,1.2459857988241985,1.2960846123550842,1.2404764670948845,1.1675044307967029,1.278377087754218,1.2727417262588738,1.1896826125630824,1.1364061370815608,1.2172398826961486,1.240679477217244,1.1497530679489079,1.1376711790082044,1.152598787808249,1.1883583824078943,1.1851906375903134,1.159339137456534,1.1396622163258099,1.1663927384502228,1.2437080477752205,1.2177569271782522,1.1589768196107753,1.1840673425833088,1.2970081364585748,1.2793532675654486,1.2422263661107296,1.2587662666090387,1.2695805684174981,1.2843844910092324,1.2991820024311422,1.1919403452563286,1.1815159809326672
1.2387518174703862,1.258291388381156,1.2844124872119334,1.2721655396757272,1.1769875180853204,1.2939536696828318,1.2541215848962377,1.2143639585206945,1.153175681943845,1.2309451858366058,1.2326785878156363,1.1595871907482793,1.1445743353226094,1.155267511532526,1.187120882811054,1.180903112836514,1.1586309335324707,1.1393944918931564,1.1637194380509246,1.2279006807759758,1.2062192461863315,1.149809515959166,1.1841905911687651,1.3040727158042482,1.293653827076072,1.2660033493188732,1.2702264539810624,1.2498865684506455,1.2776312559780858,1.294771037935052,1.2152116060245748,1.178005902281549
1.256840168273963,1.2375411135582395,1.2825517120130614,1.2482164952426285,1.1782558044014828,1.274088893865329,1.258450139340125,1.2264218137490408,1.139990680092048,1.2357602508738557,1.2438150548809017,1.157000644461945,1.139375315335968,1.1558619084226605,1.1935630748959734,1.19098727719233,1.1658367550412936,1.1534770393575613,1.1836128423559633,1.2517687647605333,1.24174083994711,1.1540276073038505,1.1997606919739707,1.334375088358558,1.2855998389636953,1.2526086979042221,1.2632307250175057,1.2719471111935714,1.278051009095943,1.2855704552554286,1.2166218580324444,1.1627878378725105
1.2597468501140066,1.2134141612476586,1.287952218085511,1.2482402993401027,1.1757968080468186,1.2906835387639102,1.2846742885435065,1.2136990266989796,1.1413123291804077,1.2417787666700484,1.2537717164575353,1.1615705786492958,1.142933004088753,1.1579435791409927,1.1959476550976866,1.1981924623318565,1.1648172974493578,1.1483619026945193,1.1792583283652105,1.2422656205908198,1.2243616293352213,1.1467203501380485,1.204973255160588,1.3164679509238666,1.2709614976864425,1.2450176103083317,1.2425097090165247,1.2253015330909691,1.2545796023986582,1.2634607080207918,1.209246587030011,1.1722212375363381
1.2509712374528792,1.2327648702696612,1.312589939003374,1.247119189823085,1.1650332055576373,1.2938590059355297,1.271999514147139,1.2068779829778395,1.1481071977721256,1.2519461263511897,1.258995132544329,1.162688901978213,1.1452399032599319,1.1488814974457724,1.1853288761991132,1.195088881863343,1.1655016318440796,1.1427342030505465,1.169686388314599,1.2203412354530239,1.2058561673002393,1.157838710789171,1.1926486711867335,1.2866562296135853,1.247820568345741,1.2346503705940697,1.2447527756548127,1.2087678336751129,1.2399587851691773,1.2553281826202967,1.2158307009151477,1.1777384260344423
1.2744953840523847,1.2202502710006753,1.3298672652619505,1.2636568170311762,1.183139969689997,1.2815768246952794,1.2782480427991378,1.220999468855148,1.1499354508750737,1.2814884940954436,1.2760945689606586,1.170474287306135,1.1395730887248012,1.1555974524790251,1.1951966036705015,1.2027031050097623,1.1807594932102552,1.1478674209701079,1.1748292836498964,1.2271890236566447,1.2046130657447758,1.1562931718440854,1.1885028470642658,1.2968941367994156,1.240159040932571,1.229681022854737,1.2197906120431807,1.2028407589454182,1.2416445664042806,1.2351814048547243,1.2142753691189583,1.1747126648677246
1.273528734712893,1.2184468903816186,1.329753722441453,1.2309150136852542,1.1683888326623169,1.282060706629014,1.2661524257605694,1.2255985030852294,1.1594928419991084,1.2740566734836096,1.2734348926816303,1.173551253180858,1.1498915758563584,1.1420496346635227,1.17352207681261,1.18955104893612,1.178817795532654,1.1514568389713293,1.1764833446359075,1.2330314299224376,1.214676606677884,1.1779896388437523,1.2092622186520168,1.2977118706510413,1.2720064936090445,1.2499038301633385,1.2179802925036782,1.2057297536017817,1.2420128083844795,1.2435809572689949,1.2042554003633654,1.1919205694077444
1.2834823460072453,1.2316694947785514,1.3155993346958357,1.2562575922099828,1.1740064738981766,1.3072378870383106,1.2658224608471937,1.2053841980725974,1.1533088747497557,1.2486034004352153,1.2639438404680094,1.1734477331999686,1.1488953701417985,1.150674315770477,1.1703156252934672,1.1853129637123883,1.170491371318259,1.1506753642861065,1.1703111914435838,1.2390048389310946,1.2170307684930735,1.171803966858509,1.2132434483708132,1.316550240761676,1.2894378705627996,1.2487241877199646,1.235241724325411,1.2235909386981834,1.2797053307509088,1.2604416150362112,1.2163216669041965,1.193727584569947
1.271946229498355,1.225817046321894,1.299108773051409,1.265618159745671,1.175892355883159,1.2805894149515848,1.25602917056517,1.2142416224021517,1.1675243949498675,1.252813601721464,1.2536286934875085,1.185800334389438,1.1548732973705438,1.1534842951335071,1.1685315605064155,1.1835220424590391,1.1629244768754794,1.1390899862315822,1.1542215074337618,1.2254163503594346,1.198529285171274,1.1645335644948227,1.2059440127877339,1.3082545571058506,1.2813341830813336,1.2491797494554835,1.2249672954817699,1.210242103866704,1.248218848185308,1.2531522679221099,1.2161650536672128,1.1856336102310165
1.2585447141606851,1.2271788093814484,1.2855088129526149,1.2571488100768995,1.170229214807561,1.2906711246797757,1.24743788022838,1.2083639659045753,1.1369071175123995,1.2265902309600123,1.238996904045422,1.1585254977678792,1.1407687475512291,1.135357424795675,1.1554166667684842,1.1742760829613144,1.152148637846112,1.1327155362262573,1.1499110136320208,1.2056002311881282,1.1915356787690974,1.1714689578245001,1.2192711292857734,1.2772928483003183,1.2673477400894304,1.2474495040647064,1.216399336730642,1.2000756286639263,1.2343802467015004,1.2395049916319434,1.2107388475479028,1.1843426890861597
1.259919198387196,1.2254732124354015,1.2852359519594698,1.244743486679087,1.1540332571521899,1.310701774958699,1.2548404544874965,1.219758750456563,1.1341656137128209,1.2214604799937157,1.2330245842343523,1.1495514600152692,1.1267661731757475,1.125132165030121,1.1378109266005687,1.1487136472590964,1.1346207956921193,1.110854626881051,1.1263782741601216,1.182407861187849,1.170682069092326,1.168998251876983,1.208907359159761,1.2566544601329972,1.2447139936611922,1.2375064510303284,1.2122497120179394,1.207041429658172,1.240984445050562,1.235395950299488,1.1928058549883898,1.200228152180821
1.2636539409941232,1.2075546958182,1.28617918734312,1.2328417876888074,1.1614829477840825,1.275851124979541,1.228376600127035,1.1790007592020124,1.1413217449036417,1.1947517750704435,1.200003708551862,1.1394713362351494,1.134147752265656,1.117457911919048,1.1306024091221896,1.1516864051733224,1.1251339317390776,1.1073951117360494,1.1271725805759527,1.1761854923877946,1.1724056951763144,1.1770525121175828,1.208916075204056,1.239799633231624,1.255235092383862,1.2133928994326661,1.2066322470256452,1.1953178923173207,1.237276977099494,1.229292726135113,1.182123025381465,1.1735517118288599
1.2398146983348917,1.193108666589782,1.2738672968462064,1.2282528771131744,1.1403938675918224,1.284001308380018,1.2189673109887544,1.1608061460180281,1.1319797054218825,1.192930485062551,1.1915586939841578,1.1285761672816519,1.1060454175907612,1.0983142347547672,1.1140373865611903,1.1321893350428347,1.1068733406565439,1.0906943754406988,1.1132190428211488,1.1663234531160502,1.1724811998745481,1.156101786722949,1.2025576716963442,1.2353425646370118,1.2528359194985712,1.206787584076327,1.212207002294147,1.1972119813276616,1.2460550947366498,1.234999882695225,1.1679250618585248,1.1829692014633053
1.2505834442080375,1.1955607079788322,1.2665727536954743,1.2237357163148448,1.1569572542345996,1.2642891016643274,1.206299740862132,1.1689541849049296,1.1321617804924757,1.1854985237019942,1.1888798566941252,1.1264028577721357,1.1038297601519405,1.093285211573252,1.1085596522705772,1.1239349525310158,1.1022755540870746,1.086355711360852,1.108812475910561,1.1642597472681246,1.1735380491311396,1.1440953059405308,1.1998468125292692,1.2504803095404808,1.2754910090643468,1.2081985962574293,1.21725923004077,1.2058585804189212,1.2581275952411841,1.2376061433723118,1.1780245149280577,1.176356136511879
1.2192042026767484,1.1866859990489245,1.2536217413719146,1.2333830181154783,1.1439620336043337,1.2787632203760515,1.1975990491357176,1.1627252545727111,1.1320826337848302,1.1840681260130648,1.178404691633193,1.126910362180629,1.1043735059744975,1.0971773332124675,1.1228327430822123,1.126665207776053,1.1031801522823503,1.0909991081789852,1.1114044497053734,1.1532823604063909,1.1717847123680893,1.143950936777672,1.1920877217909278,1.244280836396704,1.278182639182824,1.19263301498278,1.206545264146811,1.198689141141818,1.2566754315013624,1.2374976641409379,1.158854862405139,1.1610815054509318
1.2264242743621656,1.1909259042529334,1.234796155715034,1.2394031125651284,1.1461805182371885,1.2874806763269815,1.1925728341296915,1.1766378765008187,1.1416645507934085,1.1851092129516707,1.1688300415138677,1.1344698733051297,1.1016892121208588,1.0997075952291748,1.120340143766985,1.1162693027551496,1.0850997416117352,1.082905636346672,1.1005197399884128,1.148034904520403,1.162176791751243,1.1280130600833507,1.183514480864704,1.2429986502007768,1.2823634461722866,1.195916895167126,1.2099853623093737,1.2015423867771795,1.2656100166496067,1.23718327794909,1.1739447245506291,1.1529712504048972
1.208588096508915,1.1856999356236044,1.2313925841593094,1.26192345302681,1.1375216356899185,1.287924035473819,1.202820641684517,1.1778527892114388,1.141708479398162,1.1832441025549365,1.1646607623192653,1.133207605717871,1.1142785290777732,1.1085486207350068,1.1314958338518615,1.1351447191507034,1.1061062936842703,1.0984815592007722,1.116477957368858,1.1556849735524957,1.170600371501903,1.1276103032645293,1.198747413310337,1.2549264814011358,1.2683354716167339,1.1931750206969345,1.206094205153283,1.20263287063434,1.2486401293096518,1.2288853407323586,1.1596817855968824,1.1527668413898102
1.1922794413334028,1.1904143099266793,1.2384882404744877,1.2330224723156231,1.1373880270003593,1.2960298217097237,1.2021233452120266,1.1729225909235634,1.137820237195384,1.1796742806073361,1.159731573052282,1.1293057846935857,1.1228901104056699,1.1071093575928024,1.1336007726209978,1.1341057367105674,1.112116587855702,1.1051661282931096,1.1209838320028533,1.1494395191242177,1.1556115698457612,1.134211651523161,1.166033300636442,1.2274352706730833,1.224070875280558,1.1658718413532805,1.1809540241403187,1.180068189792974,1.2183188522731716,1.19522169363804,1.1420230669304328,1.154908129317903
1.2020989042815111,1.197470354849598,1.2489421521768727,1.2206937335530288,1.1374354257206052,1.2762046320870333,1.2086864150185896,1.1817052844814169,1.1507386557794508,1.1900050204275738,1.173582129567997,1.1555493028735797,1.1336286488234477,1.1532182528972879,1.1905253484201808,1.187186305707472,1.1482762929698296,1.1288418977892243,1.1441229850437054,1.1668764440434602,1.1699533776610178,1.1439196373970644,1.1585161570077023,1.2174308052293072,1.2127855719753062,1.16693555002969,1.1881317522958876,1.177525094698756,1.2246346314252556,1.2104746101481312,1.1452277265830566,1.1431517745398119
1.185001527270304,1.1862366533509687,1.2411405209725168,1.2293341662599486,1.139590976970752,1.2630278284514795,1.1993786145591467,1.1656886481282485,1.1486673534907739,1.1834119146148363,1.168988600222084,1.1351619411471916,1.1439229695996314,1.1337361013028096,1.168259811779315,1.1657879059974983,1.1321789092835775,1.1157037849969593,1.1549629493808933,1.1682078416474875,1.1844868725160904,1.1692584567397606,1.1749962849303477,1.2268107027823933,1.2261836068864866,1.1549030566423069,1.1819756937884869,1.1767195994409372,1.2156284651427998,1.2116845646926782,1.1346527807213425,1.154430256983014
1.1759992796961967,1.2022256796631656,1.240702779195541,1.2183670742821384,1.1436720242403386,1.2729144598288926,1.2271914629920804,1.1677106543778182,1.1327964535351969,1.1956656119346945,1.1794000926697874,1.148604912906594,1.127201169018395,1.147711296033294,1.1884989693962207,1.1888074970754094,1.151838598649932,1.127349933548174,1.1516446415600625,1.169825622201885,1.1993786905338177,1.1589009874002858,1.1820725274567836,1.245956129031429,1.2313716603669957,1.1560257992131902,1.1747892163843143,1.1780921625099605,1.2157042610702797,1.1942480103043591,1.1412531943540993,1.1608305641029972
1.1721657219112651,1.2121917370296602,1.236318013489744,1.2023099127207835,1.1409307783299387,1.2802468025896803,1.223694492980079,1.177191407472932,1.1527926878524566,1.199167491235855,1.1817383729291135,1.1618427382117065,1.1298844655288165,1.1623901225095283,1.1886731236975168,1.185166982580853,1.1552478220605988,1.1344415873535443,1.1501321498245431,1.1747843396101938,1.1923717831195768,1.1494727465987882,1.1768402800887374,1.2421756288965808,1.2304185358823132,1.167171338619928,1.172511970479106,1.1784429991035696,1.214142215233219,1.1900552066035508,1.1388663644571064,1.1539452394881946
1.1603241904266026,1.2457855695936302,1.2217348334909117,1.2178058465114125,1.1533923215270936,1.2933641698590255,1.2501493508459685,1.2116316685025046,1.1662614203169492,1.2093567979498,1.1898230784269224,1.1712055192759396,1.1456311752376336,1.1765697388387168,1.2069680154179665,1.1959489434256343,1.1562939003692998,1.1388284464941405,1.151214442927636,1.1727737274687455,1.18302351188689,1.1639353177623617,1.178930062856684,1.228957487327226,1.2292234152728552,1.1706769701655453,1.17396215174839,1.154394021070041,1.2043971091471728,1.1860934310255078,1.1440494437571047,1.18551065639167
1.1565323763524953,1.254988643428573,1.227924880494437,1.203295195731908,1.139325844195379,1.2944083638082005,1.247343427141647,1.2140842218227017,1.1683605226703193,1.2263653580888798,1.2050391112552636,1.1764476998895201,1.147583048485582,1.190819079442603,1.2140527063355913,1.2081518898230774,1.1817555581152275,1.1585385967636268,1.1606920496145396,1.1906799517970963,1.189148121027979,1.1727808650332194,1.1847306468775958,1.2208129890774166,1.2346998193110728,1.183436821741567,1.1873657468443672,1.1643359751049893,1.1964707830005117,1.185353164675241,1.1435115810186087,1.1825555524379232
1.163170270090031,1.2656437548963377,1.258043288137491,1.2032642181354505,1.1437914151483155,1.2922147093558263,1.250667161274623,1.2054624525949482,1.1443956419080987,1.202408881304184,1.2041020822206467,1.1576182022666677,1.1481369586451848,1.1800373307621066,1.1981085374044087,1.2032672850179913,1.1797732390209241,1.1660969166766262,1.1810898926533828,1.2063192562069114,1.2143803824726915,1.1909493644758018,1.2007922171389924,1.2365015817200502,1.238287114682118,1.1783395023973997,1.1922153604305574,1.1819235943557038,1.2063102115099416,1.2097365178306325,1.1440729597140105,1.1981973300216668
1.1601988352038408,1.2846318071925678,1.234087192724276,1.1994316523071709,1.1465905054908172,1.2793431591797653,1.2574843624655687,1.2147256045475787,1.138737811653144,1.194056129449967,1.2056968771481231,1.1567240415533107,1.145803768266616,1.1878478538408583,1.2148286561203472,1.2159181088728925,1.1922469031547012,1.1634904572720033,1.178147890061921,1.205190486771326,1.229972186434144,1.1978757087979919,1.2160125008099008,1.2709554346185907,1.2647403693818358,1.1861331499932886,1.2026988720307077,1.1910860031165933,1.2236106804990974,1.2057027742827957,1.1526390942103169,1.210665802904285
1.1513185656883294,1.3013287524096382,1.2106055317452227,1.1952281892298071,1.1491887144478095,1.2685604699310469,1.2583428164810535,1.2058295883961372,1.151031037465047,1.2085839529271372,1.2161477453660188,1.168819667038408,1.156843393784818,1.188672588872865,1.2188442031576303,1.2110380885992467,1.1817915210407572,1.1600766351597043,1.1886719579781038,1.2257463818780936,1.249747284048847,1.2097231131796942,1.2286545217772513,1.2861625773395133,1.271645245446343,1.1920070851640017,1.2157858927726228,1.1909558637926785,1.251221382420778,1.217352909469771,1.151523936163185,1.1986398930737343
1.1711469840731743,1.320621362148955,1.2165409289464955,1.2153193990162638,1.1566529410564221,1.2761883263391824,1.2526915445341458,1.2163230646708125,1.161210885618339,1.2052292196504992,1.2098573314096348,1.1647197723849818,1.156349829666567,1.1794628571504298,1.2186472045044618,1.2135203399760428,1.179562966541137,1.1492948049302207,1.1853377630753106,1.2323026273808264,1.2635131881530035,1.2157650588241082,1.2325028381646934,1.3124641061795423,1.281661575501108,1.2091054016465825,1.242528715872737,1.221099119891808,1.2671398795226265,1.2290895190440134,1.167296795625808,1.2146543125877471
1.1831066399657046,1.3278552586425725,1.2389749113924895,1.2117830702489651,1.1541900884619902,1.2931031494055385,1.2788798712241112,1.2402443086903092,1.1609247551634685,1.2322769376427487,1.2367893176714497,1.1868102998265364,1.1575040848489488,1.1964555993416213,1.234477503641902,1.2274164235728973,1.2003613163799787,1.1710471599416403,1.18909744588987,1.223796458708643,1.2657339426282674,1.2233080855908574,1.2508353744227052,1.3070297365388677,1.2937914147443277,1.220051191480682,1.2493980118441341,1.227779913402572,1.2666155887385135,1.2284587655053683,1.174523378983208,1.2306004902310983
1.1940438886009326,1.3163178784808198,1.243584066506266,1.2024537236242325,1.1524990814031804,1.2913603456359697,1.2653831751906617,1.237369432754655,1.159479226126783,1.2184888571011125,1.2251965204341746,1.1757152393228554,1.1750552004070502,1.2077659154471223,1.2599179248197285,1.2535461832984798,1.2169482828441045,1.1757598492182428,1.179408760954671,1.2390226326502451,1.245913764161452,1.2117685160273717,1.2272903891486582,1.3095455194653431,1.2739321642972807,1.20950353187796,1.2449220389132285,1.2265179903316308,1.272604725709266,1.222807983019371,1.1683852416884628,1.2271531844622823
1.2094796498016849,1.3147540132768327,1.2477051027412114,1.222584323161681,1.1590069280449953,1.288776049645726,1.2711960784071017,1.240363254842004,1.1626080567626658,1.2294606067104517,1.2215439277539917,1.168669129100937,1.1750831973042968,1.1958176060122987,1.2462261714416587,1.2466055235417277,1.2099099133055464,1.1860113699606214,1.1808232973603616,1.2289101045780535,1.2478504902762153,1.2161011508467106,1.2423990742197435,1.3040698107981568,1.2961787841742454,1.2249151619759884,1.2664523093748001,1.2236661251586014,1.2781232916182577,1.2368552668172843,1.1772461356490624,1.2339776959010114
1.1988477211177981,1.2947259078325455,1.2265657481618746,1.2123791800665984,1.1524791176942248,1.292676827279613,1.2551311549015671,1.2208459999187773,1.1485630512038376,1.2100652343056055,1.21866888827283,1.1475207846935749,1.1694373835585887,1.1715513639102655,1.2265380368555674,1.243161339373047,1.2207277001513288,1.17708909070637,1.1935490125859707,1.248353085691526,1.2781976622427502,1.2231054738752465,1.2658496602972107,1.3157261642019658,1.2976224801443141,1.22529558979214,1.2557901612252298,1.2261626390443978,1.2788659957918989,1.2359748591824642,1.1697178358205234,1.224682948631467
1.2019883236081896,1.2892838082749352,1.23920281987746,1.22106361733604,1.1505133545741224,1.2958948130580379,1.2591600702286074,1.2270244383206583,1.1583083252619157,1.216337101570312,1.2232010452343716,1.1563239331343087,1.177235988592994,1.16902955417337,1.2151352014688803,1.240556273804891,1.2212892231038208,1.1840098717491658,1.1951859767260127,1.252976635481373,1.2736789592562323,1.2070323687933973,1.240236740513989,1.3299581461091523,1.2751106905898424,1.2115165875064322,1.252488073146666,1.2347788921581324,1.2801002752696051,1.2317600150493202,1.1737355523270927,1.19938605871334
1.2032918348285528,1.2865743366502782,1.2273021955397414,1.2192065248302497,1.1522109372647051,1.2795529194422508,1.2681756045719919,1.193518993379298,1.1490384019206301,1.179028171868152,1.2113584732887537,1.136443010400867,1.1489462514491666,1.151439539821342,1.2049748570656695,1.2309351810146907,1.2108494460551675,1.1580447298591117,1.171670104007307,1.2461383278194085,1.2571608324746155,1.1913490473281922,1.239071598541016,1.31835647101535,1.2819337045712993,1.2134931351907057,1.2460562709667582,1.223577260971493,1.3008403341902492,1.2232427626371059,1.1659079248990791,1.1808948212294748
1.2124664765857958,1.2652355921599174,1.2192991089912446,1.2117024909815064,1.141595410456197,1.2756518642538932,1.2616931184503044,1.189278647067934,1.1378455942264027,1.186023210355023,1.2087771222815382,1.1412734450939348,1.143449922849952,1.1586946703455714,1.2003082378594216,1.2252490181599653,1.2046895616543134,1.1712393833923442,1.172454330493436,1.245674574693409,1.2465002357380324,1.1860838931592144,1.2241736420953386,1.3202483544465895,1.2697905853368656,1.2073618534827497,1.240004501258042,1.2130653925366055,1.2855389410234228,1.212732228436125,1.1580257228766992,1.1911732151678267
1.2119996691508623,1.2454758698574366,1.238027287329431,1.2135508855360928,1.1374716781859175,1.2971457646254052,1.2554401954554593,1.1833189986513186,1.143453420851237,1.1887324933421248,1.2224622915210062,1.1435488562578684,1.148405942320816,1.149632132612575,1.1855712783712637,1.2027355218922922,1.1831133071851068,1.1628823860696795,1.1759689893698262,1.2495868575666431,1.2458407824308355,1.1893391487110907,1.2050614576634604,1.330966727826325,1.2484726660308811,1.1855044701113362,1.2231730061275337,1.2095480535603809,1.2688119225046,1.2193094150511923,1.1506418520386155,1.1622374866768765
1.2074630373695758,1.2331688224093642,1.2392641914732128,1.2098634097564829,1.1259440455982466,1.281505449618218,1.2627359415647328,1.1797509084400584,1.1310671971137551,1.1820874065852878,1.2109011231072213,1.138569124753943,1.1411831552735632,1.150302157377193,1.1851737639111106,1.2105903216753722,1.1883804216875202,1.1508256193821582,1.1580529852333235,1.223810480736968,1.2267796594483076,1.1757826002674774,1.193622292732894,1.3022469084240536,1.2523133682051701,1.184633697025621,1.2179694897336866,1.2272732403272095,1.2818099664680458,1.2215083821365824,1.14697667896533,1.1494297615918752
1.219280256810419,1.216211741038654,1.240376585145935,1.2022340183979097,1.1254264791345283,1.2657521877162041,1.253514733193233,1.1842945769246895,1.1366537664369114,1.1887287160924762,1.209752986901282,1.1344679884910835,1.1300735624616765,1.1401950181087992,1.1676849471442403,1.1960978093543784,1.180153174021899,1.1509484904564473,1.1442228963654957,1.1970021945278133,1.199781846564321,1.1570929307952522,1.1688687399449162,1.2729028496072767,1.2327890051690555,1.154942184582646,1.1747406544044292,1.1905930656252077,1.2398230553487661,1.1976546042555563,1.125249840979161,1.1430282322244114
1.2040932103472353,1.2070392023371614,1.2394578591719039,1.2182145609246557,1.1263494212088967,1.2809364777708594,1.25138924355209,1.1734541675330994,1.1153363711739954,1.1814422187115503,1.2088568514177827,1.1269290485143362,1.1204869477518995,1.1427561553491736,1.1707888373657636,1.1889211916666573,1.161935857208219,1.1309088582741686,1.1299859191211936,1.1870251892350185,1.1865118774824421,1.141314866813379,1.1638269944845412,1.2692391736874726,1.23032371291218,1.1521879373666877,1.195240983496655,1.1992100882736967,1.2404471993324333,1.2019221799488042,1.1202692810953996,1.1175064285818943
1.202881347859038,1.2112838590980208,1.2268231016767992,1.2161297127952817,1.1260844327285338,1.2732364195573802,1.265049468564006,1.1697653730634625,1.1211040676955903,1.1888551521718886,1.213966687628446,1.130359961692022,1.1205750112694337,1.1269973178633728,1.1418381269115083,1.156302839376845,1.145978726519764,1.117896187461658,1.130360286945265,1.1870604986833801,1.1962129527241783,1.1410784101238611,1.181013010583164,1.2706860054229785,1.254986990489001,1.1690386204491634,1.20848021229207,1.2184430132877677,1.2409410450923053,1.2143685591303521,1.1277686750171643,1.1299100138177247
1.196666484884413,1.1935421849355938,1.233944422646588,1.1951364959552757,1.1253402463398767,1.2495463948141452,1.269231339300075,1.1612614860743171,1.1336443771943057,1.1902914099663005,1.2281931665726356,1.153301681398561,1.1272590439306043,1.14953314489049,1.1623530225787928,1.165500018652868,1.1505970185040981,1.1280426883700265,1.1457287927429962,1.1951580719632633,1.1966640529984536,1.1385075054755402,1.1759164197814154,1.2781386958154743,1.2385929786447547,1.1506119061081928,1.1964424514787255,1.217769949324517,1.2420610607738716,1.208708258462151,1.1162629397536399,1.1246009725744657
1.1999673489265712,1.2102744994834165,1.2404968258100515,1.2089950821219186,1.1201447270593174,1.255000810167353,1.2550597011401479,1.1814151896047105,1.1281618408322687,1.2046353197721402,1.2152083483754934,1.155391744093647,1.1318048240693208,1.1568926653586236,1.189244601460045,1.1912191548739677,1.160494410497096,1.1442156295018295,1.1486349300952432,1.1920027206422863,1.2003880322243086,1.1518640919506966,1.1910257304545866,1.2633315201692386,1.230960884531326,1.1581494286316716,1.1990864124138612,1.2112952650468793,1.2436003921152707,1.2094006098229642,1.1234884897940018,1.1347168341615872
1.1942269806042565,1.2057737444525676,1.241168078002044,1.211017046695247,1.1295639936853463,1.238516104531587,1.2455861475191423,1.1773850208235266,1.1278342445692857,1.1923019580741459,1.2025121577897826,1.15092709270348,1.12398128777993,1.1487156053336556,1.181813494473063,1.1837416763988968,1.1500254510688916,1.127028137141197,1.1416814620409437,1.1823818462643279,1.2022293242115385,1.1485847421325182,1.2043571807942253,1.2837663137049786,1.2448595656021153,1.157001039929024,1.213022450112247,1.2253622161744315,1.2435599034315532,1.209116244556526,1.131865051110352,1.1325770626788159
1.2113371536268611,1.2231699978618926,1.2557985558544356,1.2230126613340253,1.1448471892160808,1.261641582538462,1.2394581744225812,1.1928245886593503,1.1398733800599459,1.2018833181900297,1.2068013901569892,1.1587805697893598,1.128057525455739,1.1660690296965706,1.2032414859576612,1.1903370134506022,1.157973848490319,1.1334041830805803,1.1467122087813901,1.1891718106157796,1.2046188078975484,1.1549618165296924,1.2090674318443286,1.2747292178113494,1.2482819043549924,1.1734805270201392,1.220365190625123,1.2215594337339222,1.232939507961209,1.2070589034211505,1.1510462407652597,1.1430344073371934
1.2064248870137253,1.2344406864651938,1.2575862774472306,1.2248111421101422,1.144140202489627,1.2592873261315782,1.2391711108254704,1.1987656330612873,1.1524908698383327,1.215261399746701,1.2086579697831865,1.1712906054822272,1.1304736917841018,1.1778280875813603,1.2253319608882185,1.2093754307208606,1.1692433240615208,1.1295871657507668,1.1365848531173905,1.1999416440166741,1.2124889559198153,1.149182276460251,1.2138664310681837,1.285528660069633,1.2499300568688858,1.1986668012127835,1.233343608319672,1.2327282168552778,1.246286636885587,1.2100894210915079,1.1560573249865338,1.173674958767145
1.2089755144859406,1.2318821731655907,1.234514586685791,1.2199282847760173,1.1397083923841187,1.2575075165468104,1.2402025771265421,1.1865339664116663,1.1482672472833344,1.2011311038171755,1.1995919701020072,1.1686411458324075,1.13030528804841,1.1769618070919812,1.2229606297395181,1.2141341720745882,1.1758466597281092,1.1303658101591456,1.1437287884237943,1.1893598927015296,1.21700859510401,1.1558089388741302,1.2368847036667827,1.271233678195204,1.2625760588051358,1.1743785664807436,1.2406766777779454,1.2231211091248655,1.2399637221337156,1.1853366506390994,1.1423136790824833,1.1581491870894636
1.2091124685957269,1.2551476959510315,1.2463215631744922,1.2220504946598365,1.1457785630307686,1.2606190174909861,1.2689736789451413,1.205737032851675,1.1602314636840874,1.214345475056694,1.2184942222492725,1.19577258532316,1.1257242439275343,1.1911361434010597,1.2322277200604057,1.2160157139389403,1.1859356548665376,1.1342173451106956,1.1303323452097138,1.1744852544366393,1.2065695516322805,1.1375683707609032,1.222980922121968,1.2527928918064686,1.2567509642414265,1.1603360417512105,1.2328566581218143,1.209921969107519,1.220442347016179,1.201490164304573,1.137482159074823,1.1670690644126565
1.1857694181527474,1.263672125449196,1.260739074751573,1.2108360097020137,1.1497226850902047,1.248945639634014,1.2517858618964843,1.1963407547564653,1.1705942768962003,1.2150848050753777,1.211993084267152,1.1868095124370666,1.1422147788647938,1.193661149435441,1.2345587478353923,1.2285132569882977,1.1987142814776155,1.1495738026505724,1.1377880091349586,1.1863901891576287,1.2091590041291638,1.1399884084900622,1.2198378742014424,1.2489536213101238,1.262471769401103,1.1586000965966154,1.2324494906148031,1.207982892714287,1.2381373413865553,1.1912153474559906,1.14240244306112,1.1664754487482432
1.1985210646138669,1.2872806070421603,1.2757072650530656,1.2129771266766114,1.153485236218129,1.24458002163826,1.2667933585059534,1.195775870065038,1.175947985005986,1.2150360903343567,1.2210389168598326,1.1870214037052274,1.1317607583741696,1.1826150777046147,1.226537901764518,1.224957354163601,1.2023091428269643,1.1510405295214199,1.1472659615686096,1.1982774668300817,1.2217576033743722,1.143923399227919,1.2277210349421952,1.24774208275424,1.2629981969017325,1.171088001540364,1.247128310446133,1.2136999061804519,1.232575541956107,1.1839721576007605,1.1648023753821586,1.167615335356251
1.2243327787190463,1.3254640798693074,1.3036981241791652,1.2358182905394948,1.1918612533983972,1.2485912784045525,1.2678821138267706,1.2104297742278365,1.1890130488105166,1.2198104116605089,1.229235946511776,1.1963843279049247,1.141568451164511,1.1917966849268362,1.2355943441744062,1.2427595572197638,1.2284465764716475,1.162022695912667,1.1491125839163177,1.2093373501296227,1.2190005033359916,1.147676022476896,1.2230655254648275,1.2512969141179096,1.2707744252812807,1.175024201618405,1.2405116896451813,1.2103272164950993,1.2479477712797622,1.1861199115421293,1.1809676145047718,1.1546390939577191
1.2400922314306142,1.3282153909954437,1.2986691464530289,1.2290477459760287,1.177883449677945,1.2465938348337642,1.2630382256721313,1.2122535539472001,1.2087162286866753,1.2275710986183108,1.237934006324608,1.1989521711654432,1.1380354345622055,1.1897846456642729,1.2343350416343144,1.2368579559618866,1.2136805693420214,1.1642301416342837,1.1664567436374975,1.228801115921623,1.2568802313905192,1.1781674574060368,1.2523578971408764,1.2681742148320696,1.2900303711676064,1.1778428162501606,1.26856635393011,1.2337937926390061,1.2758335694343628,1.2032691292020388,1.1787278963265089,1.1789150128870807
1.2547395994289754,1.3436347318732982,1.2991401450946098,1.2494407865768178,1.2185081220291056,1.263265594161344,1.2641498249382823,1.2173955566162258,1.214789971890508,1.240666869351728,1.2529740672847762,1.195595403276312,1.154913321028298,1.1886574634921918,1.2248353362096347,1.23698855588028,1.2183381572959329,1.1621804603223165,1.176076982926245,1.2225968311430817,1.2560328988240843,1.1927083953127706,1.2537870194352443,1.2679279412851707,1.2842649297073654,1.1963787302508522,1.28173186966813,1.2398414171295213,1.2942102820905894,1.1873503409194803,1.196609752148083,1.191026524700089
1.2603265169344433,1.3587850132667898,1.279975469113088,1.2459258289139454,1.206854992900274,1.307389027808471,1.2777079419491946,1.2281676889634618,1.2049557682928764,1.246840344633788,1.2492137320722037,1.1925965438835417,1.1527171150270232,1.1820365143025622,1.2192057830651497,1.2391020142788771,1.2284069078258417,1.1708906639646686,1.1754171295994185,1.232633593997888,1.253945672678428,1.1765307084279355,1.2289101064098726,1.280478734520414,1.2707483019667773,1.1906567393905068,1.2673346560781835,1.2505110832976467,1.3074221453136137,1.2037441172590624,1.1995148185795879,1.1848949002029543
1.266943867507961,1.323619351029069,1.2597903752058042,1.2481545900872872,1.2091103812763329,1.2936551389803153,1.2798044177629557,1.2253585015323198,1.2106632724408368,1.2525080628871958,1.2534827407929923,1.2131143522556675,1.1844777618411804,1.1952419274993322,1.2314392164796362,1.254826987215367,1.241760023892609,1.2013807032770356,1.1923910689471007,1.2294257948089693,1.248683824337641,1.186051918400398,1.2156391332588043,1.2738010701336575,1.2578658993679295,1.1928123002095377,1.2642125523486414,1.2380690662588074,1.2817028118797986,1.1883669334007703,1.1997813029043372,1.1750979445922454
1.2601455310204521,1.3198775261731677,1.2767036841974717,1.2405860600601113,1.2121651765310297,1.2858357506959308,1.2898213962870426,1.2432851143899866,1.2046169996268854,1.2342160593875209,1.238065654747652,1.178142945681642,1.1718094886276202,1.1752472802347214,1.2314732140714726,1.2569665919834636,1.2402342629806442,1.1829955586816985,1.1825805611475988,1.2175485353995101,1.2467465838488079,1.1758276247408221,1.2240027207249657,1.2625411774105941,1.2463464816685008,1.2103847409146409,1.2785597216572164,1.231937781335837,1.2874118191233523,1.1958097175076285,1.2052963164098252,1.1800010763745694
1.2740495546542157,1.3327472849765603,1.2697673664930726,1.2254351192021178,1.1898460637496435,1.2752203317891806,1.2876992267145222,1.229909649782652,1.2014809450691912,1.2174192254742955,1.23248093801057,1.159048749344195,1.1621622770563262,1.150828270614122,1.2018353594315812,1.2303695642862258,1.2272740000200857,1.1774310185399168,1.175895341611859,1.2240766128181244,1.2379335450440423,1.1818170890129185,1.2102450278797268,1.2632417121519939,1.249759835583243,1.2107265117380617,1.2676826966481238,1.2592728831950901,1.3265883911979253,1.2402610300950092,1.212935375929131,1.1802136762349007
1.2596212726352771,1.3323608551569868,1.2691654457864796,1.2376068811601604,1.1865706155796267,1.2828552403128344,1.2795747680206582,1.2118155369014725,1.1818952720845857,1.2082510251156515,1.2315982671014978,1.1648571885851808,1.1554033971527475,1.1640066424160216,1.21675027681754,1.2360537454839606,1.2217288792040397,1.1705365030746278,1.1891994163557593,1.2151414050181972,1.233997348842061,1.1938276143605935,1.2231633362624699,1.2513863556711826,1.230488340042507,1.2220019314645625,1.2567432694744207,1.2382942069360932,1.3004454595429211,1.230845530075743,1.2062274536511974,1.184504511443871
1.260272074154674,1.310234495816779,1.2667451633194176,1.2221138232979827,1.1839476898531553,1.2796177537680107,1.2903953042568383,1.2341418093862218,1.185166265274336,1.2186472456464412,1.2446017268173495,1.1765342185793155,1.1534114333450092,1.1658667920264283,1.2153909594223196,1.2305731220690708,1.2116733309821488,1.1681053945518904,1.1895228388584376,1.2126380239465129,1.232591136756078,1.184846323765792,1.2192859129630196,1.2583142132582754,1.2330772892875987,1.2288582645434305,1.272269455744729,1.2426751628176644,1.307716850239464,1.2295783783339802,1.2096450130743346,1.1702145696847497
1.2764396374689164,1.2962963520624666,1.2275464387946609,1.2179381727131076,1.1665994625995517,1.291121903311312,1.2743116509265187,1.227915607969149,1.15758468627968,1.1896543378281166,1.2101811430229272,1.1439556277993095,1.1451491759359054,1.151374112210308,1.202256612303596,1.2122694701808931,1.1869953494417183,1.150211590715849,1.1670469176221916,1.197896753969172,1.2158244125992623,1.1744228854801884,1.2002220160653665,1.2549612478010443,1.2248404796905592,1.2131758267973427,1.2617586549293434,1.2433432465006984,1.313929632769295,1.234670744439704,1.1950492090941032,1.1851586988134757
1.286387902132144,1.2745354339005674,1.2120679140236468,1.2271824628236812,1.1685628158935704,1.2905872033900316,1.262825960072239,1.1989205718342937,1.1450329755104007,1.1718776855174713,1.2013952794226754,1.1424338955634092,1.1481830957647923,1.146170860741764,1.194463788245528,1.207829136604803,1.1946421709591237,1.1670761842291686,1.1750062010780151,1.201636475596641,1.22633015026167,1.1840297917634193,1.2138681816118557,1.2529032182480249,1.233912416183276,1.2284493967295873,1.2597144516749856,1.2665512035318038,1.317952046635188,1.2533462133355269,1.2062863483665638,1.187844009213543
1.2821374689755067,1.2874938963500773,1.211960348155537,1.2147045139112775,1.1631646755120921,1.3363948744844514,1.2625498195795304,1.1985260346044042,1.1327114472547137,1.1712788362441267,1.207499274164507,1.1413395182631754,1.1504983986964998,1.1463651280494416,1.1908408423107684,1.2061613567957856,1.2003903518740933,1.1758978439992431,1.1734311961440755,1.206850450005251,1.2041754823632604,1.1667209637379268,1.2023486969066939,1.2525489195658897,1.2268998696010216,1.216760424316633,1.242550470555613,1.2563385828601177,1.299635138476394,1.2575387916523733,1.202867459886014,1.1896545655363515
1.2811626648475873,1.280322145306446,1.208848422195929,1.2283131386032944,1.167992743432744,1.2871041303143456,1.2683246818984486,1.1758701360334922,1.1390777468044149,1.1592395955694494,1.2131995103164692,1.1536301747199325,1.1704687119956996,1.1609012366552927,1.200473898247314,1.202337960804576,1.2020093652984563,1.1713471540175553,1.174654975069479,1.2025533457578717,1.208289707553585,1.1713496581046199,1.204374029675979,1.2475264563240065,1.2497470727925637,1.2229773959415935,1.2563590509333316,1.258020402847226,1.2912476626235982,1.2618047546986912,1.223443932555006,1.1777276144126716
1.26809267402014,1.2671041387639423,1.2276963131429122,1.2304281302416369,1.1726524410437482,1.2524660632483016,1.2621245112220578,1.1657995977056665,1.1440762276470255,1.1471514419076243,1.2084570935133352,1.1550538143021962,1.1677323180713888,1.1591703540641676,1.1903850753497016,1.1824187940140318,1.1824749494247924,1.1759733858345676,1.163944703978289,1.2028903371634039,1.2015637110923063,1.171928819756457,1.1990922749643866,1.2416676015914285,1.2416687459446085,1.223851514424718,1.2439627375808575,1.2315342713092212,1.2659834394906628,1.2546113761395505,1.221354233028115,1.1801742294709665
1.2678507234823224,1.2657641353103426,1.2322609859165174,1.2108304910233576,1.1673149325946377,1.2241410568637845,1.2344872553076105,1.177655973616272,1.1627283678695381,1.1653735317930436,1.216431452747957,1.173550046166127,1.1863876859805165,1.1704035167042985,1.1944457489654816,1.1876564568790553,1.1916199538993486,1.1770096404425217,1.1820044695244125,1.2045479511293982,1.2035813351901756,1.1812763301123805,1.199017999945229,1.229638664811731,1.2305900015897582,1.2166099124076803,1.2349692329915705,1.2197299849566225,1.2639920745364865,1.255193985009868,1.2127998466584697,1.187297815621467
1.2342599841460005,1.2553197359118244,1.221983141685139,1.2205093781491017,1.166396065440924,1.2357982821152333,1.240809465886369,1.1698554173528979,1.1468505990552023,1.1711816280544103,1.2296681793308937,1.174618056364145,1.1853407484087,1.1805132366158866,1.2007608081225478,1.1868721741824773,1.1934727676441959,1.1867960882938844,1.1958079328465732,1.2251447966651203,1.2225250276732451,1.1931603637036614,1.2216618984169532,1.250890980689863,1.2571491453028474,1.2106120741299287,1.2428222249693404,1.2355024064825668,1.260821823806242,1.2715701280106504,1.2105220959360061,1.177222341868096
1.2464583135399527,1.229011691844277,1.218963290113186,1.2088973666204743,1.1508079302453582,1.240065346553035,1.2202202348988904,1.167981455842692,1.142069003249672,1.1699415757314728,1.217148487296487,1.178054084618263,1.1938002850788336,1.1873153418019244,1.2129534698063502,1.216635856362844,1.2201532512588917,1.212981995491518,1.2057468788737586,1.2497341571135279,1.2296149617574714,1.204626682573051,1.2235627365949062,1.2654056389868715,1.2616414389608526,1.217209345723596,1.261350878846552,1.24604055122506,1.2642886626774708,1.2648246249120931,1.1995415120713895,1.184604601587358
1.2395284189194724,1.2185271444480565,1.2072962497025934,1.2279256101854696,1.1520074407239467,1.2177614939270691,1.21610845177999,1.1543692754977026,1.1474897764319947,1.180910873783904,1.2234754078207721,1.1704011248423358,1.1905739821439663,1.1707264466885803,1.199649078071036,1.2017660987035566,1.2134146557701895,1.1999037107495667,1.1916347749094018,1.220894402493445,1.2131674127681609,1.1918953254850413,1.2128852626986344,1.2575203669668444,1.244603318960041,1.2011193765300407,1.2450138048160024,1.236118633880925,1.252535853108859,1.260076768682541,1.1854175106615052,1.1839228436075846
1.244503015580308,1.2208778193140934,1.215638037790381,1.2118620088235208,1.1522053531336727,1.2267012914552238,1.2206192339106088,1.1571316731399268,1.1513440436416822,1.190827140689477,1.2420706084473911,1.178574076539393,1.1985601784834896,1.1759993894909395,1.2080462167827917,1.2117080808554275,1.2156900841254517,1.2091479679592931,1.2052715935956366,1.24026220786964,1.2440609046330326,1.2010973539381509,1.233104173857231,1.2615483633886106,1.2538336494949032,1.2020927643521213,1.2425574881853645,1.2369136601167785,1.2473005211129198,1.2547531170758854,1.1864067533098404,1.1859359512080334
1.2606543866607405,1.2194913428045149,1.2322056012307785,1.206271665274796,1.1533770788829103,1.2264291929351967,1.2118205373511663,1.1750898202698388,1.1598200476729252,1.1936108219099582,1.2308164363715306,1.184961381967558,1.1956241184358563,1.1851930171179188,1.2123424288362017,1.2101362512260987,1.2253322109855427,1.2118463803175903,1.2059966423805182,1.234039089103314,1.228332111865087,1.2187938961355633,1.220257954442935,1.2499896881469743,1.239250215475561,1.2028225023655263,1.234216624218135,1.2338741585697373,1.2585374945280874,1.2498316419360644,1.1832266189797012,1.1931730499630036
1.2293494784443453,1.2277154504975782,1.2439320605138144,1.2054171280837356,1.150961546327996,1.2236429407519966,1.2265844935088457,1.1725857188716289,1.155014731744349,1.1959798300657976,1.2478908060148666,1.1802658731142415,1.1884011947596755,1.182214825911924,1.2145330430217478,1.2108262726280343,1.2212046946155957,1.1941526910572997,1.2031376868298116,1.2239239917469074,1.2158146959066267,1.1862717168195722,1.2116769164622472,1.246117650613005,1.2377465030331856,1.2017383962900374,1.2283858352842485,1.222084186079541,1.2481964216212074,1.2502497880568457,1.174018935975969,1.151264010997475
1.2458872650216621,1.2026219121275699,1.2476451102562198,1.2229963479800776,1.163343190546012,1.2113067383332232,1.1955861227270668,1.1851521243408727,1.1615667268456866,1.194093065853532,1.2377094649396208,1.1705616380067039,1.1800708817008727,1.1818390439079245,1.2211784485371593,1.2280682274994874,1.2333286492254365,1.191173401547333,1.1993771866352418,1.2317582121131498,1.226073884647716,1.1924240516590652,1.2122273011635687,1.270193804386532,1.2478612965918217,1.2285140731241253,1.2550474602940942,1.2482377092564014,1.2789996805724322,1.2712111173138052,1.198821233717319,1.1669211350729787
1.2337573622313835,1.2245396496179164,1.2228086262967202,1.2085948372472959,1.1544690646306757,1.2327582729366542,1.209448510756197,1.2061260394733313,1.162124409317397,1.2133198416746767,1.2302440563875336,1.1806229798644963,1.168629092775451,1.1822267162802662,1.2215935822970763,1.2268291202149473,1.2326783640946768,1.1873102697329743,1.1869914665224441,1.2261029156618517,1.2112847040619892,1.1765996635909681,1.1948307823971158,1.2658689264243013,1.2258913697649596,1.2152747926099288,1.2391541796330992,1.2309395159155798,1.27443939453308,1.2635567695226593,1.1895660168496598,1.1473218772634708
1.2638359742183227,1.2188493904651274,1.234637930156962,1.205952933711183,1.1446199001043516,1.2605632637662665,1.2081175483321624,1.1946582433932604,1.1654387159194977,1.1980709740247215,1.2239409482840324,1.1699866732511461,1.1707333276174194,1.179705380899697,1.212927883528517,1.2178966840495422,1.230133566160059,1.1883349156901033,1.1868345150717534,1.2425157547951242,1.2156791662114799,1.1780818181535921,1.19484038942127,1.2890454881363673,1.2505034628827452,1.2026072500168756,1.2334267907538472,1.2629154618260012,1.2721872155345464,1.264100791316911,1.1733514157576093,1.1493239012916765
1.2847590673944287,1.2120737486010582,1.2335631206619744,1.2241375943350505,1.1444003510772451,1.2915596422669762,1.218125615838599,1.1991203536268076,1.1693181106177468,1.1927605519586926,1.2262147596656587,1.1760683668568475,1.1795062142850297,1.1862117728542776,1.219746111854063,1.2263410155294876,1.2262307333673033,1.181887222155626,1.1785342025480032,1.223648055438972,1.2191068050913494,1.1939825117069895,1.1962777341118087,1.2816441953195448,1.261604206847503,1.2138870325015751,1.2331657331985657,1.2567790838888533,1.2753045291144038,1.2611354462295354,1.183626522701935,1.1539496713316821
1.2860273154132629,1.2303879877253436,1.2331189504100628,1.2389786744797888,1.168675773219195,1.2920033329795835,1.2132808125381365,1.2178691450998183,1.1878583770711457,1.1994596721940685,1.2219302631659499,1.180112664412697,1.1761932080400563,1.1821920027664528,1.201957299150251,1.2047886447638483,1.2082415639248516,1.1667665589438632,1.1723901204638596,1.2160471438268223,1.2056936577125703,1.1787551909696141,1.1804646755210206,1.2592737796389901,1.24349855343802,1.2152982783910538,1.2180190404488669,1.2439399164963132,1.2658708238883674,1.2384181206466636,1.2055332934668868,1.1653031296087129
1.274294670976574,1.2554718560818674,1.21870659382307,1.214971907513278,1.161707040475746,1.2946772758358942,1.2183627859952761,1.2101000784911098,1.192459024258263,1.1931888403419981,1.2274625557940966,1.165273634559009,1.1692707523535013,1.166154091285092,1.1928677011712503,1.2017695297730673,1.2157200718459975,1.177805046384376,1.178677627722502,1.2186443159716354,1.2165846290817361,1.1895575983151707,1.1976285183574056,1.2661323798644462,1.2517664425000903,1.2202699471215062,1.2314315034453627,1.243137354493689,1.2705442624119405,1.2364211641445857,1.211113115281089,1.1801834246615963
1.2669730501568954,1.2498470937065538,1.2204438677213234,1.2346175000570017,1.1700999198826405,1.2995927830229916,1.2098957454387325,1.2178537911102623,1.175848107666704,1.1782559241696875,1.20768612702454,1.171630552390506,1.172070725327309,1.1779567469456704,1.2036049754025477,1.1999076032527844,1.2094859030673322,1.1822397165156215,1.191707330427308,1.2249074940140077,1.2286518910592399,1.213068974763591,1.2075811896625357,1.2794779557569467,1.242474360972635,1.1950364354984537,1.208734490790809,1.2414052260627642,1.2693158047935957,1.2429697400547262,1.1931579415608193,1.1739172422456052
1.2805541552931226,1.2649843087267816,1.2156194320745455,1.2439314822533118,1.1678152227999643,1.3106642362803,1.2067671107406421,1.2042833331289395,1.1702365306825082,1.180177811004676,1.202358525379964,1.1612881675292097,1.1641848304991667,1.1676651507030853,1.1965901948087054,1.2035528777900317,1.2064542953779127,1.1799449069226478,1.1904635756572512,1.2223950268723622,1.2287814904722731,1.2062999688649894,1.2223972520969706,1.2820259768540605,1.243191632569336,1.2039350770210342,1.215930073224988,1.2386213891225109,1.273943529357496,1.233359781533475,1.1864900341778417,1.1714105977531903
1.2683209843135288,1.2645306650761292,1.2111139679871246,1.2530560512054074,1.176780685161378,1.2997234613518083,1.2185434866608331,1.2091648908402315,1.1824262087863338,1.171190770888073,1.1995681297481449,1.1551388276223258,1.1504744091826065,1.156536969603393,1.177415484876694,1.1839412559854106,1.1852739478300738,1.1591583476838279,1.1804341282352655,1.223303258311708,1.2194509197237573,1.185688675795416,1.2004737240480832,1.2815466176058317,1.2385213214924984,1.1912876138862603,1.2071208359838135,1.2315660740842624,1.2578057178053346,1.2387827649887846,1.1888084128956262,1.1746361313472
1.2652283161882258,1.271753655893125,1.2135221329584471,1.2687987096931412,1.1677742981682948,1.3055776506358014,1.2124496941271177,1.2029440011143724,1.1740719157089812,1.155168911541241,1.1805637974842018,1.1531305931466194,1.156183567912552,1.1495447366065854,1.174903206294747,1.1855044766895317,1.1835866687113041,1.1647298320311277,1.1821322131358778,1.2142019720244273,1.2254149941898071,1.207691952562595,1.2041522124928852,1.285607579473739,1.2428517926463933,1.183879707002857,1.195009963424252,1.2375077912067889,1.2509256484555888,1.2469745955088982,1.1859101475986134,1.1751482000783213
1.2715068543327288,1.2703158765486746,1.2182385770771877,1.2866456829581123,1.1605182089215267,1.3039432667289268,1.2200319324428741,1.1968902713963796,1.1517054950812216,1.144172108201018,1.1859902294814462,1.158709572486657,1.1525018576663273,1.164912209221674,1.1968113985511817,1.1897753063928034,1.1826832341285356,1.1670464419815014,1.1885248468217338,1.2355780290109586,1.246141475578395,1.2136476864451926,1.212347934031242,1.3017817134088279,1.2608009797281483,1.1846704498411305,1.2231711664189935,1.2684581497784861,1.2530955011658735,1.2633637299984777,1.185333587910874,1.179501260628345
1.2816413790267447,1.2592507611694015,1.2236851412649408,1.274899025645579,1.1648580462561215,1.3003074323195951,1.2419116983620946,1.1971243152111906,1.1637794768370449,1.1409104493480784,1.1777981863694924,1.1623290257213732,1.1669505643321219,1.1656912695774995,1.1927929582779424,1.1931738884459149,1.1873835216886919,1.1737826916009666,1.1924854616369094,1.228619026576139,1.2380624246774554,1.216707181036731,1.2113502110130479,1.2890044225264956,1.2656423246003004,1.180895509157744,1.2338317691174125,1.2602592717897456,1.2504437230746195,1.2576119257492238,1.1861484284777721,1.1886078326949066
1.2488244928085046,1.2672314792331205,1.2328532544929423,1.2736245980318444,1.1628512997986147,1.307422405039581,1.2381675248066077,1.2075010966455195,1.1519507765593686,1.1512361928478723,1.1865263886736936,1.15366787814839,1.173827914181637,1.157624348665473,1.1781746644033497,1.1864126764103846,1.1796465259699758,1.1760975386061885,1.2052483700672156,1.2309608188522678,1.2449458615321718,1.2297730709262664,1.2223936887053066,1.2956112083054476,1.2700017569639674,1.18523903236992,1.231851313842574,1.239497326473544,1.2443634657379206,1.2643237118517794,1.1768723738822493,1.2019175423624613
1.2568969781268033,1.2652849300413656,1.2421985817185568,1.2750947862895303,1.1660933654244594,1.2869107328873974,1.243936821365238,1.2244015709297655,1.15768329617761,1.1674444400935082,1.1959331623346914,1.1591239775991509,1.168250260012448,1.1560460264338754,1.1778507681854362,1.1892056240031348,1.191752819197771,1.1793696479783613,1.2165424701700263,1.2583673899138517,1.2614044247677674,1.2359516747665218,1.246614052535061,1.3089561535228442,1.2757073482997539,1.198825484675592,1.2466195110368121,1.2536671534644297,1.2654061319433743,1.2711224979435705,1.1933936226250832,1.196128516322506
1.2558725787944587,1.2767958777660564,1.24601696884797,1.2609948119624503,1.1522607308641246,1.2818632405215682,1.2474974623133184,1.227047602328565,1.150314824358805,1.178209752467635,1.2040870943963542,1.1643025588368496,1.1527610506734685,1.1633297965350444,1.1935851691113326,1.1961155326151065,1.195103367827178,1.1794551166377767,1.2077845224861017,1.2521149186285865,1.2559309934691474,1.2256516046421968,1.2475683357154683,1.3035520012856283,1.2761946980959062,1.2008715732222977,1.24856796155258,1.2604562698118094,1.2734660004785345,1.2778559039015527,1.1861500262786027,1.1976250213076036
1.2487804670698424,1.259792120180285,1.2714348996516431,1.2782848416830666,1.1476554545655921,1.3102364961858015,1.2676459278307446,1.2553013803053779,1.1556032836158077,1.2030284251012353,1.2130082626011345,1.178871594779392,1.1638843057768942,1.1707187913557013,1.2036538189991017,1.1960792933874131,1.178178857769911,1.1661917063474418,1.1938426140972123,1.2375111975936446,1.2392591349588906,1.2068235792304354,1.2347025207869713,1.3061873034034597,1.2849437278910267,1.2090585243851426,1.2372639349839063,1.25866764518878,1.2609581982920028,1.2813295302851386,1.18145512702743,1.1899913494123648
1.2621004793968456,1.265935037868193,1.3022544465060841,1.2833527966503018,1.158089837345937,1.300694720523509,1.2867055137698604,1.2540339088029382,1.1557980141227588,1.204083003997339,1.2202259020262323,1.1764423610218226,1.1645063922005032,1.1598150004540835,1.1922256379503668,1.2000829438804703,1.1816846750017584,1.1658168208285578,1.210709754651765,1.24827029355961,1.2618827634504002,1.2136483807184262,1.2584481129950282,1.3176682857208917,1.3171105446672484,1.2324996137122195,1.2787230411817907,1.2587711071784482,1.2641100580434865,1.2833646162782755,1.2060397310618085,1.196798878176774
1.2592519626568908,1.25613091502889,1.3063472046437097,1.2921305819730295,1.1695310521171522,1.2962734647006955,1.3070213909012989,1.258892975704975,1.1692584080607817,1.2325710541558312,1.2294890395903255,1.18850475742291,1.1950013474088352,1.1668298840410682,1.190266384770745,1.2048654913257777,1.201290095700305,1.1924290045496198,1.2363727411606222,1.2684683974246929,1.2840427957259732,1.2482075835369348,1.2829139644948608,1.3306746314348221,1.3496022697857921,1.2506587707423285,1.2862183885757232,1.2505759201201643,1.2886496973417159,1.2868471383237874,1.2134846348178498,1.2246734259436176
1.2809588213712575,1.236771773893393,1.3215505213819063,1.283228419015614,1.1598728752082335,1.3341019331405555,1.3443796070162501,1.299660752228474,1.199298632787567,1.2765518584799174,1.2590339263810468,1.2149081565557185,1.1926180483537827,1.1806115412343914,1.1983758408147873,1.2038673623587999,1.1909315649967567,1.178385639179439,1.2198316276708419,1.2534462712747763,1.2680442984127271,1.2401193416705083,1.2775549982015069,1.3232901767750471,1.3363858593618305,1.2660834448747842,1.3126653022726322,1.2572164000514383,1.2916961256376165,1.2811796428558184,1.22037116682534,1.2523805432279138
1.2812519403758742,1.233221563116119,1.309585931807534,1.2924374854253629,1.1723568091700474,1.3140997347217551,1.3185311323944466,1.2825229422373259,1.2007256993063207,1.2455334253875603,1.235019236580983,1.2002535297480128,1.198345538386675,1.1808725566590947,1.1948268908963673,1.2109204575877748,1.195124103241667,1.1873210712066875,1.2357977538174245,1.2606796645805602,1.2814971936633563,1.2399842385652946,1.291706125362704,1.337213418150393,1.3577740009758936,1.2896500480247373,1.3383810395602083,1.2625026078378199,1.2934463560620981,1.2977404531669956,1.2281073147750865,1.2523197441419844
1.277855585700157,1.215032153105028,1.2965838413021507,1.2758538247520492,1.1761773546753658,1.326499494517397,1.2908132058326824,1.2860518892492192,1.1909687648820635,1.2580600908212258,1.2303782521482247,1.1826629592706193,1.1880998897039277,1.1644230403074647,1.1826761775062946,1.1986893707064108,1.1837992168465066,1.1814842096984814,1.2191462059686349,1.239310795550807,1.2557798935042819,1.2288871007599345,1.2821617113507353,1.316291528674044,1.32606341929177,1.2661471920833869,1.305886919441919,1.2198345962332549,1.2942968224098323,1.2657513180769013,1.2131207884762911,1.2477572446588603
1.2938003183137152,1.2306958655208473,1.3001550321743984,1.2574064871572632,1.1793637215538484,1.3140199283385452,1.2964252181435523,1.2962045379434388,1.194921190206523,1.2888633276855068,1.2542273433925597,1.1952556391248819,1.1736037643713446,1.1625447092216195,1.1789140752307783,1.1863136810906332,1.1790637935453203,1.1825485142831842,1.212011728099603,1.2273253851838084,1.239706144814544,1.219045403996871,1.2623866721558572,1.2955534791512888,1.3118639393550195,1.2776493581729675,1.3164042094570285,1.2298033143894256,1.315187632805652,1.2643459951592138,1.21449648932468,1.2577059608798102
1.2774896462984926,1.231016083408711,1.3002371928680614,1.2599318842686191,1.192667566391671,1.3020923121261803,1.2875533497375937,1.2639140252389875,1.1877681601481882,1.2633829770827716,1.230674699145885,1.1853642798957376,1.160540649939463,1.155886505383326,1.1727692668293386,1.1820460313921966,1.1673528971371903,1.1628408880361951,1.1959562303847293,1.2105818052165973,1.2256117597962228,1.2051900591299172,1.2490589350935895,1.2847500951450355,1.3058878710182833,1.2617037644163613,1.3053827586315425,1.2206872458494362,1.3056141031510842,1.259635935117369,1.2100168317187086,1.2591194632968383
1.2939424521115581,1.2511082618830296,1.295711407592501,1.2485740923302178,1.193907040268212,1.306930853635886,1.2825345211679104,1.244878619659676,1.1936255709338521,1.2339736297205817,1.2128144510382142,1.1827286494844838,1.1785482615486929,1.161680961878025,1.1758614927406168,1.18019015623238,1.1548332422370393,1.1650247964171685,1.1991601734790478,1.2070905211087601,1.2237999290977453,1.2143532132859838,1.2437890897419523,1.3027333716424685,1.2955977546169357,1.2745691413379823,1.3173462717699533,1.2451294392183687,1.3065758087731711,1.2606328056309515,1.219186663388723,1.2613051680364495
1.298556612553097,1.2688018059238102,1.3057621184350536,1.2605367744180553,1.213997758942379,1.3054332616127242,1.2792699739305131,1.2356644034511113,1.1848343986039238,1.2346610098145574,1.216358128589366,1.178957607976593,1.194133192035338,1.1632623049643107,1.1719702155338156,1.1831673742285096,1.16224877842296,1.1715307508413788,1.215773115983874,1.2156175625554722,1.2276317412137538,1.2319271796365514,1.2503068837380036,1.299143647153871,1.2949305922499335,1.2690223552804303,1.3216214404288504,1.247979591573587,1.3148321297972443,1.2675359961785917,1.2293665796359403,1.2594757957835894
1.2876305923838693,1.277313502039465,1.2903559504013362,1.2514647332760114,1.200149724918415,1.300420414535651,1.2754365662070781,1.2250578961701903,1.1905597077964527,1.2336863800497113,1.2120507576317314,1.1758522307830002,1.1850043825352115,1.1619984387182847,1.1691225111236803,1.1859943483563407,1.1580977925967886,1.1648129207697897,1.2026254475172133,1.2122225947589835,1.2211588030577962,1.2185898442352308,1.231987189413071,1.2843885516507458,1.2842598974980521,1.250439479112097,1.314984676431918,1.2497569555839467,1.3175300716163008,1.2549146533399675,1.2223196124385198,1.2426933802245375
1.2726869892404287,1.2844717603798603,1.2814447631421506,1.24748437355562,1.20029764707879,1.3149530985831588,1.2612039324526767,1.2284910113961118,1.1866688990672927,1.2398311611478605,1.2296766299779358,1.18525208917911,1.196459747849844,1.1760649050573253,1.1804201772467364,1.1933364887024167,1.1682228689351377,1.1758117383259092,1.2116945595283475,1.2071744663967838,1.2185299828017857,1.2319726058593918,1.2252540445956546,1.2660227395378696,1.27480120944043,1.2429180472932995,1.29949191252875,1.228375780527963,1.2795849312869934,1.237296124769464,1.2080961181313967,1.2505136614912844
1.273390562672919,1.2801393925413493,1.2829844597850368,1.2213160289557126,1.1847891545480003,1.3277893881244724,1.2385661066920937,1.2219488078600944,1.1803627948575595,1.2204163357917193,1.2307238145114139,1.1902976404642673,1.184632137123126,1.1780314731413732,1.1898093039626496,1.2057522425845497,1.1751851084017741,1.1640295618526046,1.1905703590388133,1.2009324634943488,1.2144203536585019,1.2128090159649398,1.2109842542844416,1.2619190726438028,1.2672775074307185,1.2330674284677405,1.2924616718061277,1.2482888949850937,1.262634504391757,1.2400761423223767,1.2006177457943468,1.225030681691805
1.2472607169273604,1.29565814408182,1.2784025057004091,1.2289932923312619,1.1818095826517883,1.2926084835868037,1.248061940676266,1.2133576537740034,1.184195639789449,1.2272797009994854,1.230937087026355,1.185343159278713,1.1658457200382852,1.1731065556826556,1.1802907794412854,1.193454917207177,1.1644168462474542,1.1509142370930912,1.1889895115234592,1.2201227076698098,1.2226057355899465,1.208978282608757,1.2243700910294075,1.2747860331007062,1.2724386000057673,1.2306287789705939,1.27617866110044,1.2507585784681294,1.2674505591408738,1.2340866110912359,1.2007951072639655,1.2174753247087606
1.2525175105885735,1.3214044179805,1.2921774290999701,1.2224742664345576,1.1906427994726165,1.2896622511309566,1.2647970457818127,1.2262335250384866,1.193540695048619,1.2453183380595694,1.2462221396879842,1.2051756509185587,1.1818720038302983,1.1838148803767168,1.1971625113830855,1.2012609030063008,1.1678332252205403,1.1684396225619877,1.1912699376053142,1.2433491389173132,1.2345228911419233,1.2164545743148651,1.2347228967611725,1.2878455940160105,1.2741314716112555,1.2243730886379116,1.2731184772903914,1.2634423201972391,1.2580048273724918,1.2174394089692706,1.2083496290111415,1.2109355238211743
1.220153137987274,1.3586962478271156,1.2850336975330772,1.2220887247046697,1.171184957251878,1.2862475391701618,1.2690944121347683,1.1974559410042769,1.1821128718944132,1.235708037753654,1.25296050713306,1.2134425642695066,1.187359081411619,1.2080735764970112,1.2377609257065842,1.241522815612212,1.1902074132671978,1.1614269715820542,1.1764740842261328,1.238290454106078,1.2252926624297307,1.1890659470160618,1.2198845168790364,1.2791371288899565,1.2775925023227284,1.2096252427419478,1.2582452013877978,1.2619209874127126,1.2555620958929883,1.2397279572250837,1.2003267948609069,1.1926071423673756
1.229037730711241,1.3423318952553565,1.284292428807213,1.2386190614785453,1.175109914096936,1.2866713773335934,1.260104299154408,1.189849540346094,1.1844007205938976,1.2072465802331078,1.2354446406602952,1.1902623194470863,1.190326602371679,1.1830342906879552,1.2167631838100168,1.226342980497877,1.178038382966665,1.1603232860011037,1.1909848426664202,1.2518213075138607,1.2358592129440342,1.1952706440247596,1.2334431955910496,1.2783936040592554,1.2827554456137171,1.2110056474706823,1.2576032000942323,1.2561284290453585,1.2509776482221646,1.228366709269407,1.2104971532943334,1.1906706052925027
1.2147884356530827,1.3377529818962755,1.267885062862274,1.2375009247855406,1.1802829984170475,1.2710523775920537,1.2532313054309996,1.209775750202193,1.2022684237367829,1.225966434386546,1.2542791325367637,1.2051485339311487,1.194140432058175,1.1953486984617074,1.2295008924704627,1.2294237983871634,1.1898394809524664,1.1765469487317792,1.1923691740058162,1.2602249784126942,1.2370153885602493,1.194319413280035,1.2336780371815044,1.2768185533030718,1.2809871307084815,1.20714064477928,1.2563553229378481,1.2633430935829675,1.2615053173714272,1.2422097624455235,1.214129695226584,1.1813704199191952
1.2219954885146,1.36296960906157,1.2764153592284402,1.2467440537236334,1.1620698995471188,1.2689515441036436,1.2269285632486013,1.1971015683129425,1.1627693714821252,1.2022349570100632,1.2273885433403997,1.16420077421501,1.1656275991353413,1.1646046822731588,1.2086799879411658,1.2174296868769239,1.1885163166462107,1.1659379130390135,1.1858859470216605,1.2833897912314896,1.2438095391278048,1.1879086365628109,1.2395908226888583,1.277926883781788,1.2985703919914529,1.207561277393307,1.2912071874160347,1.2744079095567562,1.276782506869722,1.2319516116317606,1.2157698934723287,1.175124573399371
1.2074253413106593,1.3341306620801856,1.2542012455307299,1.2332365749510144,1.1609704531011429,1.2493979506124102,1.230853035465243,1.1907889463678933,1.1637955933688582,1.2030563501356362,1.2376585570685226,1.1713101428735526,1.1560495163737585,1.1745598009082863,1.2217975692145324,1.224541167301957,1.1881404099390798,1.1525691617482283,1.1691506221357035,1.27158044596021,1.2264339847522092,1.1719216499102039,1.2257303523780962,1.2625004883989517,1.2734213067981341,1.1982518572767114,1.2715881712186687,1.2617747064752711,1.271500191504235,1.2412031870153273,1.1966166911764908,1.178087239068702
1.22802345715256,1.3133712685895322,1.2285380914648145,1.1988148178736382,1.1599760269656498,1.2233982728941268,1.2229024691787962,1.183890418725227,1.1621650908263912,1.2001251141755902,1.2321220266961894,1.1579597829632804,1.1466480837046993,1.1638876564203136,1.2143382321280873,1.2201545257323574,1.1946541814123206,1.1691192244164197,1.1758026915247326,1.2807162995534307,1.2431202884506982,1.1789608857516838,1.2422924089139038,1.2677828642549331,1.2928901817256726,1.2100812196806041,1.2781153024119847,1.2736790129250921,1.259556627905608,1.225836197902985,1.2024396409844083,1.172807784721256
1.2319195190994987,1.2981155997698879,1.2282282989000766,1.1868321237755548,1.137789975401187,1.2289211398920041,1.2092202147017443,1.195017275575138,1.165867754104099,1.1898869925938127,1.214690682322602,1.150822153200059,1.1603306967597578,1.1605852667687258,1.207364736506662,1.210992745549004,1.1910981443670838,1.1673346231749369,1.1609028580016036,1.2653057407896415,1.2098234737448588,1.1568331088440957,1.196863043514953,1.2620808343704415,1.2530834032785538,1.1847668802674578,1.2543271398234943,1.2468058584751396,1.24912774418982,1.2027793279177184,1.180049614999109,1.1685332993729767
1.2220293318167879,1.2737765737001499,1.1879595173774522,1.1684302137661968,1.1506998942485287,1.190685467316736,1.1883917050005972,1.1786604203711033,1.1636301742140136,1.182930403349913,1.206627221675054,1.1440034564354926,1.1534225180451507,1.1523140144061916,1.1980132951231914,1.2006043935609765,1.174584745346106,1.1742999288879314,1.1712621321890122,1.2796787337755886,1.2254866320900568,1.1670037655757302,1.1981554711958817,1.2553358965099115,1.2460912726806883,1.183681877041087,1.2557824534065412,1.2369108034670302,1.2523501465276445,1.189189613820992,1.179883291950818,1.1611781445741478
1.237059554063714,1.289661768349504,1.1844423382105578,1.1700995567864767,1.136189473507203,1.202097254203305,1.17548014664849,1.1659018682654594,1.1385929345079904,1.169439462776973,1.1983958829104506,1.122849793330686,1.1384444709377672,1.1331581539384072,1.1789588465530318,1.185090005237649,1.1628666828980085,1.1561149024784731,1.1600773682755396,1.2616785477491081,1.215767116225872,1.159282722949533,1.203137618566298,1.2520035556143168,1.2441579996581438,1.1787829892635169,1.2463364960737433,1.2430245015485817,1.2524664270775465,1.1744342121453684,1.1654470279985403,1.1480515191751846
1.255731967193552,1.2588114127338588,1.1934172863162456,1.1655897453932544,1.1399905260467034,1.2210026144540047,1.1757994564008003,1.1963029812099983,1.1575604676344478,1.175393891763862,1.2050492130560513,1.1325717998806855,1.1512545495858988,1.1305114285551099,1.1647898520805884,1.1765470168286054,1.1624266622191388,1.1525281679034525,1.1607290895497127,1.2370870417882152,1.2203047295535405,1.1655139647211397,1.2037774849381446,1.2510216106455416,1.25856358569035,1.1853587149865545,1.2609826472685597,1.2390879421518592,1.2697874854382654,1.181691131709036,1.1794051373691474,1.1476638173008726
1.2316497255104715,1.2608735226926138,1.1876775046721029,1.1719325138915841,1.1458260038880623,1.2362562004978863,1.1925543893474313,1.2089814027011003,1.143390235879822,1.1809649818452488,1.221461702202275,1.1292344349033194,1.1450082614741783,1.1163487939239376,1.1427579208116956,1.1564131188322389,1.1451418015591484,1.141218613054538,1.1393812595562927,1.2210502346808265,1.2172513435370984,1.1800512913227308,1.196350763056962,1.2689004394482462,1.2558174747983313,1.1807611055211498,1.2482407687649015,1.2499138046137945,1.2748788776345052,1.1950366495703737,1.1718895745299969,1.1777793052328451
1.2484342297288187,1.2609614976520527,1.1948083612577909,1.1711037107220215,1.152216656338874,1.2378205789790389,1.192522049400652,1.179506229627514,1.145875834511448,1.1686400889712902,1.2091081682243876,1.1289012988882174,1.1524780789702163,1.1230305333979653,1.1396063249930746,1.161087948866078,1.1562238653075037,1.1370731599523822,1.134285353869532,1.2008269034084755,1.2040322378057824,1.1756161958504274,1.1872883664447866,1.272522755932652,1.247881304853764,1.1738375239268375,1.238338144064231,1.25211712567772,1.2799149196130666,1.1867881824434419,1.1660787977524447,1.1676374548998796
1.2669185863772974,1.240300162535446,1.1900793672862848,1.148962477303397,1.1510637537843234,1.2269916719264615,1.2017985868492778,1.2005065895197595,1.1455398820902518,1.180061471571951,1.2195418629344554,1.1306512280090957,1.1236613832910782,1.1120864176373895,1.1222076424445784,1.1444421209420264,1.1435248507146563,1.1289239376698788,1.1337152115934952,1.2037387718113028,1.2091693395581296,1.177478701393619,1.1985782663328084,1.2489149636520736,1.22988891021665,1.186058861812149,1.2454940691165561,1.2396082094638603,1.2695476339431664,1.1841202008112777,1.164480764031492,1.1829280296936673
1.268380512037535,1.234882662034593,1.178082734305058,1.1715742247781464,1.161814340462678,1.2228087128102785,1.1918590703912229,1.1783557804654612,1.1303336023912003,1.1509334928071138,1.2062880423961935,1.119400814391411,1.128093289304015,1.1046766448946443,1.1200919637508642,1.1454150818029174,1.1424484133756236,1.1265629341696022,1.1446368713043904,1.2012170457853577,1.218737199946675,1.185926331663487,1.1974508435284907,1.2426491777168729,1.2335931146176702,1.1725746771156458,1.2142298341778406,1.2236354435339345,1.2524201902367775,1.1884936293592636,1.1563909937418984,1.1675555150010717
1.2659044226173837,1.2299776866801897,1.1751288454025768,1.1634825291443924,1.155957420689123,1.2196091778829008,1.1732931035223213,1.1762493912387375,1.1374177284912586,1.1425065228734796,1.1792388349183873,1.119481681847255,1.140292796923023,1.1008106158296473,1.115668344236211,1.1537973049341825,1.1575516840490478,1.1374099917534126,1.1500439634869744,1.188424783708148,1.219508606950407,1.1925777555736239,1.1976048827007908,1.22930311997821,1.2316983977891431,1.1751266429950455,1.210971622848808,1.223866059043382,1.263765981304219,1.2047794928575783,1.1513939562945994,1.1584331411837518
1.270727924704559,1.2450883636241084,1.1814784805761724,1.1666486400767595,1.1467097950298546,1.2255867419684598,1.176789026422877,1.1664094066092177,1.1314422577692245,1.151343343191549,1.1859421026357961,1.112576240360336,1.1357288038755986,1.1039499193053284,1.1201638062218933,1.1634289624763976,1.1649932865182442,1.1319689982176746,1.1518167846187064,1.189553295352018,1.2208611460899093,1.1898156881103024,1.2123157185602729,1.2344725295981611,1.2533713072697,1.179307456530981,1.2173566657933474,1.2434514694184902,1.256769737634756,1.2110336876357337,1.1502560779128932,1.1673790681797014
1.2419974780491134,1.2294370256418177,1.1722658267425523,1.1783302204856376,1.1617067204140428,1.243813525315731,1.1686538363687624,1.1558369996336753,1.1356506085837803,1.1412795851019149,1.1742365556492447,1.1126279779098334,1.1361601217143065,1.1060756579030664,1.1171518332511532,1.1610625202948912,1.1678047198785708,1.1360205255991607,1.1543942155683626,1.204112688560519,1.2276082405085835,1.188390964735094,1.224110598260524,1.2400220005909706,1.245646885500371,1.180188142557309,1.1992304189610117,1.246669874617687,1.2493752822261346,1.2087629868445529,1.1562286413260308,1.1671838546605349
1.236086603880262,1.2161449008491991,1.1826182083732197,1.1840158855640517,1.1584409065613996,1.2477178855779183,1.198913661939209,1.165427479316914,1.1402806481114174,1.148449002034704,1.1803930949067873,1.1120109593924763,1.1386912028775735,1.1065672318020872,1.122327902062473,1.1543766499377077,1.1581278962798693,1.1308754185373098,1.1502284818528672,1.2140056122783123,1.2223870857224264,1.1726448946154446,1.2119265255429503,1.267393850208452,1.2418159984320298,1.1585656774069466,1.19841891052598,1.2638238588390245,1.256746758474589,1.2203891326293161,1.1555420493071653,1.161603584091242
1.2115936757343435,1.2152500702355487,1.1857069292492883,1.1789000138040362,1.1460036004237124,1.2436923436233902,1.1928787834305947,1.174000483496449,1.1377599365108806,1.1495335307581236,1.172554164311765,1.109965763880313,1.1268039168721393,1.105706587222305,1.123964910874372,1.1570292332929368,1.160963066167052,1.1276697531503928,1.1329822609487472,1.1869124570103466,1.1993838435025534,1.1658017351419159,1.2015759806458577,1.256735061676712,1.231463004155518,1.1502668170987664,1.1945451604587691,1.2505068785148756,1.2336031412757602,1.212243656819982,1.1434702726229906,1.1732060041929555
1.215397060855581,1.2063915002668377,1.1562518005726565,1.1757737533263617,1.1496296536440618,1.2214554315395967,1.1877125672570086,1.1564944929175511,1.133459282262151,1.1419502228905174,1.1577308789185778,1.1073003862484707,1.1170982492228905,1.1076462116866752,1.131013818606951,1.1499343113454075,1.148261038360693,1.1189819786214745,1.1315006061048394,1.1873752527726422,1.1825254951198447,1.1618832696096284,1.1813393933280019,1.236305429432857,1.2092524948132257,1.1471962371788076,1.1887739723218387,1.2236900696866346,1.2309287055340703,1.1907172421182353,1.144384464138823,1.1569674744138896
1.212000721579343,1.211377107851673,1.17247474655342,1.1714277057649105,1.1447766797288,1.2110639985358584,1.2000461987024325,1.1655458305301216,1.1396503966923304,1.1401860754880984,1.1591701272183217,1.1105547070120732,1.1183490206960598,1.1151340293219196,1.1374137521517504,1.1617483276290086,1.1639895217140908,1.1269658977761345,1.1400910970131015,1.1975276969409987,1.1758779801095467,1.1547016292056995,1.1723244274176012,1.2232937960402954,1.1938010033158124,1.1394781858641367,1.1753877838836688,1.2002637980096738,1.1976211945281863,1.1821191106808542,1.130608115648085,1.1613195523450903
1.2074808791363323,1.2154183573940855,1.182148338432671,1.1863197822867093,1.147356285427149,1.2114296973526095,1.2019948685445043,1.1569996873972457,1.1475847763119154,1.141725818041241,1.1582872370576618,1.1088651020677005,1.1237169386809913,1.1193929874546975,1.1518192341315523,1.1628037306521022,1.160827388155466,1.127390089835869,1.134308495710311,1.2111594848855498,1.187591119139561,1.1543194974496342,1.1801827663297275,1.2403025266915901,1.2137577604688659,1.1439034703533435,1.1910764573579544,1.2023459350403687,1.2062689513545328,1.1868089659739525,1.139809718893789,1.1642927457927317
1.1771317509666417,1.21748242381,1.1920115844226102,1.2011463533464954,1.1642823042436639,1.2333686031876923,1.2035286513404622,1.1632272038865352,1.1706296452239662,1.1524253386047865,1.1619151254329192,1.1309395842674048,1.148412937949158,1.1426002650103768,1.1689850340823855,1.183383114687802,1.1748523008987923,1.1503729892131604,1.1440875380085993,1.2024329691016251,1.1815599583400327,1.1598515588635483,1.18041486121726,1.2380869366889076,1.2233149832696466,1.1588148033739842,1.1967980013077135,1.2168269028301455,1.209411670743299,1.1998621849622542,1.1573580643100538,1.1641213554900562
1.198557858162673,1.2234598126000256,1.2103490301763864,1.2095291634266463,1.1738293798654762,1.2272987518752168,1.2176276131462618,1.1867301461687996,1.197573278520677,1.1771251636324627,1.1686447145140149,1.1393305171852184,1.1545184713937695,1.1465657298723868,1.1783592934136282,1.1926960882204842,1.1840772435161215,1.1485129214183265,1.1473533896859673,1.2127811144731793,1.1997940583428388,1.1690930104447486,1.1970105332016132,1.2711813092619095,1.2308807984025074,1.1630536927283528,1.2008099646381618,1.2257753459895073,1.223894084178208,1.1859180448210997,1.1682204886777234,1.1638428992298102
1.2098376140669322,1.220358411485063,1.2209553575628735,1.2251600868460955,1.1739834865318353,1.2248156689218181,1.2133259088108437,1.187015505353149,1.212624270295921,1.1778417041823472,1.1603971197154037,1.134394833977358,1.1502632166737043,1.1233373604051873,1.1481543997320278,1.1620811099194643,1.153277837758777,1.1308990047471046,1.1407280928829278,1.2048088287179277,1.1980876065862627,1.158316573524168,1.180696130550073,1.2765393799113838,1.2298487161656164,1.1615475260484867,1.2049402618606355,1.2181784689436077,1.21315983859965,1.203000844552412,1.1672698975771818,1.1586417884528806
1.2134737559852968,1.2284458013289596,1.2465353520675433,1.2314038545611454,1.1739033004808546,1.2408219382827568,1.2452643611467218,1.196778074070619,1.1871845474133826,1.190195204725492,1.1758689042681796,1.1415612684219028,1.1381105743532896,1.1271145960267874,1.1446644905743595,1.1642755307759562,1.1565036734052787,1.1204511748236723,1.1334446243145688,1.1977466878419527,1.1956071865011038,1.1566283077408335,1.1844197641792467,1.2806040937675296,1.2392896865923306,1.1678042142524088,1.2114720615132162,1.2215460440997576,1.2297522679130521,1.21568159221173,1.1765822159568389,1.1658238311365663
1.2114880290587244,1.2350708244570912,1.2661744817359857,1.2247131570475098,1.1517273481230903,1.220599642250863,1.2330029299627119,1.173360093832313,1.156992198411556,1.1677418675617712,1.176854231234174,1.1279739357015184,1.124330276155236,1.120913898125485,1.1364867207921787,1.1531598873193067,1.1484292459384275,1.1263252729141104,1.134264573457626,1.1986434735048974,1.1951571639930008,1.1475867234364314,1.1641973752996302,1.2762742395694606,1.2401880326764883,1.1461247447449927,1.2113346919436039,1.2110957412986552,1.2138316555862974,1.2104452421234528,1.1591535634880281,1.1541657376844765
1.2338444929196601,1.2474388001968844,1.261969914489708,1.2389988199959197,1.1671179936820124,1.2422146325136072,1.2560637992210313,1.1753481233288912,1.1563971265405828,1.182116622390192,1.1928923509940363,1.1353881935989425,1.1323937530674264,1.129534251999146,1.137576305580088,1.1465602426051322,1.1441620977299112,1.13132433938653,1.134840805244085,1.207327194161465,1.1934611123906753,1.1531382591246595,1.165021264666028,1.2642183527209814,1.2485294448356399,1.164601441221173,1.2324203987249758,1.2065298891041696,1.221883407710636,1.2254026932616173,1.1832043904730354,1.1543780637878165
1.2322170031871613,1.2450402559916376,1.2596689679099664,1.2271223338517125,1.1604016247550133,1.228320019452697,1.2369751560544773,1.1728363557106973,1.1570670465875807,1.1935153578248294,1.199190969527882,1.1349187171015769,1.142917135059197,1.1434552944743168,1.1609796942008632,1.1855817118130403,1.1737400686447645,1.1507905841294355,1.1408367648321804,1.2087028885292246,1.1970541452397814,1.148529309876558,1.1615528243300153,1.2584572134259038,1.2501436394011607,1.162065087890496,1.2383400969918368,1.2074741450388546,1.2305724198658072,1.2393818591567844,1.1790387108772855,1.1493023947810364
1.2389830430793216,1.2420915478061252,1.2656802980733348,1.221797363929526,1.1561167322990156,1.2189223616737122,1.2441596154129537,1.169822685717942,1.1568669079881653,1.2020340057444776,1.2019699028701403,1.1361804181506983,1.1420297565246307,1.1464181085973646,1.15717153799406,1.1873324716229818,1.1726518976367053,1.150363264662211,1.1530193111500646,1.2268694038185006,1.215761544303824,1.1596735239704863,1.1709231843941812,1.2881425018061268,1.2600512501322523,1.1559677072741956,1.2361654380036138,1.2210640316858394,1.2474045960318738,1.260012470947855,1.1755883487122598,1.1543423047118802
1.257117758697125,1.2535587064693312,1.287688036037739,1.2125702560218634,1.1602295436369134,1.2414781440094602,1.254336232946229,1.188494389005014,1.1799816597866088,1.2360141599106989,1.2366360241479637,1.1577023398440223,1.1534027605155537,1.1491634649355003,1.1641352353001813,1.1917387334032326,1.1885264710693757,1.1786383341886628,1.1702708413248049,1.2433278886550088,1.2212658015387983,1.1761626077991278,1.1777291729014756,1.2825309567231344,1.262751465457681,1.1710452867565069,1.2437131033294506,1.224964056804197,1.2577564052928825,1.2524969394719832,1.180723504724137,1.1669692037630384
1.2740836191007643,1.248372665213458,1.2887381198369685,1.2299762293177512,1.1599556061156853,1.2666965347091885,1.2389184432293328,1.1861272617509104,1.1617481950623585,1.2253505306862875,1.2301907706767043,1.1457353806456334,1.147710483289714,1.143296968269521,1.153560842049118,1.182069224622285,1.1747579634500074,1.1748497231308859,1.172081827904401,1.2366782771366134,1.2235712556148484,1.1663362273938842,1.1788188169586273,1.2713449464491646,1.2622503785274626,1.1629591763644611,1.2392997006429707,1.2207583132516424,1.2639002956986902,1.2759652885524502,1.1819151326938,1.157347033844207
1.2918469995707245,1.2368010604971746,1.2531264921823695,1.22363789976184,1.1644700486405373,1.2454856902272378,1.2456019275734058,1.1683328289262918,1.1629793557543906,1.2076022782684055,1.2310537334721372,1.1545079220932732,1.153992202332407,1.1665040492115568,1.181823838095198,1.2063375140199741,1.1938628671263258,1.178139225663521,1.172626156410576,1.2581224063004939,1.2198211883641377,1.166585546395258,1.1697415880298347,1.275411761253647,1.2611031440315053,1.1622788058870281,1.239192127167504,1.2238870868383225,1.2700669764584713,1.2957495581825862,1.1918419894261847,1.1573099506007891
1.3038412283680159,1.253654987951754,1.2576058031133746,1.2253047130893295,1.1718556210554907,1.252750779524386,1.2583386770099632,1.1728007362256776,1.1614931609287287,1.2144863801494563,1.2787214794729742,1.1674853929687519,1.1655138650685724,1.190838841766577,1.2070002861807008,1.2159509655120058,1.1828270588996128,1.1695152923929266,1.186424290680122,1.2548295495673523,1.2315919350543587,1.1900350187097355,1.186766313931525,1.2722360036695166,1.2613401984173105,1.163865809213314,1.2448825474435796,1.2613780778910457,1.2839954977738275,1.311034379804809,1.2086206702000766,1.1795705488580326
1.2972915532865394,1.2757411732492427,1.2608968782654308,1.2371610730319413,1.1946164756215147,1.2686863371610446,1.2848267030523681,1.1751893380413772,1.1780330274900568,1.2371280826877382,1.3040079598428815,1.1884787969979795,1.1715802369393582,1.2009588630901256,1.2236963331694786,1.2233299317998827,1.1946861002870803,1.1804571537455206,1.1877264664015856,1.2566709531971727,1.2308449777620183,1.1892318036254466,1.1902971265834603,1.2773681791432698,1.26032586783807,1.1838500085344301,1.2566843473934466,1.265930847210256,1.2711265214944372,1.3134550771802687,1.2304223019487108,1.191855880738538
1.306296726514978,1.2793694206336734,1.2573508292389917,1.2417488807154593,1.1967407303010675,1.2712191181471388,1.280513568741658,1.1888775546779553,1.1959574470832037,1.2357037589168807,1.293498826122957,1.1909496896887788,1.1685072596217554,1.2075393085400512,1.2368234530573599,1.22862851243957,1.187415680830069,1.1716946323881852,1.174678192476392,1.24988585391775,1.2243522106027225,1.1839125229317031,1.1914637749096015,1.2604563584035036,1.2530199149834198,1.1844673708830333,1.2644432186008676,1.278952479378251,1.317018522030587,1.3388984855773034,1.2483073748992433,1.198404212210377
1.3088119349342382,1.2804937332573614,1.2479012081822418,1.2559064593744425,1.1996220668957762,1.266747304824852,1.2717933755388917,1.2052453892502204,1.1862528846509028,1.2481905026797977,1.2897341106328757,1.181108045459102,1.1716716817327335,1.2026142789391612,1.2391844666806522,1.2430382271758633,1.2165520615363015,1.2120573297387889,1.2194343067718865,1.2750431325157032,1.2726335983355863,1.2205134340550388,1.2301018704867932,1.2784043986137725,1.2656241012885816,1.1945988762006399,1.2519367111025148,1.2908489686292897,1.332539757576545,1.3238644301507498,1.2433645145685472,1.2222700122072812
1.286923045109781,1.278687235811275,1.270714073259615,1.2699982155705298,1.2099545921266963,1.2748788500846022,1.276239171187582,1.1973746227744158,1.1935902117653236,1.2493755692585429,1.2988926436117414,1.2014403754020155,1.1645787297379828,1.2096369746951665,1.251622351450564,1.2490701339407195,1.2184912059061541,1.1956933337815676,1.1912073902905123,1.2537412465318516,1.2521963740502577,1.1978647582138418,1.2087891351617985,1.264329561931239,1.2520526008359343,1.1999541053981673,1.2480715837482284,1.270685837737421,1.3303136964100524,1.3174293973510602,1.2574072193082106,1.210036085275841
1.2763188217973866,1.270643763035529,1.281173336029847,1.2734801565352338,1.204668606604774,1.2952156800092567,1.2851361388819678,1.2213332554437082,1.198293870235092,1.246358781887123,1.2898804815816545,1.218868423012515,1.1876353702935976,1.2162087699093562,1.250100879591314,1.2411775349558247,1.2151748729512832,1.2117822248193286,1.2143947711157366,1.270511567838222,1.2751851449759517,1.2119765873097366,1.2317450096660676,1.2816719052380585,1.2809053077818948,1.2201502491330767,1.2636752462073193,1.2851889983333047,1.3517872083258549,1.3251853196648118,1.2543426853361903,1.2221702922389721
1.2611782273778933,1.262166712485188,1.271867143020105,1.2500861957498066,1.1885557951414127,1.2822036785256992,1.2692151641577702,1.223212328581212,1.1699500562059653,1.2454993949699358,1.2765740817708666,1.2000522324961809,1.1391548414591484,1.20667240900631,1.243601634084888,1.2306520350734793,1.202398024525009,1.1637217479171191,1.1632850246125581,1.2354026463547512,1.2211794085532446,1.1635629823333484,1.1879354043007386,1.2399152293433904,1.2315219939866615,1.2148892292319322,1.2442404389058739,1.2663786015312457,1.3215435937802775,1.3024585922134089,1.226956337970854,1.2068434174131581
1.2543254621334206,1.2556550549587004,1.2737231157526323,1.2620729846879486,1.196055440245929,1.273973482581555,1.2826172712231587,1.209133734833924,1.1589518361915057,1.2211733003334662,1.281400347566601,1.1848662512681793,1.1196011382809086,1.185448115024871,1.2225311489102095,1.2038858467747537,1.171961177364013,1.1293198386360492,1.132654033668945,1.2085794356575918,1.200567392126422,1.1429783604111496,1.1734326513628874,1.23285174926858,1.2286703125869702,1.1884619086322976,1.2484849303851018,1.2608182509404444,1.32558237640931,1.306201824678105,1.2327857158093805,1.1973414191890204
1.2332321302232645,1.2609945970701513,1.2905963585193703,1.2515720658812801,1.1917852528728679,1.282703027642774,1.2824794350374489,1.2340411279253727,1.1555321257126596,1.229472469448039,1.2832937420267743,1.181573218266078,1.127485374674548,1.1771084921226755,1.2137111955222142,1.2042735935205695,1.189254192903683,1.1432784686538098,1.1477868362466346,1.2014519074747583,1.2026725917159662,1.156846499570919,1.183765050408885,1.225796215016038,1.2361983359207427,1.1942779696346875,1.242272496247399,1.2669209451312244,1.342637835100665,1.2875674320893642,1.220791547105086,1.2010386290456305
1.2164912111554973,1.2742357521168253,1.2866601490605913,1.2621255874716504,1.1963848134727264,1.2933663959403152,1.288510615819592,1.24250891215428,1.1534261484308452,1.2538628904137936,1.2922218996705421,1.1843458033728365,1.1196398837521573,1.162032351880152,1.192957305934141,1.1823694554091129,1.163089884646444,1.1119008300031965,1.1152468109007116,1.1877553956009366,1.1823687888769612,1.1438570837321635,1.1691702288417125,1.2317135966110184,1.2187666595766709,1.2011336039448086,1.236684972496508,1.2704982083683047,1.3377300398680794,1.2772629729847926,1.2113492343362333,1.2094351942257646
1.202037683881562,1.2676214776180357,1.2810327071879517,1.25100098524849,1.1915830908882519,1.3044231722279518,1.273463529585651,1.2556497698731144,1.1430780462706653,1.227051369642333,1.2590787323493602,1.1719325846880495,1.104494823288285,1.1448099681429307,1.1661585327608714,1.174057951944227,1.1633993269770222,1.1120379052601412,1.108236220110067,1.1964062665552,1.1856733473009575,1.1306030070214381,1.166257758709645,1.2457379883735866,1.2157990095717144,1.1946643071723444,1.2344034247110967,1.2510653823278806,1.337067856945521,1.249912691168306,1.1929061817722488,1.1994644177963285
1.188022775586426,1.2577596626430156,1.2593169182211084,1.270893656840828,1.1906068120544582,1.2814746508357084,1.2609613055564346,1.2475427257736234,1.1442338431758965,1.2393292541071537,1.253614870235096,1.1724450234771195,1.111854053448583,1.1415964208820861,1.1705124172339318,1.1830668290510886,1.1784004898575804,1.1212611764529667,1.1198073426079111,1.1933920856216174,1.1804805963247689,1.1308482942208034,1.1584712697814554,1.245581997293156,1.2175537998167518,1.2026155158450842,1.2383335895962366,1.23245188369554,1.3441356595689498,1.239581228302899,1.2040202752531204,1.2004650868463609
1.19015900197044,1.2619575769804636,1.2825371805735781,1.2542194567224734,1.1861392684687573,1.2664719509771492,1.26525286820609,1.2644900212456254,1.1642319891807837,1.2552657267229057,1.2704000800234707,1.1982481811365253,1.1150513163286797,1.155471723372625,1.185066269843233,1.185575401790222,1.1797688167492073,1.1214915896885207,1.1249553424229497,1.2035749687431756,1.1865329481232412,1.1308663625415853,1.1649927963619278,1.248184598669157,1.2296160081102911,1.204036250221046,1.2384265293933967,1.228566168324962,1.3415013785248349,1.2319627954214467,1.1972103849400375,1.2036297622725174
1.1846565816570362,1.2799140351154865,1.2834230631182852,1.2425547123946514,1.1867876351384854,1.2818938288478805,1.2677415804816323,1.2726195975887118,1.1613021480494148,1.2598111836640074,1.2761484123067846,1.196005474747164,1.1143927097217776,1.1583835946149597,1.1883810092501048,1.196273767743186,1.1950969798339799,1.123938730544373,1.1238340025903721,1.201808630927146,1.1836037727408266,1.1217301319416082,1.183702881925009,1.2457816664318087,1.2475153607284986,1.1909034255526043,1.2283362636457091,1.21363255357742,1.313705329188359,1.2274307580420134,1.185281190706674,1.2092293531722815
1.1976752514712734,1.2624247089216838,1.2613701926472227,1.2214161401051875,1.1986599866540357,1.2455563223866541,1.2530600725247243,1.2468187590734903,1.1473402583032102,1.2378711505668927,1.25454039611554,1.1771644598968927,1.1066912754537637,1.148001982136717,1.1808705092456784,1.187080456123272,1.1846775991562601,1.11323458342868,1.109127187868427,1.1881841708768712,1.1682559375289825,1.1060938131290317,1.1690723195592017,1.2475776878696625,1.2451688511879777,1.2075308028585152,1.236974092048413,1.2128403295259231,1.2971549842859587,1.2316899318062746,1.1940706798086467,1.1924457621033335
1.2148003646646763,1.309197733156159,1.2609914200580312,1.2421536489863307,1.2123705141410632,1.2651950471743532,1.2512490646420964,1.2473216421275213,1.171822550357091,1.2499344002650095,1.2435851006478207,1.1904564686488421,1.1321880070896566,1.1490906653637376,1.1691338506907305,1.1900214961760307,1.1937913531606137,1.1296593693946486,1.128422682989444,1.1840183848262626,1.1682598316016466,1.1224557121144527,1.1758722609277779,1.2457966674001129,1.24579693164081,1.193497324518491,1.2286335153047232,1.2180109547589164,1.3109770459548789,1.2446616964418666,1.215114911401474,1.1985287016530681
1.2216971399296839,1.2973876459454567,1.2793581041278963,1.243889425200381,1.1902510875806338,1.2501185346081964,1.251350863404751,1.244446993420559,1.1719688442678837,1.2596431318586296,1.2572462493327097,1.2018651058682672,1.135161885939099,1.1652070621877864,1.1889039314234744,1.2094552090985282,1.2082149153107882,1.138418077156247,1.1413242335562461,1.1980666291841058,1.1802719835165114,1.1438949793004454,1.1917606722463323,1.264698840824489,1.2527253825805955,1.1938299629691762,1.2280559263045285,1.2231441964377663,1.315454136429971,1.2543730538029003,1.2108727526390228,1.188075173855102
1.220687621147198,1.3012619207727278,1.2663970414139742,1.2351828005872696,1.1986160003232456,1.2517339001416743,1.2353536331391068,1.244897361377369,1.1803736839772292,1.2829153414833554,1.2633216814422576,1.2129671139531402,1.1514305827463542,1.1621495807846056,1.1857317139605812,1.208312158918915,1.2058900303316162,1.1443690904685484,1.1586098446247097,1.2136560898016842,1.2071898394346796,1.1438572566748744,1.2178159853433086,1.2827876138941094,1.2737829961459817,1.2198819230858309,1.246720085782757,1.225004167162645,1.303910226812178,1.2472000792620108,1.2276192521957745,1.1985740663267732
1.229466846899318,1.2910079677473019,1.2554786432137996,1.2483268856738121,1.202728096103182,1.2504117312332546,1.222275784855743,1.2452910615905146,1.1904564868105738,1.2781503033680786,1.2568745222392539,1.2103226919383174,1.1513192036083824,1.1776576625105994,1.202926177688678,1.2236531242439812,1.220178629223717,1.1486530746511885,1.1572196709274873,1.2172508262547954,1.20664499639276,1.1459092825062944,1.198836672912208,1.2747939521881424,1.258883635400155,1.2118319553049055,1.263321631417496,1.2204220598815256,1.3060154232031878,1.2544799760855352,1.2400508745567924,1.176085262649225
1.2431717448371251,1.3060471096943655,1.2654010998367806,1.2408255040003537,1.2128936990224704,1.245336374622359,1.226353728192234,1.2340671335982165,1.1962830146816261,1.2881930233963432,1.2715958624430548,1.2567558886915957,1.1769452239255218,1.2303121737084781,1.2559313468335676,1.2675893014557174,1.2501719682891654,1.1747339390153628,1.1843933222229328,1.2140189685443301,1.2218982168952843,1.178625415548903,1.22503702926531,1.268589015916514,1.2691583709825665,1.2427709294659397,1.258556771196938,1.222907576445813,1.3233359733633652,1.261763499753056,1.256972144912723,1.2020328705367165
1.2585168854240536,1.3018517260802374,1.2643134053974048,1.2510466396900792,1.2180441970671831,1.270019037819224,1.2444914812838395,1.2609075046013742,1.2009183461318962,1.2980597359675339,1.2725890690546338,1.2642982559135791,1.1867475473226157,1.2484847268353214,1.2792306152570594,1.276229857926162,1.2514348768475831,1.195814234869479,1.1806021962621753,1.2076491580746271,1.2156447751907633,1.1674495015743485,1.2092116670357236,1.2653921676649282,1.261761813047318,1.2341598698235543,1.2661607465697282,1.228549372036745,1.2960324970942791,1.2809648715467552,1.2642126820621065,1.1931273028622984
1.275782200043186,1.2935417033752303,1.2549355448219859,1.2555791046387441,1.2168827993949172,1.2630407821598189,1.2358671453349004,1.2602588985041112,1.1852473975546727,1.2874370054950988,1.2636402600909071,1.2543551025100508,1.1875676674611124,1.25225620814182,1.2771200945906314,1.2836924196840518,1.2605739579415105,1.2176330630519066,1.195959468246921,1.217455114988188,1.228770778570084,1.1783538716080595,1.2180861056313594,1.2710657509272718,1.2798230770104204,1.2342902358119676,1.2719078927460132,1.2416269634678117,1.2912154300594172,1.277572597293507,1.2550199975054055,1.1920810713080332
1.2960758149013463,1.2741057459063294,1.2529660047129387,1.2421147452627246,1.2274564293194725,1.266586952195937,1.2272994256728362,1.2536286272987267,1.181591019500153,1.2783763200461957,1.2471998655697965,1.2487320767658556,1.186986649071815,1.2415410590760632,1.2707236965611064,1.2781616936022793,1.2437677803062228,1.2019605564746514,1.2047869266730296,1.2327207564376925,1.2389005848134653,1.2025159843132687,1.235807598815044,1.292168838466616,1.298220552231022,1.2545518212018745,1.286440188557201,1.2402602697657341,1.274453923231934,1.283470145539909,1.2628664922804311,1.1937523444190852
1.29408072658767,1.2726791787541625,1.2624566132568757,1.269471541861721,1.2256647616443286,1.2843715801354014,1.2391689431569153,1.2579641302799254,1.1851320700662082,1.2792315425075533,1.251074147754149,1.2330561127144348,1.1937856900555281,1.2320790716781242,1.2629347134645337,1.2613313040943406,1.2241173053282368,1.1891443092489404,1.1875821207037736,1.228100322277945,1.224876428685382,1.200892392297922,1.2300735490194425,1.2776657605506692,1.2817012752058,1.2622974146103245,1.301624711757863,1.2438874285847727,1.291746025109632,1.2807022580318133,1.2653814113086024,1.1891934197788296
1.3024074079945398,1.2713265178895317,1.2690424146895836,1.2647507759103478,1.224804587156174,1.286323717083804,1.2596191192231678,1.2632719738804647,1.1829727628059752,1.2882072526615633,1.2938005708680813,1.2272617620643798,1.1814466715239524,1.2226295459253305,1.2573048761952579,1.255328748640863,1.223265385256689,1.1801147789386708,1.202388667225399,1.2615353715855755,1.25420191423155,1.2175879149574675,1.245572942857813,1.2874462823324184,1.2878527743002883,1.277349198893936,1.309447780264586,1.269369427433547,1.2929941497754198,1.278888131869826,1.2675812340592847,1.1896333846334444
1.3098499066456675,1.2598546426717552,1.2502080371068884,1.2675295775437472,1.2417485170131572,1.3068270767939263,1.2748167738509528,1.242246862222826,1.1866627674394339,1.2696240678458324,1.3018649693688604,1.2247041642953547,1.191599538507129,1.2264410704770379,1.26253681651338,1.2502114592658382,1.219218454109435,1.1815573389082081,1.2095000639171247,1.237457708674125,1.2488089069784778,1.2311172310736929,1.2479779331313257,1.283210991186805,1.2917221208600838,1.2679267700039345,1.3053391170061706,1.2647428552712472,1.285686770797723,1.2675105311978896,1.2663757156958484,1.1866922449160724
1.298957259441281,1.2593178551402435,1.2352743337275272,1.2730968052412102,1.2523050841602519,1.3179136603945658,1.27220328660894,1.245317685265982,1.189697166140665,1.2628043514462817,1.2751814633385026,1.2280500549159579,1.2008714859236798,1.2419656709867344,1.28203768036144,1.2789728540810181,1.2439894351165814,1.191716050599372,1.1969591400822641,1.2363043646033434,1.2339457714401532,1.2199919084050428,1.2281496834267778,1.269439458838499,1.2665464874317018,1.2490393387505652,1.2891776053440218,1.2612561587172237,1.2401800252925115,1.243925237544069,1.2510007192613766,1.189584919018056
1.3006398863734827,1.2509523712990778,1.2242583092636443,1.277712558881571,1.2220190829958297,1.3147719086290162,1.2809318730141834,1.2436351868250954,1.1589973950257335,1.2471706173433292,1.2609044050681721,1.195305375741939,1.1738701779640381,1.2126949076194944,1.2561829644629918,1.2481020489193264,1.2183500731087722,1.1810278043770457,1.1838517364352066,1.22427366987035,1.214779111859264,1.2216627290085535,1.230350472072898,1.2612157580537187,1.2677050064740998,1.2476944498494933,1.2735822745882661,1.2498941940561514,1.240691785374345,1.2329005888901208,1.2356030264469164,1.2053790369928654
1.2987381210530213,1.2669004889988529,1.2424545363043056,1.2677750656746787,1.2135438740533093,1.302500602964233,1.2852077876659798,1.223107914779014,1.1592394669503072,1.2286614281016468,1.2495628404025017,1.1919985393881398,1.182928747441911,1.2011598224152749,1.22787818192902,1.2231159165012644,1.1887978419989473,1.1790305567621797,1.1752567292685383,1.2227397582635449,1.2144024381036234,1.2123798385100872,1.220568142789343,1.263643119819892,1.2631315827352887,1.227428537284407,1.255544020168102,1.2543524378886948,1.2341036268929955,1.2322367261376517,1.218305189258284,1.1935377392239657
1.2664260264806344,1.2449151673720482,1.226355274920443,1.2581699871895848,1.1930357787424584,1.3192639870989622,1.2846925073179554,1.23778975874416,1.159248313579959,1.2398939151515613,1.2565089891625287,1.184417333532232,1.1758133997951987,1.1806519602298418,1.2049901676353372,1.2097737287237533,1.1937282679380254,1.185053443771121,1.1875148402760294,1.2096255885069098,1.2124241998479899,1.212471745196603,1.2198619394287904,1.2599153617683831,1.2489900116161188,1.216672495032719,1.2381026584185708,1.2418414661687454,1.232281848216427,1.2291150861201723,1.1915511209445564,1.2124453354573295
1.2728218187270288,1.228362752345358,1.2303089624383399,1.254478969710861,1.1798987587116665,1.3084374323291241,1.2971530340234667,1.1939857423837803,1.169244219292505,1.2160883417485928,1.2602106812189995,1.1984669447683005,1.1918250710977216,1.2058002562314878,1.2334824018829273,1.2370686388516667,1.2198790168991671,1.2010255662101152,1.190617961338202,1.2149649482400802,1.2108607709686698,1.2198322673557092,1.2206077270781184,1.2516446507107584,1.2494151983823927,1.2250209401514258,1.2427847971580688,1.2339397111318269,1.2212796237050925,1.2239683225401798,1.1845364980005209,1.210824714358394
1.2478296084240676,1.2170139728746565,1.2332721041769132,1.2506346976248497,1.189952994601279,1.3349434309307553,1.2883248801805882,1.2193053286626698,1.159900503749671,1.2210733766444108,1.243089244251571,1.1665110909383956,1.1941786915887431,1.183405510858303,1.2152609973533353,1.2219690631730509,1.2166880264112576,1.2015871409431418,1.1908363562737692,1.2253743717710823,1.2220688313006471,1.2314072003070076,1.2442704805111284,1.2631299751363345,1.2571320043188037,1.2317307908196233,1.2287017317317623,1.2319677253861534,1.2004516819471314,1.207689852820018,1.1767930963352573,1.2235780085417045
1.2517917500562241,1.237666951702604,1.2436896138696745,1.2604103500546513,1.1855107952868937,1.3497291464228383,1.308330785067989,1.1916638101643466,1.1692373926644577,1.2163000972019136,1.264200508875398,1.1687668057005325,1.1611412121791669,1.1696608923922964,1.192301031731592,1.2029336748828787,1.1986077067627428,1.173185716514768,1.1605355493226541,1.1913341895774687,1.1918237753844723,1.201273721539274,1.2253516023215434,1.2290201214369876,1.249446233719326,1.2354664575537382,1.2376894375731193,1.2371912041322037,1.2202130886763596,1.2314913988024498,1.1889142119839988,1.231644584065564
1.2147640569884879,1.2263545000534481,1.2087157843074519,1.2144637509440748,1.16945435835599,1.3460961364644903,1.2893850421604611,1.1894551633462256,1.1498876393794637,1.2187615095007842,1.249173937130951,1.1699143167808397,1.1634049234836181,1.17099197443603,1.187109472770851,1.2043429440661244,1.2075662389605424,1.192252183366855,1.167105028459601,1.1914337525505139,1.194712879794142,1.20208249876621,1.2159917984251156,1.249122153426296,1.2422346580181134,1.1944004353171598,1.2045237665605264,1.2199206663801268,1.190022255186304,1.2115595678203104,1.153433793904915,1.224757851303073
1.2161645624175514,1.2396719387611663,1.226773814817006,1.2216090021965331,1.1794511341193756,1.334907987418479,1.2799909455230845,1.1924523551352264,1.1468113518138734,1.218603190000455,1.2465794557418302,1.1676468929147445,1.1596893161056816,1.176764149632018,1.2050651095160199,1.214874874483134,1.2109889783156078,1.19197063727347,1.1607454886817254,1.181107943817145,1.1766252562486008,1.1909272501624275,1.1848382046745802,1.2291124028537566,1.2013114370054776,1.179547277194322,1.1937326063632536,1.2131438809549098,1.1956222492873296,1.2264735808826717,1.1536188191225383,1.2246666406327844
1.1989847237814866,1.228677705825073,1.231295010299666,1.1963571986010524,1.1588704902276155,1.3208662485422065,1.272507231429682,1.1749660573745906,1.1461764230961318,1.201472121447208,1.2392281500180131,1.1622031171524814,1.157658234745823,1.1803621397795323,1.20700317664911,1.2115424465105347,1.2016451597318096,1.1841124398092435,1.1427594136429287,1.1636522939927871,1.1529272136952031,1.1651339997247112,1.1640301538078606,1.2053956998555038,1.1946037732780028,1.1710121285897226,1.1932019996859173,1.2048331702721424,1.197130330510961,1.2186471388592048,1.1437826958020187,1.2023122240150892
1.1997227154269374,1.2331471301469181,1.218549922393648,1.1988425370494777,1.166700232243478,1.3056111348549937,1.2451980171342711,1.1806475540788979,1.1665265383996697,1.216705721132802,1.245356039732776,1.1743464444391627,1.168841116992041,1.1828811579816145,1.2071598673140307,1.2174087509086933,1.212804838481317,1.1918260138220906,1.1548178933630193,1.1660575529847281,1.1601507678287253,1.1682033528213887,1.1631227563045738,1.2185128245066263,1.189816687922499,1.1860673630916898,1.1821520351168489,1.167778806329034,1.1798712251880823,1.1825726091362483,1.1643558812884387,1.2147004975228486
1.1903470312039666,1.2288188720456312,1.2247971846107326,1.1881983693971987,1.1512075029443785,1.2992273663072436,1.2463193726442636,1.1722586311141021,1.158460503927092,1.2011539751622846,1.250453522406987,1.1737827311258047,1.1707366703745823,1.1941274573761769,1.2276607832051416,1.2251710855145772,1.2179147505816015,1.1969115902493983,1.164054602746333,1.1774403437464862,1.169261239099247,1.175569650241994,1.165697441945731,1.2200197619973074,1.1926922622924492,1.1751946999636664,1.1785917236556738,1.1702139265766125,1.1902906681114767,1.1890036752940905,1.1470175676115413,1.2014821552189454
1.2308406801424,1.2492202816344307,1.232686267985854,1.1885877565239595,1.1660775586962844,1.3044084640118303,1.2512100472849446,1.1914951660803768,1.1610910057660073,1.2093018302079355,1.2542643233193391,1.1697268730401262,1.175118708703813,1.1894952605337303,1.2310107982559837,1.2438486252743441,1.2282746490808174,1.193015510205471,1.1776775351725963,1.205951478283194,1.1953617157133916,1.1935421456720143,1.1860746100212962,1.244426618237746,1.2085264954612567,1.1963116433487933,1.1983257613537102,1.1942118878499224,1.2035873817751945,1.199532010735837,1.1706852540690718,1.2145720264720803
1.2355443229258012,1.2678828464459486,1.222351970055851,1.197571849568321,1.1594103657831467,1.3140004687019906,1.2602373343958821,1.2074036757228348,1.1785816065354078,1.2163167198390512,1.255565863079583,1.181790286137342,1.1802804658803818,1.1979328838897245,1.2347536447471856,1.23756323363487,1.2234464544458847,1.1924500691498565,1.187453087807522,1.2079600688160526,1.206172826999489,1.1971337373824518,1.1979042374348843,1.2275838238289125,1.2160902757616947,1.1790933637565382,1.2062757910705182,1.1832535406459466,1.1904294607891581,1.1842300999447855,1.1507701873629888,1.2067616477893703
1.2619720031353447,1.2861971659516584,1.233530181281538,1.1963390494735284,1.1730601343990255,1.302564431359965,1.2587555959742391,1.2116704458897205,1.1604452122961664,1.22596532583325,1.2607792606418324,1.1654689393891435,1.1681957026654695,1.178478409319025,1.2121254104880068,1.2234121120052122,1.2109957604533994,1.185219560609643,1.1831612303208765,1.2047289001970796,1.2010451673203024,1.181003798068169,1.1883458253698735,1.2389626842540251,1.2188290087204054,1.1881042017895358,1.2104115955559276,1.201717618295636,1.202502398695601,1.1880347630565966,1.1742774155721698,1.2037030139468152
1.2537412653374298,1.296429167678369,1.2595401767461847,1.1859192804379761,1.166550664898561,1.3027876059414942,1.264506002233717,1.2050024188607376,1.1681547879608696,1.226954244579405,1.2608661268079264,1.171898296210417,1.1631689536904013,1.185818381825947,1.2225505957133798,1.222038897344346,1.2086694682154229,1.1841564953399,1.1850300453317575,1.207684356687617,1.198929220319217,1.179195726946898,1.1807745962229033,1.2338712229558662,1.2105347681434624,1.16703159287732,1.197812605773771,1.189186255395677,1.2219945678639816,1.188363236253134,1.1618202508489526,1.1944980581633249
1.2657664761119363,1.3067193449069048,1.2482070503388325,1.2124354710368552,1.180751396068061,1.2963813263171537,1.2511189819551565,1.2297551223044412,1.1795875465731993,1.2255539764361587,1.2525835085056167,1.167406136791472,1.1661213687561964,1.1790800034842355,1.221528940499709,1.2203401478418046,1.2063108632344965,1.1756635123415797,1.1768847014424906,1.2019618378715966,1.192721278503878,1.1671711928279587,1.1737525731578426,1.2303294250368637,1.2007167290787877,1.1807087740661397,1.2096126678828807,1.1957198541478629,1.2338935794446546,1.2076028984010865,1.1905817705611317,1.1861691976148931
1.2796156877612965,1.2871193696165337,1.262100962073853,1.2371149526251868,1.1961862867995963,1.3071887660269002,1.273946240711655,1.2621355757789912,1.2002930419328122,1.2458101837414022,1.2695126499839406,1.2063972281005089,1.1911645808120392,1.2130338112487455,1.2467083971710902,1.24326345267029,1.2232981031560755,1.1925743931474073,1.1895160192511118,1.200230307670182,1.2020312738556973,1.171641830515729,1.177553831278044,1.232112464220452,1.2181521421574864,1.194667088493802,1.2239516812898605,1.1993677249950936,1.232270465462574,1.2244711956520486,1.2022778465307045,1.1926168488002118
1.2584681721649835,1.2919347922080502,1.2436434135162822,1.21856228712165,1.181934532009378,1.2732551379202264,1.2306524874108256,1.2377990846443532,1.1796781332688868,1.220820954397317,1.2282157549001365,1.1904249363040311,1.1877440501123449,1.1932918918799404,1.2409620717032224,1.2530835936862268,1.236830483529307,1.1915017095031208,1.2119543166644338,1.2265388900219252,1.2297230528961833,1.1876398120089322,1.1997528653020895,1.2496435307332407,1.237988834869442,1.1929756318902625,1.2262531816916267,1.2065738811005604,1.23881451793115,1.224784094029918,1.1810597873898958,1.1744924608501663
1.2625810010485732,1.2859109649742761,1.2426086919587191,1.2039576607017421,1.1917993223165522,1.2732590740433882,1.2398227587006727,1.2461570146577332,1.193077459600257,1.2250013481111046,1.2451787316493184,1.200067593910773,1.1912318918875233,1.1989509664452702,1.2361083083807447,1.2443204802877434,1.2306709726043958,1.191500545296902,1.2067972726695306,1.211736264939413,1.2209596838811176,1.1846433565428067,1.1923477534142237,1.2365629545782706,1.2380624565704594,1.19240866468545,1.2159753971769958,1.2159203771390614,1.249272693081305,1.2323404114877383,1.1805626474810968,1.1824618817138794
1.257801424662963,1.2927588583884135,1.2142165730721397,1.1933362138812686,1.1589921797233484,1.265325138446604,1.2395818438553783,1.2458074361922227,1.156290032306977,1.222916903121319,1.245962946174204,1.1845792242081852,1.1422918646458005,1.1709955418125433,1.2015946225668037,1.2027835653401107,1.179880108554864,1.1342566336593176,1.1578904742255223,1.1805790685584925,1.200381868246429,1.1668349663442266,1.200294699029958,1.2205739763053811,1.246684129765722,1.194455784951043,1.228397652026106,1.2256254345050208,1.2449317935615616,1.2515339533721943,1.1667374083875042,1.1884833939029005
1.2666793958649303,1.2893351716566566,1.1991189872123038,1.1968963968362287,1.179656943437839,1.2567543614348533,1.2279718520845964,1.2435403491378088,1.1613782457764033,1.2210361961553091,1.2307302038727332,1.1730322647994602,1.1526244290828536,1.1605640446428043,1.1966263841072333,1.2027015483685237,1.1834397987977898,1.1313981731227591,1.1483379850329398,1.1749695780064149,1.1937750517360173,1.1520548796456813,1.1981303261967458,1.213391960738796,1.249411647498727,1.1998640184975622,1.2366475189801343,1.2198184249415263,1.2351527222303047,1.2296543830083757,1.1655535740755907,1.1647174351807366
1.2341715816840289,1.2889175501403538,1.1961494747467367,1.1931199662470415,1.1517004550442689,1.2512479087069552,1.2186964803864717,1.2209706769075968,1.1458508202151754,1.205697523248157,1.2190949274756575,1.1475905913959878,1.1384593564353274,1.1328464525214301,1.1675741580087802,1.1785055754054887,1.166521634337972,1.1314654793734176,1.1454066040039679,1.1546462130376332,1.1858213799394588,1.1552668294091333,1.1904853356713383,1.206783090750817,1.243029293274474,1.1755025146468556,1.2280873770669087,1.2153994459328088,1.2353640994619361,1.2292683521235548,1.136626859158517,1.1686409799587854
1.2260183777990197,1.2817573698242548,1.2067968759972139,1.1646006457157698,1.155809725604219,1.2508620407153606,1.2400592146040827,1.2114443915110429,1.1622553369556765,1.2077102117580725,1.2139118730680274,1.1640799384542386,1.1435946729358089,1.1401067037657728,1.1743495710694591,1.1870844543962016,1.167112272586839,1.1264586526126317,1.1287267804930137,1.1372378609146518,1.168376063674417,1.141644446619101,1.1621974473979404,1.1975518120165947,1.219729011330707,1.1821426048092063,1.2204038101900854,1.201459871637741,1.2313727149772813,1.231349564596747,1.1536757343891149,1.170134550162658
1.2126631421697325,1.2917474724854108,1.2138523287909486,1.1743750867303215,1.164639285248541,1.2590550805730678,1.2242371868211621,1.2341650877395645,1.167520271778354,1.2035516552359062,1.2231983518550302,1.1632362006515011,1.1520386047684577,1.14296928803463,1.176373812617369,1.186824933718797,1.1656317297691245,1.1287247157337121,1.1384488841379252,1.1634995436675433,1.1915751881253116,1.1544469721775308,1.171883145923717,1.2259777838791093,1.2225995444968896,1.1894791840764063,1.2337773643729086,1.225298441112243,1.2533677296629142,1.2470167019707765,1.1668748546176868,1.1650394017147456
1.2123864418498271,1.300260098360871,1.1999872765389799,1.1904717821099624,1.162306229760369,1.2765370708799086,1.232745008140571,1.2211948331733498,1.170819121163589,1.210099064884642,1.2218831175107059,1.1582591538636366,1.1556043478461417,1.1448132822626051,1.178482108365175,1.19142635489624,1.1725120183177187,1.139551513427463,1.1437940408480471,1.160695405644674,1.1823206633539802,1.158108072182932,1.1631561546717513,1.2254646976126642,1.2092773682211937,1.1742073983202577,1.2150277636450788,1.207720098805837,1.2251003583450513,1.2326701218726905,1.1559164461282176,1.1536969742379188
1.2198715602938808,1.3132197180745806,1.2131057220492867,1.173524382891232,1.171114382298078,1.2520395135709637,1.2511687929920514,1.2184710611704326,1.165911535979797,1.2014084537708287,1.2313348982162713,1.1634922927417044,1.1643751348274598,1.1540510856896118,1.1887057332164248,1.1965651553381418,1.1717207259216025,1.1423794219120582,1.1545494536722598,1.1721798399425587,1.2085956751885678,1.1728834370491084,1.1839864626355698,1.2409305178910999,1.2128823271391065,1.1878950667749848,1.2123787687301875,1.2253846974774116,1.2311811125097614,1.2099174361666662,1.1565636798916732,1.1652325909378187
1.2381608396508343,1.3375110571984163,1.236877022842027,1.1842579483768851,1.1788538061119698,1.2553629147221703,1.291058309367875,1.2270728851586696,1.1660232839242333,1.2254356292763853,1.2690770720760332,1.1647454869977303,1.1481015203476002,1.1505399074072635,1.1746118762485191,1.1760850703159278,1.1564974646652821,1.1249934127762935,1.139386668440502,1.1725711433844064,1.2015965899851448,1.1572134472745088,1.1885936228869487,1.2388293139729532,1.2338139396322219,1.2146017528993376,1.2184182215937156,1.2176772632924149,1.240617693826672,1.201429934966059,1.1809941519003775,1.18711424159014
1.2250370659097118,1.3414210002142664,1.2436197673022362,1.1887979611654051,1.1833806457721872,1.2446102773482577,1.3014594037908815,1.2299402858598558,1.1611405380595137,1.238309700037813,1.2759712763195217,1.164246111025439,1.1441104365622397,1.154838281119698,1.184335930046569,1.183967084329102,1.1608694268884034,1.1285658758600936,1.147972532824832,1.195715919957792,1.2283112355802024,1.1674691214382769,1.2358724716442246,1.2671427064696061,1.2638322853236434,1.2055115530051226,1.206388808205332,1.214187533073475,1.2371992918140309,1.2041137636846957,1.1776600822500283,1.1822248371648414
1.2397471604204218,1.3452770037263293,1.2509440639416427,1.2059342207177495,1.1914868201826025,1.2488863567366093,1.3010158009477435,1.2445584598572335,1.1682180209472557,1.2448873490102592,1.269776444173843,1.160661775435319,1.1546489245111888,1.1509964775765924,1.1819034000956534,1.1892473512162312,1.1688430246139019,1.1388402998020917,1.159654766780178,1.2191952735855338,1.246028868388851,1.179711010435033,1.2413312561411531,1.2994509371014824,1.2796568620316888,1.225280158765543,1.2417993498787276,1.2657754185032282,1.2586590326335705,1.2259226142566495,1.19053736207589,1.1891583895844176
1.2525773189991771,1.3413692577846696,1.2736812731249971,1.2268265113060288,1.2002832224380764,1.250467423186116,1.2950846616666039,1.218734751645842,1.1671074683831997,1.224141856974807,1.2467589332455722,1.1440269633780553,1.1607652045182675,1.1373746544652557,1.1642294680131782,1.168810752013175,1.1534621850853253,1.1228077720020062,1.1654852382020848,1.2339559919391163,1.2593584976754895,1.1923593192709565,1.2406665666922891,1.3134426396016166,1.2914477788887424,1.2248033771445765,1.249955852569857,1.2739226393685203,1.2545901414199554,1.2341659274974455,1.203208050366208,1.196681253355136
1.255866650601911,1.3361070516844262,1.2954739993385656,1.236973300508455,1.2151304461566175,1.2599642759643184,1.2993027199701357,1.2338465530186842,1.1735922156982201,1.2331632247744608,1.2701419382392245,1.1597315655312872,1.1603267659000074,1.153604278971398,1.1720941170988988,1.1821630406430088,1.1660336356419945,1.1310131366328864,1.1780993104653898,1.2570263090723088,1.2758529227065913,1.1955470815742113,1.2617531472931578,1.3423729874475916,1.3060781470782337,1.2378253930809635,1.2527163121864882,1.2912676136654522,1.265233364762856,1.2555247817950326,1.226181983270998,1.1954075488125997
1.2585515209363378,1.3243326497650223,1.2877325417239038,1.2306702740526685,1.220480505251226,1.2419856103820062,1.3085039150841415,1.2379188756777542,1.1655352615218713,1.234650029564444,1.2811862148614492,1.163640793966373,1.1527366262095649,1.1546111836497015,1.169669965329046,1.1685887306794236,1.1479239605734541,1.117843807243216,1.177006643857118,1.2516437989024132,1.2714256498557912,1.1951659242819686,1.2682898621733234,1.3283437384677017,1.304636728732583,1.2472454110372289,1.2527439470312465,1.294144787430392,1.2633907118425591,1.2557798664202677,1.2374784868974884,1.182234423556328
1.2572094906636557,1.3271156880727342,1.2821054332713515,1.2188524756572754,1.1977303622296473,1.2345873644231136,1.2938022558591116,1.2470567054662898,1.162440414117785,1.2441857580760898,1.291498841029333,1.1725413721216,1.1457472272404436,1.1623968123708057,1.1731554111956688,1.1728803320376993,1.152667629303615,1.1180627293426517,1.170019933690644,1.2459452416524204,1.256849103536045,1.1825608130281633,1.2510462933689446,1.3328186489218738,1.2843788039920416,1.2341561004626072,1.2372843489906835,1.295213725651532,1.2732577961082672,1.264776461695247,1.2190687810493983,1.1797506050785227
1.2379649871550236,1.3034789156255966,1.2731138298399263,1.2279369346998716,1.1906106826757998,1.235867850951137,1.3003995337747045,1.2307761051945025,1.1532172336248903,1.2367046423808399,1.2858621550636662,1.1743792644526438,1.1515441119279555,1.1714748629154055,1.1860825881128703,1.1834032041111033,1.1613583449178173,1.1150893511844966,1.1625870947952608,1.240118209186516,1.2464623127380359,1.185429104301993,1.2528876891533292,1.327643285515531,1.2857623774461475,1.2229231564649778,1.2287410863537802,1.2848985674615818,1.2596506654827468,1.2609602354808358,1.198992417753794,1.19850306767028
1.224008104318299,1.3015389912897823,1.2761231055336462,1.2116203712463973,1.1850639913750352,1.2289049921941984,1.3066801662288978,1.2107808994772578,1.1709158113647213,1.2238930381093425,1.2787811508057434,1.1881936755660274,1.1537326135479686,1.1794650689003794,1.1917228678595126,1.1920805847270561,1.1696765892523857,1.1150715878230526,1.1605087635558806,1.2416710432734093,1.2414536132201142,1.184725709414068,1.254426907478464,1.327456061429667,1.2977972653795464,1.2180475433806572,1.2215321255496376,1.2771234424044076,1.2815533345175616,1.244405528477831,1.1938988464891143,1.1912741440555588
1.2130165153427872,1.29026129883627,1.282613006223165,1.221874275797997,1.1817541981598987,1.266490817449533,1.300568527136983,1.2256855648092315,1.1730035921620532,1.2228096811985576,1.2779794753672966,1.1772882796256308,1.1541823428458706,1.1662669639709315,1.1725446188198811,1.1823945552357848,1.1688492540818236,1.1171363705955193,1.1722976896442694,1.2432078612482866,1.2382731387906745,1.1886233003793756,1.2496144317440265,1.3065643003379412,1.3023656021954135,1.209075053253236,1.2374226633792615,1.259918138048842,1.2719033850979224,1.2567124696236267,1.1954948965022252,1.189682448481136
1.2096022865921667,1.2746770255630224,1.26097572165286,1.216987078258182,1.1638126407509068,1.2823446624071944,1.2780536164146474,1.2189769618822015,1.1645002624621261,1.2074644464545385,1.2560098871375052,1.1721432519433135,1.1522457178090961,1.1594615630479908,1.1766873437907517,1.1850979418598078,1.176640609348342,1.1251214246675918,1.1788885611222948,1.2516473961241963,1.2444615956553418,1.188698756049209,1.2627938134720968,1.3050589634565994,1.3058087928776598,1.2171609322267807,1.2534429906701836,1.2628803262144157,1.2905686131890428,1.2526003728398198,1.1856137584503403,1.2091059382458706
1.217236947200546,1.278920490165458,1.252527499191063,1.2412612035822626,1.160987564202646,1.2771158771223423,1.2631398058734131,1.2206562108605703,1.1523632557097765,1.2177015978489891,1.251588216938586,1.1640288299440147,1.1368375318686155,1.1498349846673281,1.16678838985304,1.1779505988051742,1.1713685657292943,1.1241250010311612,1.179600122007669,1.2532645032526213,1.2450914176540298,1.1739730800903907,1.242343717970906,1.302402169091123,1.289463672271242,1.2041220817474374,1.2558941523573561,1.2644090556715193,1.2869450020536632,1.255833272049072,1.204121480990114,1.1759925212364142
1.2096627511060563,1.2556894968673253,1.2453184040938792,1.2169471178824147,1.1663581140172097,1.280557186212045,1.2668047250609509,1.2319375725266513,1.1668617048291197,1.2197154025091712,1.252905683433523,1.186661842253544,1.1408311544034533,1.1679013788481865,1.1852362125640086,1.196278678132033,1.181754088643374,1.122573240740754,1.1673642181063346,1.2321854338207445,1.2137472310296833,1.1696868732876597,1.2077415917475054,1.2766483382017244,1.2547518835820843,1.1883047136844216,1.2135823057650896,1.2204224921020217,1.2836412461082,1.230390613855433,1.1936837726589853,1.2050802805693595
1.2070198218182753,1.2477936576304884,1.235735253892117,1.218447908087753,1.15627806301404,1.2814895233027908,1.291749526137113,1.2487699320807555,1.1559762108806002,1.2211210541183941,1.2609994051884614,1.167685504962784,1.122841647741442,1.1509238160975601,1.1787745401121033,1.1879447544857233,1.1831009872091836,1.1290313776892427,1.1679175653068774,1.2456711741877964,1.2278511023968464,1.165549152409495,1.2141347134421299,1.2883980153663783,1.2481002872796119,1.1873883814582005,1.2040734083460578,1.2115054661399363,1.2845456729544773,1.2243804165995407,1.1861468160226694,1.1981747769727882
1.1906753573249231,1.237178583332267,1.2353309579080545,1.2209709160375894,1.1445997420165182,1.3111403353327338,1.273910936589342,1.2609100873598906,1.1537766429270286,1.2285063304321546,1.2519933464873665,1.159405130658167,1.1229881092461782,1.1460558839610593,1.1732284091206784,1.193108213637858,1.1865545436714209,1.136971561647144,1.1604669422575788,1.2423454802820662,1.2034995783109135,1.146966075749239,1.1784866427481595,1.2680853473333018,1.239598601229837,1.174247169556029,1.205154332118181,1.2076304234293422,1.2818786397456892,1.2309109682498316,1.176849336452084,1.201373829834426
1.1925337495373036,1.2529670933153618,1.2565785211367055,1.2301395897296659,1.1539445009903693,1.322209476115183,1.2937151645052325,1.2462782880991812,1.1509391265235323,1.2174034152948752,1.2561897436383997,1.1631284473208698,1.1262885517975205,1.1650522422342517,1.1994055646517476,1.2135275135240422,1.194800392088377,1.1357909511352868,1.1637707996472237,1.2386766440747503,1.1990492756685716,1.1442460123745395,1.177966641330017,1.2606646911095043,1.2383894372004733,1.1879820734600124,1.223138475626185,1.203701345282425,1.2886546143642392,1.2450315481635976,1.1856580006221096,1.2172850179249866
1.2156661804895739,1.2372282821048144,1.265989644944667,1.2466287229173456,1.1626886935259386,1.3213693646126163,1.286687474455778,1.2418766225761166,1.1519828431442365,1.2201022243295139,1.2450607019644135,1.1640779791502747,1.1240859331037387,1.1623692887816726,1.192379420060826,1.2075293679248722,1.1918481914532844,1.1420991719922589,1.1619742608553463,1.2424872674209713,1.204746158448296,1.1459911680444994,1.1764654275720614,1.2695272508826492,1.2522458788607296,1.197648822958648,1.2358231817266065,1.2080534784673584,1.2935840958704188,1.243541804491002,1.190763569249246,1.2159656572493143
1.2221691179026664,1.2229837403318258,1.276811373156598,1.260430686578594,1.1642672201069184,1.3345687005363804,1.2860296496640393,1.2512751075469408,1.1704299452152926,1.2446831392138553,1.2844470034488762,1.1832710941101727,1.1229023926591646,1.1701711968324078,1.1973536229917083,1.2072813931783455,1.1897314056150563,1.1365131114882747,1.1576545387863948,1.2369617721303545,1.2052336290694887,1.1359799054378454,1.1798323186709192,1.2682068310728687,1.2502432967518144,1.190039244800033,1.2149294306476313,1.1976632762503532,1.2830227002146335,1.2300187933275062,1.1772686881385246,1.2012825294451657
1.2366372260512588,1.2097962677640872,1.276589904510536,1.2501163302314038,1.1647236379657995,1.3083978577678983,1.2637423172992088,1.2574777600486313,1.168054559767095,1.2711984132081213,1.2951397199491357,1.1896438019530373,1.1210064472584387,1.1813771900863912,1.21149714257191,1.2189159535904686,1.194124782584369,1.141179443414599,1.153441714662613,1.217889510857603,1.1934860797189812,1.1310263690394304,1.17235162635568,1.2489431042532189,1.2375592504952053,1.190781107639252,1.225609839645911,1.1874253645475272,1.2805131746910108,1.2311427291241532,1.1942484073272919,1.2130558481376528
1.2331205657218625,1.2248494137497916,1.260201512235856,1.2387497302976358,1.164607659276938,1.3043642436834675,1.2908603120125086,1.2571189248745984,1.1780832782915331,1.2624998383308914,1.2893511459135427,1.1969025509159124,1.135027327037013,1.1900616475990011,1.2202894303426222,1.2342201244465314,1.2053707231675146,1.1545600885493976,1.1566048075822721,1.2183657042392735,1.189502437692041,1.1369813656640457,1.1723929439863938,1.2624190648384064,1.2246181433922616,1.1918705057184324,1.2106305382037141,1.1969457938500223,1.2590855274557353,1.2455036146695961,1.1939077852967261,1.2114428073666463
1.2425845510701339,1.237033465880921,1.2762556613802263,1.2325886723838217,1.1796678919566048,1.2805352543707424,1.279936383185021,1.249710965512537,1.1740663402171185,1.2367224182528727,1.2763456089631016,1.1815721087163358,1.1376532038659757,1.1723924454086607,1.1994980852415633,1.233918212259199,1.2055533471159432,1.1549077481942054,1.1639874194249358,1.2315705813582523,1.2039264082406873,1.1450067939353072,1.182070254906305,1.2868393243679106,1.2443337243143189,1.1915302863527268,1.2158053224132157,1.2038121078868322,1.2464611640321446,1.2454464949000679,1.1935526053045389,1.2147689331389797
1.2622957825449732,1.23380418356055,1.2921356066004366,1.2382795420311647,1.1719870100952086,1.2890870496452087,1.275923575271556,1.2299334388967866,1.1895126266118434,1.2137409272585886,1.2592718962965042,1.1752629047760765,1.1474798390514225,1.1653734823577522,1.194278184998099,1.2237565028623925,1.1998506059775569,1.150711430055079,1.181953097474737,1.2367066431300473,1.2234269782928184,1.1713869913596722,1.2078207400681922,1.2972696734035125,1.2584906956129907,1.2011053434953498,1.2315730434869976,1.2147613987013668,1.2549990439817693,1.2621478255237664,1.1857584612031287,1.216376749418183
1.2654606989512645,1.254125594768793,1.3136394614745406,1.244262561695967,1.1756520888107507,1.2781676248601466,1.2821957522495,1.2037520272881708,1.1871204003990383,1.2195642724429867,1.2651104915298381,1.1790629722474137,1.1498368969922856,1.1726866923272572,1.2041681389368635,1.2294805140390879,1.2052272379417468,1.1625262611997027,1.1670693804916306,1.228409869867891,1.2181210340594857,1.1581353228865139,1.2097029516551439,1.286998030882659,1.2529496056633995,1.1985027387748148,1.2307014717763438,1.2342717779832009,1.258151111452399,1.234697361014628,1.1733688382747995,1.1963283618097054
1.2665413534726435,1.2818894092236037,1.312392102017972,1.252719348522476,1.1883288017348745,1.2714211583246366,1.268678163040591,1.1774977787875156,1.1851033912885471,1.1921854334364597,1.252611525973618,1.1681575315101118,1.155301770062517,1.1660201103084418,1.1962013890104748,1.2202397126775093,1.1947717537486988,1.166745189134295,1.175420925135471,1.2235587032385344,1.223230804137074,1.1904608023214924,1.2336505165476739,1.2839824350325637,1.25550942140805,1.207865021866654,1.240047500929101,1.2369912700058694,1.2740388719683358,1.2277440649828697,1.177148901032715,1.2024190023272208
1.2689742332089111,1.2701220758175291,1.2961011406806355,1.2507144069661646,1.1716729362724265,1.2627414275426303,1.2523398925723668,1.1754282934350766,1.18620988449945,1.1876917295219889,1.230536641804168,1.162196065138728,1.1653249540813535,1.1579252066893053,1.1877956788580821,1.2130950376328684,1.1865882482055348,1.1541660059768164,1.1600022417413471,1.2067749780621286,1.2133573526734083,1.1840798101437466,1.2328070521888324,1.282479080942007,1.2650282290086066,1.2027481531912685,1.2350766916152156,1.229128240229723,1.2757802363622495,1.2056170017878123,1.1667724607590355,1.1827320908581225
1.2722280722762016,1.2685611019390746,1.2929294716159874,1.2323891055022351,1.1717561256643996,1.2577072154414228,1.254072357929052,1.1878709847333806,1.1768884934154191,1.2062617021040147,1.2369341311079114,1.1576118109195037,1.1646075871836257,1.134503007757866,1.1608047102655248,1.1838082561651773,1.168148566455528,1.1515434971625715,1.1533997496461803,1.197613275436236,1.2039889862906588,1.1823521184129278,1.2304807303192205,1.2837764253359134,1.252390602282323,1.1999273127049002,1.2418247920646435,1.2367476849641932,1.2731071077418046,1.198462002793969,1.172023732756147,1.1884452653220245
1.2621785177587406,1.2955306839685172,1.269109326342934,1.257572719985529,1.1740016753606926,1.2519942558921062,1.2663755875621454,1.1513879727458343,1.1585675929080301,1.1975996483442166,1.2383977822854149,1.1463926261420005,1.1552164027609682,1.134605472104739,1.159464061374888,1.185794049400944,1.1779914675907162,1.1465279958532593,1.1443957367644084,1.1891525913522625,1.194753254207948,1.180074403392382,1.2189603828141113,1.2662494366693857,1.2422458316122778,1.1909344767448065,1.2245527620060888,1.2346652127255533,1.2926337037118,1.203135990999474,1.17715419954377,1.1930569042796273
1.266562299360101,1.2894977186887617,1.2539604270074707,1.2330510511717663,1.1730552553111073,1.249432049035689,1.2450124485505385,1.1623551398669911,1.138235258339905,1.1829168391828706,1.2172186210711124,1.1270712897365196,1.1567740005221765,1.1157213283924516,1.1495536850914898,1.1827685969535238,1.1768770939211233,1.1472110891133374,1.1558726113860311,1.1995195516109776,1.2066062834515863,1.1897003329901428,1.2238259303993952,1.2910611837354937,1.2516169253853038,1.2131056723236187,1.2414260583428318,1.2668731771259165,1.3065146654130135,1.2251436954581387,1.1824392488937576,1.2011508316345203
1.272990690419669,1.2805844480374302,1.2442825693703807,1.2198096517143246,1.160627286011949,1.2453687317041207,1.2682821702778817,1.1568960627265565,1.1214250756354753,1.1775904218672923,1.2191517345522338,1.1211399457313653,1.1518557552847692,1.1148779656043823,1.1503436751276421,1.1839744143223991,1.1824999308607422,1.1521536270458181,1.1498557768390634,1.2006578865997033,1.2044229615991273,1.191669128045808,1.2142300984609806,1.3017680106539822,1.2414050443466338,1.196871154522415,1.2325376449187146,1.2699392895345296,1.3227323692102735,1.218597364679509,1.1610427717243301,1.1909755187473838
1.2885893294038557,1.267321301516487,1.2590266866688888,1.2387692847204956,1.1448483179637594,1.2458132433259674,1.2689158125401137,1.1527290287775955,1.115036749998809,1.1760281695135963,1.20518832381182,1.1210352226589635,1.147827330362496,1.1361842412301608,1.1745695931264892,1.190294258026873,1.182240789985678,1.1481080512694832,1.1511213745392952,1.2001677656057248,1.208446545796353,1.188241426844636,1.2236081544816624,1.2913600865302035,1.2555756795655615,1.1966329104903843,1.2290400209340864,1.274802200205268,1.3502949817813923,1.2120637457010013,1.1593146571237323,1.1823384939409183
1.302051419461986,1.2794907134009457,1.2879973770875923,1.2482206242697695,1.1524908105648681,1.2737680990084546,1.2731242829782476,1.1638964357369994,1.1122772940362056,1.1850449073357545,1.2094869592199111,1.1243050708848916,1.1426511801530221,1.1458395584771466,1.1892946920567584,1.2016415151477315,1.1954222663355,1.1544665415856907,1.1527862739218746,1.2008308175119098,1.2024999102581355,1.1770688627534687,1.2241004912626625,1.2863506577651997,1.266057598285002,1.2126694664881104,1.2411095118009796,1.3018251513804258,1.3711404220627872,1.2314147289310455,1.1796326778680988,1.1889873963706312
1.2835216594486307,1.2780144800168995,1.2970501661095344,1.243801569867797,1.1557581835889421,1.2606950024827352,1.256046496020793,1.1968944550087792,1.125245595861343,1.2168590539389894,1.222061732438653,1.1359860044335868,1.1347609203044522,1.1438925267150015,1.1918941110618007,1.2077291561098948,1.1993267379192032,1.1400591453353197,1.1429726183568225,1.1947107123132488,1.1962782099808402,1.1787287491785674,1.2302104027859102,1.284198195187221,1.2580884884616388,1.1978752590998292,1.2203030154364607,1.2915307028151413,1.3523887657297824,1.2480448477559742,1.1540552427182376,1.215104738446548
1.2934933717719996,1.274634711696857,1.2788469866272207,1.2493539926691626,1.161864029674532,1.2705289927055312,1.2613374079391777,1.2006680157941494,1.1322983478789437,1.2075644426040864,1.223956921729214,1.137630354946822,1.130813859726396,1.1399862295837535,1.1819355669027647,1.2035243692283413,1.189018014820676,1.135652681939221,1.1509003565551554,1.213892234830275,1.211454282738879,1.1850616930046793,1.238350412083416,1.2885840587884907,1.2703637010640285,1.2067017923093686,1.235527881880432,1.3026591260916445,1.3339764813210107,1.258955092843423,1.1679753881787276,1.208157173810767
1.2928679092730468,1.264478547452741,1.280076801804129,1.2287868017932835,1.1694976710134426,1.2854986348279884,1.2669213496342935,1.2099078179190799,1.1355191652814205,1.2212959937499348,1.2303178143660265,1.1558222244796108,1.1281152920018152,1.1647788744016527,1.2039669086045062,1.2078289663231159,1.1922194596313769,1.1390627111995484,1.1651263751771086,1.2220836649552473,1.2251672235532625,1.1842425918690844,1.2392654931877691,1.2854976125090174,1.2716997725499057,1.2040448080842105,1.244022795772389,1.293067751275651,1.3145275071627152,1.276494139656668,1.1751079416609407,1.2159510995972949
1.2797909383994048,1.2594210660724576,1.275035153878456,1.2256482542068965,1.1639693401486284,1.26575980228081,1.252240435762271,1.2004903036789614,1.1485563418708304,1.2150775286024256,1.2209134353889848,1.158422853879365,1.139593497369665,1.1637979149892115,1.1971371193927232,1.1995731734484352,1.178327475731247,1.1312365269678064,1.157794038115323,1.2178029196031661,1.2206328765202537,1.1751038813263117,1.2371685826597068,1.286737954877563,1.256239053090582,1.2033062282921305,1.2344196682581277,1.2765785232916091,1.3053438141633462,1.2705789676582733,1.183159488046735,1.2006931974633916
1.2679671299330284,1.2748205317203258,1.2914775191747838,1.239045516319838,1.1740767617008063,1.2926705937671998,1.257079865336202,1.2098731433411793,1.1634202694922662,1.2238033083051503,1.228502707472512,1.1748289045272204,1.144997766545894,1.1846876073858212,1.2140818126361623,1.2027864902526249,1.1753280682420144,1.1334346485652675,1.1653641736802154,1.2235257839187903,1.2320544531747777,1.1861343757442842,1.2565467139124444,1.2802252550756268,1.2748687840866464,1.2036800435178272,1.2239058157116152,1.2668176027260487,1.2942243804510523,1.2647843855970005,1.1822671068532635,1.1950270130530887
1.2821507539736692,1.2724879482694538,1.298030902031064,1.2322510335081645,1.173593666225718,1.2790124794205537,1.238070191305506,1.2154349255528547,1.1526103776574455,1.2165076752155215,1.2235387703182214,1.1681851784477397,1.1250090513318405,1.1797278260468647,1.218455939596059,1.2002083210454317,1.1724841063813742,1.1232685130382312,1.1400437284128877,1.216571330612131,1.2129350867224173,1.1569837012481428,1.2270239960929652,1.2733764955749245,1.2713740354596463,1.2119244740539827,1.230538358477798,1.2763095893159462,1.320306676948603,1.275594076523947,1.1848114538688947,1.2121386600940087
1.277284467035054,1.273617482940659,1.3185310354874877,1.2435041783764207,1.1753464021106188,1.2772750447637486,1.235009807611831,1.2017383141174591,1.150342237137707,1.2131561282974703,1.2064700644992195,1.1556562173310811,1.1285610939392832,1.1666345192961713,1.2111531462445768,1.2048859218048464,1.187952025383297,1.1310136263991533,1.1579535439533641,1.2256343647512395,1.2246021113438856,1.1847768718569918,1.2587887202452768,1.2607137849985905,1.2888892643106384,1.2272527280934513,1.2473080806380854,1.27351344089058,1.3191031666140363,1.2806987697837777,1.1896379108893522,1.2186377221299751
1.2599676304815501,1.270160638262692,1.3010079528064673,1.2256366881012708,1.1887250810237147,1.2944517999881555,1.210574161167164,1.2098781652335147,1.1603450316520805,1.2206667165858365,1.1956349304573388,1.1585649191178686,1.134197548699533,1.1592956844260298,1.196744527058861,1.1821402663866243,1.16649998468269,1.140086671095425,1.1589870089945205,1.2244007790738816,1.2150445804529468,1.171957344974156,1.2460764573915288,1.247000194610524,1.272768166478692,1.238249672019401,1.2359002591448274,1.2679295729368882,1.306518509907725,1.3034903986401813,1.197060700563558,1.2296237606589553
1.2448572866045264,1.2696649798492132,1.2889428709244162,1.206153998096406,1.2070941827078505,1.293232349931105,1.2089682597422593,1.2185550470064561,1.1543885737849044,1.2332786919522172,1.2185780799118864,1.159922573393981,1.131706882702491,1.1432779047885164,1.1961814535134316,1.193292630093967,1.1756564993268372,1.131674034428326,1.1591659764842575,1.2353303363344408,1.222792455334374,1.1906185263455273,1.2542619611825914,1.2493756160950762,1.2721125566460543,1.2574146427279151,1.2388802926834817,1.2601280925390719,1.3107763509586696,1.2907515836979306,1.2072695447007349,1.2560442893490944
1.2310282493242721,1.2762547354552178,1.307265105270848,1.200277970589613,1.207791200997568,1.2975571614919164,1.210116701120386,1.221485075535871,1.1489527851253376,1.2094318213677295,1.2102016095727959,1.154295693388025,1.1311132673147015,1.1363581385225718,1.1743075569467085,1.1718919002629185,1.1550553723289338,1.132657425081827,1.1488040528741452,1.2441805601747322,1.2158731833879945,1.1788817893597079,1.2293002212824073,1.2552790721630684,1.2482418633385686,1.2379888942895922,1.2283857778815432,1.2438521410001622,1.2807762335061308,1.2720189174374716,1.2041179558591983,1.2294268938611623
1.2393632540798962,1.2662361626302232,1.2936596106814369,1.1969332019755716,1.2017964925894542,1.2962892342473056,1.212273008691003,1.2078808183967729,1.1525041904063353,1.1875021677125457,1.1877362749546567,1.139768098986158,1.147828680064321,1.1293926906354137,1.1588633992586153,1.1610580020631662,1.1555630632467775,1.1550422047969608,1.1619926582286701,1.2409768336951594,1.2092771606720214,1.1796587282812574,1.2141127320199172,1.245054461337629,1.2510523933421183,1.238757256294263,1.2417264187430381,1.2419823945942,1.293825574679175,1.280870063695048,1.2137016512708363,1.2184998889668457
1.2344364286049707,1.2730532283130207,1.2904728171504174,1.1894292245442306,1.1874358416766053,1.2940639388553872,1.2120484113343182,1.21177250214109,1.16061165684455,1.2266102267023995,1.2129366250502027,1.1556133575213567,1.159420532673903,1.140698280433386,1.169188144942782,1.1711241629135616,1.1661258258312945,1.1771655771911285,1.1841310125733397,1.2477372632130628,1.226015376975868,1.207309181798346,1.2302820129810657,1.244938918823608,1.2531726274922375,1.2387307889224148,1.2364292281975375,1.2561235786056721,1.2825637144424937,1.2906119634125852,1.2065931389404463,1.2399175246589778
1.2316382614480847,1.2898576132269042,1.291406064382553,1.2013352006509246,1.2049432797123736,1.2911974786879588,1.2188676342348521,1.2377361596323018,1.1822194619116735,1.248909972354729,1.2326491228133691,1.1850145863369599,1.1693638275592544,1.1637970491331133,1.177921124136767,1.1792356528973533,1.190439423792359,1.1837879380930423,1.1900853039729011,1.2596501436682095,1.2218131486813943,1.1902788139003246,1.2236218159411998,1.2453192215930182,1.2622558838980575,1.2344368201408054,1.2327711991373642,1.262838510667508,1.2840595405004624,1.2862948610357672,1.2053030406132585,1.2434191936262293
1.2473240714011768,1.3026296849119374,1.2960934847966716,1.2284562529578575,1.2287607501897306,1.299437435345015,1.2349798903808142,1.244080331238802,1.1602266025470922,1.2302407943241105,1.2126861232754027,1.15003109643658,1.160676083703743,1.1362580143538656,1.1601341083147494,1.1912705274890547,1.2022219177255338,1.1915619876200465,1.187169800489873,1.2571725059210783,1.2243265345293164,1.196986599678361,1.2106156955295944,1.2487573227129627,1.246741198017695,1.2290197046238882,1.2393289616123082,1.2663750754470413,1.3022366234650509,1.2710142251995773,1.2211872890313904,1.2445185084938393
1.2428703220857273,1.309129392392741,1.2691418694235046,1.2037080655845973,1.2290125281855317,1.2815727573767108,1.2101281158754023,1.2604623702590438,1.1883211675374046,1.2428749244088326,1.2020449803152562,1.1588229473911866,1.1712932583805078,1.1245011398563276,1.1437106469878875,1.1898356142526132,1.2119296579926613,1.1949055686788006,1.2033870571283967,1.2594245967359892,1.2321906953627404,1.2114556436637929,1.2062005924596577,1.2533194288840266,1.2262320232629296,1.2278121035608531,1.2497080690811728,1.2738267915111725,1.2985489424934635,1.2719039564263976,1.2243383142251139,1.2303453395544621
1.22283398873943,1.3048917975408312,1.2554910172322042,1.1950425695445601,1.2000197793354985,1.2911495367372496,1.2200865015233755,1.2663250287795123,1.1705733787119914,1.2369045109100913,1.21019009731063,1.1637882039150085,1.1714244197759913,1.1371440050781727,1.1506320390071407,1.1982077658600065,1.2106868602299514,1.1939092517961674,1.2102955455681979,1.2695976482148985,1.2510676798711904,1.2163750882515936,1.219367065345034,1.272023155164266,1.232406888386818,1.221228577645531,1.2270134519570723,1.2740104176184939,1.275969743967715,1.2583632347726577,1.1928177192510387,1.2386425162027679
1.2246045186946561,1.3270353683517953,1.2781935589144204,1.2154630210275195,1.202296093602417,1.2812628289491232,1.2364193207742502,1.280078216016138,1.166207659321448,1.2379625299625638,1.2195645360172125,1.1547019314049152,1.1623488487857545,1.1265630414726555,1.1387741552125739,1.1905408912952349,1.2009904937849019,1.1836830247128567,1.1915016088696089,1.2514492612520711,1.2327978510048132,1.1951468958285347,1.1982928133343482,1.263794042075956,1.2245897667742554,1.2014904353650098,1.236440661638077,1.2719793443562222,1.2721325094279725,1.2505331599586864,1.2056388862077847,1.2184952297081517
1.2490336751451832,1.322548899809847,1.266937150363531,1.223544727264979,1.2045815027072242,1.2781715111221492,1.265510293205777,1.284527930926655,1.1771660615925807,1.2516054077282794,1.2372747113880087,1.1655589922438931,1.1440392972696447,1.1327944691992222,1.143197454654677,1.1738097223012505,1.1781337048649494,1.1461810870020654,1.1627654921558597,1.2218601679911927,1.207923854210606,1.1697310052617163,1.1681384259652987,1.2401922205985403,1.2049164561953325,1.2040507069199882,1.257565748337736,1.2746917997028915,1.2791655431778113,1.2450131056891403,1.2240577551553586,1.1982112572913945
1.2484150592011998,1.3353601840868297,1.2718127373071586,1.228881009451057,1.1915259446223088,1.2840559389363873,1.2528947044369347,1.2703634739850596,1.178931754260398,1.239566535077057,1.2120801912586128,1.1656681368899304,1.1436474181752774,1.1437346218628976,1.1473387863183448,1.17617636618689,1.1798454010912796,1.1518525374073925,1.1643244030139388,1.208754529986528,1.2056748498933085,1.1681832669432741,1.169910091866088,1.2379661515713125,1.2083763311347875,1.186792818714422,1.2471343205578147,1.2601673947739935,1.2702809455212873,1.2269560690664236,1.2036743127076532,1.1857739414020045
1.250330362967968,1.3433664869518565,1.2668217480734496,1.2441726030895928,1.1958706763754012,1.2991790180823415,1.2503830895005532,1.26204487699089,1.1790236541411336,1.235565872406817,1.2128297514157265,1.159647375206695,1.1369260242218835,1.1241888652376053,1.1334237694271558,1.1699379010991635,1.1765423163292184,1.1557780071435677,1.173464058217171,1.2056425889915556,1.2058979043312628,1.1837278404882692,1.1810938912367375,1.241443726989602,1.2137723561152736,1.1946112678631158,1.2414463671875116,1.258600324010827,1.2680206425365144,1.2284498923492717,1.2019860112020797,1.1944896899078272
1.2452971724829254,1.3124205842826402,1.2400633427752477,1.2554354388142173,1.19409571586643,1.2849801712780002,1.2425442653633,1.2575380143518267,1.1739877893796207,1.2396434699932692,1.2020024719290658,1.149352449391262,1.1347525101578515,1.1250313166726056,1.1369877809170288,1.167006185361349,1.1686425231240534,1.1368459333865923,1.1646358865167654,1.1918037447632217,1.1984316997531972,1.171997732041358,1.1732902860370158,1.2216261273639284,1.2003502530318662,1.1914611674166211,1.2397417542002263,1.263958194103165,1.2740948349235859,1.2359768342209179,1.2004549073822235,1.184523657206403
1.2428871793876426,1.321652919862365,1.239196247276773,1.2613431531705384,1.176687416943829,1.2844394681707654,1.2392341447594466,1.2327840963771228,1.1645070172409957,1.2126903558377062,1.1851109548804435,1.1455841656039196,1.1282189749571723,1.1187871549560935,1.1247328979516253,1.1519065901668302,1.1601462434278211,1.1245434362267812,1.143535733668222,1.1870149276341728,1.175900859490269,1.15020375565993,1.1466003318894542,1.231177604913841,1.1960901042815286,1.1679701812316428,1.242955399224542,1.2260473281467943,1.2692439323519618,1.2126761545400193,1.1739910674202532,1.173320701317136
1.2548249921096715,1.3243438275781136,1.2502708509845875,1.247485610217888,1.167565955628221,1.2744944374814686,1.2171414193275711,1.2247161268656623,1.1669169336678846,1.226054822273795,1.1778577450590078,1.1410741756489429,1.1152888105170375,1.1133586112035112,1.1241013892788845,1.1400121232658267,1.1406354622703614,1.1042279631362841,1.1324615340458228,1.1908320149826659,1.1842369402094017,1.148384834193232,1.1542259810527733,1.239379463357136,1.2024874558859482,1.1658677039206242,1.2286023899675582,1.236026639862597,1.2771299119647417,1.2437412274416977,1.1806506342506127,1.1620778324087637
1.2399309244676613,1.3123546850283145,1.239529465597109,1.2472208867454806,1.172963625712501,1.2729550817617883,1.2241466348460481,1.2423476267065028,1.1702042108976505,1.206548671987172,1.1889777308664597,1.1419108177736264,1.1285097919170466,1.1185863739586681,1.1283792018129697,1.139669289424602,1.1393634888280626,1.108914042293419,1.1287882613690696,1.177635707754738,1.169789954034036,1.1509536969430783,1.1463012904612118,1.220351904964354,1.2034308504092315,1.180000645960531,1.2401640133497627,1.2235319941974694,1.259591896071793,1.2381223523690428,1.1791720339542726,1.181167612672429
1.238194872889338,1.2946471752654467,1.2466874009413274,1.2377205005536245,1.164886277171732,1.2646128625480815,1.2334104419968972,1.2444609782404112,1.1748234090807985,1.1955997500421431,1.1750271559591607,1.144240002105339,1.143623418379392,1.1391572477206786,1.1615126670570455,1.1647795655548383,1.1592625670977819,1.123027778514912,1.1409018300222484,1.1808272647785372,1.1674489146933562,1.1553900447029266,1.1427021479360526,1.2181541784463534,1.1984867240907786,1.1755924324795404,1.2326704001794258,1.216235129497597,1.2550979043921335,1.2341526573086476,1.169810710907524,1.1751558251406504
1.2422072409863987,1.295140210883501,1.2493551912631586,1.2308781923426737,1.1760110866871507,1.270955409116906,1.2441040685609768,1.2185947504218748,1.1664606190215023,1.182026075649136,1.1777200022335326,1.1451624373669875,1.1435914534473328,1.1395839893646604,1.1633428102938819,1.16323159775998,1.1533230582998382,1.127211268683502,1.1500649898539588,1.1908120518333858,1.1990133188859005,1.1689562654041232,1.1691938888441618,1.226635062277626,1.2161790473005387,1.1808706624545593,1.2409329020173143,1.2163853011970305,1.2680676714733197,1.2509971637846171,1.1828142460007667,1.189625707738786
1.2516945332724232,1.2894664902697648,1.2454782504227182,1.2314038743220528,1.1773001969466101,1.2515374354966482,1.2452581426083058,1.2251934108476088,1.1699989490029854,1.1846570207291407,1.1777163210092092,1.146797295014158,1.1426170141015193,1.1377211227877366,1.1595876084589842,1.1524986284241174,1.144017286017443,1.1326865412792821,1.1678944501232107,1.2191249799416874,1.2246681754262394,1.1722068574850502,1.194658171223845,1.247656194640882,1.2404557998626247,1.1802342480773786,1.2392091950260085,1.226620193135777,1.2487006737706539,1.2647671004118786,1.1694661349320734,1.1889562331447219
1.2521850685251839,1.2840843165431428,1.244220052132627,1.2236983547993625,1.1630281358593009,1.249809392660756,1.2432886890755341,1.2203074961766003,1.1780303484803891,1.1938811530043376,1.1846338790725583,1.1588257753287166,1.1742029464201167,1.1516619515586193,1.1720360757561756,1.1633406627716947,1.1556201952489351,1.1300402983622966,1.1782044373472789,1.22994003317274,1.2376119167566997,1.1760845534901339,1.1965727748501387,1.2633992232294633,1.2640679159640262,1.1827431675437292,1.2387062510939868,1.2181901741601324,1.2568710120582152,1.257372370425929,1.1649639820947186,1.195816350579476
1.2660967456903756,1.2759786387796455,1.27716572280076,1.2446533411600023,1.163970657857457,1.2419233708180635,1.2506554021764693,1.2162762070325088,1.1812340869538873,1.198264120074124,1.1842995135929928,1.166024247940472,1.1720604954567906,1.1614451784155573,1.1917089562755645,1.1764626541624943,1.1702717666761218,1.1396969409736044,1.1818052620005415,1.2611233221794242,1.2559387123125714,1.1872433214095737,1.2123131810185817,1.3005943737547265,1.297301190334062,1.184507971453302,1.2455853155095116,1.2381790224009182,1.2603757723145796,1.2652318835277268,1.1638123014570858,1.2103671767636803
1.2590215909004707,1.2658160922693558,1.26757616800877,1.2306295390937572,1.1737490716502732,1.2332608340486921,1.2449536520486357,1.2128612665219514,1.1677226497100452,1.187737481190215,1.204772185857214,1.1560635303927962,1.1588220654428034,1.1574528993351039,1.1868111859968982,1.1686969359936967,1.1700266452786816,1.1343023483263577,1.1840521725946755,1.258991182567348,1.2558874219068588,1.176166648142058,1.2104002562658165,1.2913724344721365,1.295512046805415,1.1819160527409884,1.2532165112834037,1.2295799170799695,1.295391881041681,1.2888641764396431,1.1717465959851159,1.2133086132255555
1.2784516540245605,1.2865195495789548,1.2804322797577647,1.2479271065063358,1.188151982210819,1.2644487727094016,1.2666749060821103,1.249082800377105,1.2004098396707703,1.2108904853061653,1.2388738390216867,1.2082583741384345,1.2127263986190826,1.2085673016046141,1.2285888494852153,1.2119158857848575,1.2112090740955608,1.1688133503105402,1.2131477456436368,1.2626040593458456,1.2731535231835598,1.2113765900505955,1.2442405190152586,1.3003483261275564,1.3238945620239784,1.2145763348293865,1.2769463894438842,1.2727214733831556,1.294717937546348,1.2941734731261114,1.1781601704532327,1.2367449005026014
1.2648089838904628,1.2831577499147098,1.30268847085837,1.2483355046051774,1.1734073087502106,1.2579918516594235,1.2732243292783436,1.2370570882398941,1.1820772538289614,1.2003459779814991,1.224470717176816,1.1892948165400536,1.1915973852540807,1.19625092512125,1.2246680184882854,1.2085978743438937,1.212438106191984,1.159814094168268,1.2083377029344025,1.250741921492395,1.258623365542093,1.1996567327650665,1.2385936742595538,1.2662071127287127,1.3155200586882176,1.1984278621699664,1.2634937312891723,1.2663676154807177,1.2915378742529533,1.2854892475515343,1.1735728987130587,1.2285715237659873
1.265893119473672,1.2918460113257957,1.3125889343343657,1.2559465105049346,1.1750513253830412,1.2651571847882725,1.2802635344914408,1.2280497781174378,1.1636684685993297,1.1820617958796167,1.2480667238812144,1.1805134729039788,1.1743865619754514,1.1934626921995364,1.2281671053425975,1.2161152357556706,1.2135935487757779,1.157274962714113,1.192567360284624,1.2433605261948901,1.2550973847803808,1.185428106929089,1.24129795672021,1.258471529128415,1.3246411752960283,1.184335056329237,1.266247781070967,1.2575857339875984,1.3167972245439485,1.281939787307222,1.1767849975680418,1.2185722490727589
1.2865862881365284,1.3105075862707207,1.3394691305238235,1.2508146338689834,1.1858003618254878,1.2941097432399744,1.323035010759599,1.2222571617324292,1.177002079407876,1.197255659016165,1.2714711126410065,1.1922870033287143,1.1754537252608666,1.1955627503452597,1.2383448460434945,1.2166407358730753,1.2172185265219553,1.169760797927975,1.2036125497024777,1.2512838799622925,1.2727456324626092,1.2039849052103462,1.269612293178221,1.274954617505002,1.3504109272763123,1.2173599597312825,1.2798500059517675,1.2905360971230178,1.3448005479829117,1.2783018402696078,1.218140441374755,1.2200618054431964
1.2884378814408655,1.2966610097046791,1.3517871074313712,1.2558483425430467,1.191305761216556,1.2785420871357145,1.327872811562564,1.2142619562372834,1.1640523462628063,1.2143198645326663,1.282056584094609,1.1988372242674814,1.1794769663087485,1.1933518560106784,1.2254339478706713,1.2110987712950199,1.2112448110641616,1.1568829070098936,1.1856377045003743,1.2240595874674212,1.2500237839021768,1.196669261067865,1.2597592071809809,1.2702836951659757,1.3436555368190295,1.215071679399799,1.2827902852238249,1.2806269907612446,1.3273518981907482,1.2546707254966294,1.2144872795416204,1.2104245220399568
1.2855475349293835,1.285536286019882,1.3297785543383152,1.2491378914912272,1.193538048560168,1.2918214474125223,1.3105922282054319,1.2170245414909624,1.1791610852237908,1.2196960413943516,1.2802843412133507,1.212148630820606,1.181985388550221,1.2001171404763162,1.2249886709009408,1.221062725909663,1.2291018587898055,1.1572388169395615,1.1746937916022364,1.2166838536103117,1.2340822463428198,1.1855395578690753,1.2392862182438202,1.259507265520708,1.3488766405305617,1.2100630031423691,1.2840496551011247,1.2646322419235487,1.296253895064636,1.2330838718019081,1.209614875008954,1.2120041908261219
1.27015837785928,1.2878680747499918,1.3206319896766,1.247219572714744,1.1869431442716467,1.3014949064785668,1.2942362109457441,1.2084290409480267,1.1687762868124811,1.2109763809622263,1.27400928062603,1.196942957852943,1.177465617148652,1.1978780520923795,1.2346335919933167,1.2401042307299603,1.235742108170784,1.1521426097573653,1.158616201580062,1.2031285513209384,1.2067486793404203,1.1806431159591013,1.221833065572459,1.2440573619535995,1.315247368542834,1.1959047785951247,1.28152627068973,1.246680908118024,1.305410757525443,1.2329921794165801,1.1995271593943275,1.2052222587342816
1.241094964440492,1.305197322702571,1.3519408192577311,1.2661968216660922,1.198493581927064,1.3018772693397933,1.2934732045140114,1.214871352436782,1.1733739752126178,1.2309538154545787,1.2750156782370081,1.1994595829759809,1.1687769672079025,1.1815924528072281,1.2086494929374927,1.2208897107009473,1.2309662898281033,1.1608801565870814,1.1622607231703739,1.2119923483296524,1.2134523323314317,1.1962804838403107,1.240360509484884,1.2393093072794215,1.3209920427774118,1.2246431084845368,1.279706001383061,1.2667185052968526,1.3187217626478989,1.2506561521309159,1.216344447222325,1.2031576091146203
1.2743553102112477,1.3057498561669665,1.3508917745329565,1.2374054171946176,1.1888442846963547,1.3027892083022667,1.3061704088054116,1.2176761510931635,1.1823188898299903,1.2271706285346133,1.2750795139294133,1.1862534164374159,1.1762839441917747,1.1655437306067238,1.1899087515142162,1.2074410690730517,1.2244783153475653,1.1599240887674962,1.1682459498959135,1.2173649760176497,1.2243884311407927,1.202976444009693,1.2548675965815907,1.2394409948637346,1.3319001106252963,1.233095862254045,1.294774469978469,1.2840138408089146,1.3068287872129223,1.2582494279611836,1.2229529949271412,1.1943974039721863
1.2602768816034144,1.2997053290088578,1.331053229338662,1.2275584234428993,1.1873892145911924,1.2976427430071389,1.2979490927442767,1.2144175606178855,1.166038575829371,1.232610482162122,1.26798499372972,1.1801575588391882,1.164984588883897,1.1659798628839795,1.1941592973223403,1.2198467052416209,1.227658619842548,1.1602848274293536,1.165375781057265,1.216713391322237,1.222756570699636,1.2072012051247771,1.2430734256695646,1.2374224935716396,1.3138097503171333,1.2288581847029871,1.2642990483606589,1.2702005169263488,1.3017578541402453,1.244266661207672,1.2198694862846495,1.2184093270846965
1.2373696306163788,1.2786782398697536,1.31667790588291,1.2340174300300653,1.203581391733952,1.2825416514374226,1.303115220836024,1.2037514367282265,1.1809371450365234,1.2375051667801464,1.2917496784009286,1.1978975788840096,1.165172401601429,1.1767825173227722,1.2055134236571066,1.2185584256299293,1.2176159371432065,1.1564172621729805,1.1647001676947253,1.2228216206709,1.224479000141526,1.1998145212555493,1.2461999020254666,1.2375803735783508,1.3217984962148044,1.21188897280172,1.2650658507017272,1.2351089902553547,1.2561723447568978,1.2206293454419366,1.204822747361942,1.1849688691729128
1.2428334621109118,1.282665836056177,1.3005972510855612,1.2261515816774686,1.2015180005199348,1.3068883200680461,1.2700464815051544,1.2240105565113613,1.1795255830197882,1.2472916797994804,1.2503231282435,1.1835078519818143,1.1530917915396375,1.1438008505879358,1.173987052785232,1.210145472907788,1.2159690549468274,1.1554001996919263,1.1620174499216223,1.2279940806896936,1.2247715794505603,1.1947552821971743,1.2327747916742655,1.2345692086046123,1.3062634207917816,1.2080313267435372,1.2492244842175486,1.2290715365659317,1.259137901563272,1.2195435291273977,1.2168484450411754,1.196492470167127
1.220422022967341,1.269080287365842,1.282694371354402,1.213652097991075,1.1743566442244564,1.2717939554630593,1.2624926426920504,1.2089170125379107,1.1785314252610597,1.2369295504002706,1.246317150056159,1.1849228977542925,1.1643204076894285,1.1561451237457343,1.1795320525867705,1.2112587979699918,1.2201913165409244,1.1701613216660978,1.1850445927758944,1.2320845880470073,1.2358000602320445,1.2034551645772729,1.2342226940004304,1.2401290508634673,1.2967658435539529,1.2063361011334275,1.2398417913943607,1.2225795625300513,1.2428927432176986,1.2050407361440532,1.198175760201534,1.1874925108232595
1.2112909086215142,1.2840226716328023,1.297034529769001,1.2286644090523746,1.1817995478669132,1.2611332736859024,1.2647894053028526,1.1836457879097402,1.1606898507704473,1.2135157952220197,1.224600576642101,1.1485591706468976,1.1580548110420001,1.1306476635205087,1.1524554587538962,1.1888743820508898,1.2013782906743118,1.1527500344926305,1.1760767009216424,1.2282090376178834,1.2212264821245562,1.195250964346503,1.2121576639353704,1.2434693388798372,1.2814218906267472,1.1913709241080976,1.2321047020173177,1.2120570611911758,1.2179721726877684,1.2165990001796256,1.194529699621719,1.165082543372057
1.2204990366615422,1.2880198173121942,1.315229486078209,1.2456765717482614,1.1927015962185932,1.2716053668043235,1.2402211079404202,1.1676379383509818,1.1483359149905266,1.210491030560894,1.2058826230518116,1.135269611557588,1.1476073116854795,1.1267577070816066,1.150172260482541,1.193807947064596,1.1966883837070703,1.1499008927218828,1.1689862726439337,1.2358644391707627,1.2266301665601702,1.1857277206012886,1.2165743946764822,1.240633784276381,1.2726420342468983,1.1893770555260692,1.2354495423190448,1.2202097374034861,1.2168294131577857,1.2283440113985624,1.1997436031924833,1.1541243651136335
1.233562981933466,1.3006269777370363,1.3069414314674226,1.2525407717892503,1.1986980679175046,1.2540435434894102,1.2295975638794874,1.161755418928012,1.1341831219517868,1.215092086036245,1.2023734005615667,1.1123720985214967,1.1396138107791671,1.0972182323903537,1.1170185654854767,1.158112834078506,1.1694864756587642,1.1449257912267103,1.1761866475680052,1.242013736166457,1.2366176051546476,1.1888566090180541,1.2281185979999676,1.2470577919423511,1.2762438056983227,1.1875310900724614,1.2199324929130833,1.214808974924928,1.231467978286002,1.22251254638753,1.1965829619925168,1.1537282288343393
1.22986191258666,1.2737420145083802,1.2749814986066552,1.2603109549038722,1.2076399569457925,1.2590015509953576,1.2315943396944362,1.1587984635347743,1.1287831950055487,1.2003546868667228,1.186102198977652,1.1108087774315951,1.1359967719245474,1.0956398861062278,1.1163164540280692,1.1596743913074308,1.1600206344724437,1.129960868115287,1.1608933802159462,1.2207683709561636,1.2280653101388777,1.1732341172682332,1.2302930515619337,1.2552184317952726,1.2760092116242354,1.1966158111595904,1.2129874229695192,1.2020426256567172,1.2391853212642647,1.213487207968566,1.1979065788721572,1.1625219785500236
1.2399352894999325,1.2436724511842367,1.2458405932696865,1.2598544309180808,1.19969604388003,1.2512108978614822,1.2261512840344617,1.1570242293053674,1.128800563682462,1.196084022229356,1.1775953159340975,1.0984631051439542,1.1180388833014572,1.0723577208866275,1.0874207081226732,1.1287265325430915,1.133771362944206,1.1194759810597015,1.1489846321808088,1.211899287299564,1.2251346110215493,1.1644987327483889,1.2102477078071894,1.2385655601643681,1.2593861513877058,1.1768462091997527,1.2044935437086792,1.1911887227329359,1.2450326613534275,1.2073496618061588,1.1847235851691815,1.1555080183350939
1.2312048756370497,1.2376920338411723,1.262296321056796,1.252648860082902,1.1983498975948395,1.268929705642196,1.249476310760143,1.1802113996695096,1.1322857994901874,1.1945502905539875,1.1740043094071675,1.1007882588389355,1.121601773604282,1.0755248425281372,1.0920585222317305,1.1342705137116873,1.1433037305609033,1.1295894945885638,1.1587101218280444,1.2192887304497828,1.2330963647346473,1.1642879003210305,1.2203259698466524,1.262959117873514,1.26207520142367,1.1797905697877002,1.2147016377931377,1.1848975997829816,1.2330299068057595,1.2073320892467725,1.1816092043959416,1.1727884908087507
1.233969595978406,1.2526022192963178,1.2566278621895026,1.268912777740533,1.2037891912799488,1.2663163432639226,1.2540844589330908,1.2004221874149044,1.1274409552599036,1.218344661392009,1.2037492968772368,1.1091102660837064,1.1213572017428355,1.0814691116327433,1.0978913282066478,1.1331599525014795,1.1282807552467526,1.1194439558059697,1.16648241832847,1.2281243540439009,1.2611455265649298,1.1945234190028156,1.2562152828497872,1.2806156126303558,1.2889197126025067,1.199338677381347,1.2273796590378152,1.2137832061286946,1.2609224100580403,1.2226767844775388,1.1938582624782796,1.1991769622317323
1.2464591107259004,1.2571890290406598,1.2745692113976002,1.2623480584329483,1.198670564404039,1.2520311516115128,1.27887520363237,1.186632862486734,1.131280277553164,1.2170205278504833,1.2078543425671446,1.1125806041962416,1.1181538668943083,1.0839953609277682,1.1011693137907828,1.1292562386915683,1.121932240809954,1.110933190496255,1.1542665340464358,1.217408460086122,1.2412257917462433,1.1638169149458244,1.2229376360463615,1.2715067360760541,1.262240348063919,1.180007733468652,1.2180217509249327,1.2066831429852447,1.26804311242557,1.2140095423736956,1.1953930034476097,1.1739560669943543
1.2443980576690081,1.2421427415929422,1.275679563416547,1.2727096627962167,1.2102818242002784,1.2823172615743446,1.2870966189003867,1.1901712973745806,1.1253866144231033,1.206120700273731,1.224337617266939,1.1125938802003164,1.1276067814739679,1.0963427693307246,1.1218545417656336,1.164395634666114,1.1555342040329775,1.1272696521560746,1.1732033911621451,1.2256991364537866,1.2482931775807824,1.1818669087704088,1.2410954323802883,1.2867471642641928,1.265632202954025,1.1756051012692843,1.2193388988453884,1.2202695525143339,1.2835980910315652,1.243243052638962,1.1892704386160582,1.1811981558083167
1.240922695436194,1.251651966445414,1.2869611272443375,1.2727724374658407,1.2024104362844232,1.2799849592644303,1.2843794666818922,1.2173340922291997,1.1436952950403623,1.2467227763627158,1.261577731686744,1.140762620675389,1.116143638561546,1.1061681127230094,1.1278514504672685,1.1601649543990042,1.1468241576595464,1.121172980981075,1.161584952976681,1.224206295229804,1.2381917264664535,1.1793075489068057,1.2347776948038665,1.279954843617868,1.2702093896835989,1.2029319513871581,1.2361597844548067,1.229138148367501,1.2751158956018993,1.2569225008152145,1.1993794981157895,1.2036439829022727
1.2591448056410959,1.2296059014944576,1.2837535969775324,1.2580602496728992,1.1957466933368084,1.2947494641010224,1.3002446705768973,1.222467729187956,1.159284510625585,1.2581217794588941,1.2817129832744234,1.152526011602956,1.1177835772392557,1.1073153419325497,1.12924097775359,1.1581229538493956,1.1500728529476365,1.1204036726364535,1.1464477267337263,1.2123210596962597,1.2340620018075255,1.163012989586996,1.2252626237834086,1.2696317040764888,1.2699509287751263,1.195777654585421,1.2261709117690838,1.2053669155005082,1.2733799712562694,1.245839303532764,1.1858892700704253,1.2080944072632123
1.2617250105364763,1.2500815384609711,1.2612026956793014,1.2449252938022906,1.1874381307255455,1.2997864939146637,1.292200977964376,1.222430904919755,1.1582076312448752,1.2455527393886254,1.2698013039723242,1.1626007126478637,1.1145661018268946,1.1187810980043662,1.1489773346544419,1.164991686815646,1.151881984937518,1.1255391217115591,1.158014926116384,1.2152254506722349,1.2371881640085918,1.1588427434544415,1.2306308003779147,1.2783991586347552,1.2686645422479708,1.2069571852166128,1.229154899375574,1.221165467185657,1.2946729068153084,1.2616395994122385,1.1847833973657966,1.2227888603172044
1.2456976105192503,1.255682747765684,1.2725051082121936,1.243539790349915,1.1837970606080876,1.3206962340646902,1.2778558558354451,1.2259564063935338,1.1665757150837734,1.2405369252343064,1.2761318704991316,1.1752414461808849,1.1257355803885525,1.141346896743586,1.1715751276720294,1.1931074628224982,1.1746218594939477,1.1295113672337398,1.1588388033269321,1.219633197028538,1.22925916051929,1.1711436040380274,1.220744558295143,1.2800001064634823,1.2650826297443667,1.2083313814073813,1.2344181127306681,1.225023421943545,1.300819372228317,1.2740739877710745,1.1788571833562538,1.2264565937135437
1.2519313432299797,1.273163977875285,1.2791520671476182,1.222528585496964,1.1651070632372857,1.3110172785391048,1.2750649547590136,1.2195984047166493,1.149617518784561,1.2304264356287948,1.283021026086433,1.1685561658432901,1.1092642913601443,1.1438561679068877,1.1792743111647155,1.2099921253520332,1.1816094629811422,1.119047813524381,1.1559421955616545,1.222218097677935,1.2232540175253743,1.1654640446252067,1.2192475429420395,1.2763007141189944,1.2701191858764844,1.2080168448458593,1.2235551208172624,1.2222066815205217,1.2652704279909206,1.274709502463453,1.1633721612422414,1.2219926150239133
1.2380499935618103,1.287113285450591,1.2807121684324405,1.232153726608694,1.1611814876532973,1.3137495228612366,1.2787543502969347,1.2172815295976276,1.1430057953047452,1.2223242744138971,1.2861335104253837,1.166451856294469,1.1328395178353803,1.169936093385275,1.2045620059656306,1.2156159015637134,1.1966181644402099,1.132974067327991,1.1653997341250113,1.230238972950285,1.2165951884507171,1.1700405689257136,1.2186999004077006,1.2708422950884863,1.2637761304147923,1.1921046247940634,1.2237821969956524,1.2234445952193118,1.2581058451538234,1.2831381448308492,1.1662002179371758,1.206076705169766
1.2274928416414617,1.288674117143856,1.2809892956048021,1.2189538981540502,1.1442112487581826,1.329359887216892,1.272237279892356,1.1890265792531967,1.1531924797903887,1.2324019910151005,1.294129395324512,1.1714355913284162,1.1367889837829328,1.1584356828253872,1.20141401815922,1.2314480777157193,1.2207100965728193,1.1483802782264119,1.1684882594689612,1.2228025393368112,1.2144951821548893,1.172575621061201,1.2296698552700234,1.2738120784593365,1.2673944618159718,1.2146746263871198,1.2271761205371716,1.2226193227607407,1.2422523605522986,1.2824935822088643,1.1639559359421436,1.2284150900512922
1.2627860466704992,1.2921937760287168,1.299449286100864,1.2124027116703104,1.1512516097333345,1.3363242578415975,1.2775466182177384,1.1731262979942947,1.1419774693047677,1.2341008735410408,1.2980889633823653,1.1651837996395678,1.1510242881869668,1.171505084744373,1.2101542011068702,1.2425604789674618,1.238101246862489,1.170900515606346,1.1902334499130924,1.2463761809369578,1.2238078626037114,1.1811987598783338,1.2268690014358643,1.2903261738134877,1.2795487585050196,1.2264097092240387,1.2487333556635278,1.2378425708506595,1.2595703924176758,1.286677553735789,1.1844084709237586,1.2176127164528874
1.2918382091382206,1.2925486409927707,1.2868973007547926,1.2032939280836032,1.1609476976870103,1.335251925643667,1.2738450510184949,1.1994872497926623,1.147384230623509,1.2518059454642285,1.298555504385393,1.1689686755843773,1.1422332850522405,1.1602583231873294,1.2002642032370316,1.23646759868467,1.232469276227169,1.1696961953313714,1.1667405046839934,1.2247822281772007,1.2017625048404363,1.170599858241838,1.215468162312877,1.2820563049140967,1.2476424162303237,1.2289207050192346,1.2545238457671062,1.2371229443437617,1.2398070375553172,1.2748936852543715,1.1825133989521694,1.2187490547406867
1.3204828710354304,1.3131272150975932,1.3176964967335167,1.2133089691769086,1.1672196032668174,1.3441887792149125,1.2858709124793444,1.2128197529943365,1.1653596161014452,1.236094217441698,1.2784137973610332,1.1663083345435175,1.16326912239632,1.1499211868812353,1.1831412574392413,1.211245107180466,1.2154895949551827,1.189061319708692,1.183630394405074,1.2360969881156245,1.2222846229101265,1.175343007031014,1.2292962068257902,1.283351749600929,1.260802825704586,1.233813829119025,1.2485399842307703,1.2497236341646412,1.2651706505543967,1.265399475504822,1.1921713474283195,1.210087863819602
1.3210323063308,1.3492041884934485,1.2867429473434577,1.214702756152997,1.174584306361483,1.3292341807043806,1.3012102062589728,1.1852749561179317,1.1353237925192712,1.2259500704170545,1.2765445884262412,1.161260866639412,1.1412407623560683,1.157127492104737,1.1890018131581794,1.2064002492574977,1.199526148770047,1.1681887046524222,1.1736865971518264,1.2178539122051515,1.2155830528065168,1.17152601958865,1.2314348365895205,1.2702593833271114,1.251975524895259,1.2263745347931252,1.267118118552265,1.2734811256956613,1.283692483465118,1.2753040672768758,1.1960371161955432,1.2019826712027217
1.3149311094266323,1.3132127506288307,1.2783054662490096,1.221158426377803,1.1769657834517866,1.3386119342598586,1.3003263415446253,1.1810121404349274,1.1253567454560305,1.2117240608498419,1.2552511411325795,1.1537840575942835,1.1382251821648628,1.1644869011538024,1.2026909592775628,1.228311224390402,1.2157621055079388,1.172401127326244,1.1674540932903812,1.2172988138600738,1.2180846659421292,1.1673759372296955,1.2246330691744942,1.281838171365294,1.2424778055731223,1.2265823193978023,1.2540297669706,1.2675822615301175,1.274286494135939,1.2734149766879694,1.1868882481217635,1.2036506787017172
1.317011112238222,1.30158614494665,1.3068744006060882,1.2191486224306662,1.1713076119236077,1.350923239455876,1.3303903980573302,1.1919016206323079,1.1293152217531213,1.2332602621771953,1.2683498900930545,1.1637580826641472,1.143130389605315,1.1656136612977352,1.1979121017843533,1.2303970334820173,1.2231012161713288,1.1788907474586097,1.1607753663722142,1.214025518445926,1.2165433282405893,1.1703046203882137,1.2357619869365113,1.2733005160264954,1.257505928803561,1.2244277802335424,1.2654978000449688,1.2623391061480587,1.2984779205831223,1.2618755389532001,1.190571747078707,1.2047113027203162
1.3170785974964336,1.2929942176110156,1.2698247530665903,1.2388810579436351,1.1807805228680794,1.3279333023140878,1.3355985793741085,1.2040107277611267,1.14372489517497,1.251463778533954,1.2538744748051087,1.1694458383431703,1.1446307592475533,1.156564631965062,1.1837238646115187,1.2184126259393908,1.216356806500025,1.1774761006061019,1.1594346878969268,1.1998776925312045,1.2095054756272816,1.1749341777639888,1.2284692290815171,1.281293623505841,1.259112627516851,1.2299071263079628,1.263412910927387,1.2662331002647675,1.311729119125717,1.2711498710345535,1.1913059407311104,1.2107724730748162
1.3132348637218885,1.2923724263129681,1.2459874482804874,1.2242051509175293,1.1956797948143703,1.3216313638192194,1.3118817437223969,1.2120403138650264,1.1423030923534239,1.226590102440496,1.2209887282608076,1.152761973466787,1.1346878278818309,1.1440190754201118,1.165183752274386,1.20041808202253,1.1876920641834374,1.162601336294775,1.1517564728698833,1.187683490223479,1.2085587585216961,1.1663113117868944,1.2297958479024655,1.2767067189613377,1.2592885902678297,1.2324038089124933,1.2734826389463458,1.2686243376151323,1.3136933226714704,1.255091927693101,1.2001044453366554,1.198351687296621
1.330977596038081,1.297375264385478,1.262963672184281,1.2266612519739142,1.200384231330607,1.305795476682022,1.3020244444368498,1.226974138546761,1.1598097354591355,1.225535812747486,1.2085373963294244,1.1535647909138147,1.1474133088061513,1.1366880885381567,1.1549829677485817,1.1891485946692553,1.172250437494432,1.1674461703045047,1.161068995059352,1.184552102649601,1.2142518515860048,1.1800856013493402,1.2363634480273697,1.273107674297517,1.2724546705654678,1.2279881345879415,1.2837418135331777,1.2780768323913805,1.3165633352862511,1.253584476790121,1.2066806111497448,1.211090855990854
1.3375132568350485,1.312638131658462,1.2642084883096192,1.2390535514036196,1.2011716955968068,1.3132724288722013,1.3115202918812559,1.2369691960017486,1.1624286314057874,1.2261496408678914,1.1976731750725882,1.1553489618144426,1.1426934993781672,1.1312837592796978,1.1428378128977847,1.1758009396109692,1.1525688421609763,1.1523789525623054,1.1461819345988324,1.1741641663984046,1.2159914988935814,1.172113107479453,1.2367195376609794,1.276966777648679,1.2689611114366721,1.217392964995041,1.270275089093544,1.2816112030262508,1.3198047991532107,1.2458109009944835,1.1888360069986998,1.206105581961258
1.3247745165043596,1.3207584030196506,1.277592705947403,1.2757357241514657,1.2192953574398477,1.3338378605042096,1.3133281082577233,1.2476700370208593,1.1622279817676116,1.2423712195915422,1.2046177843927248,1.1505850271956792,1.1271040052309924,1.1217739130125464,1.1376202407127565,1.1652846553885956,1.1432982721404366,1.1389392868217085,1.13695729996109,1.1692133745798365,1.2103137192506863,1.1627527066762309,1.2348742668096726,1.2572758486346103,1.2707546867890263,1.2215386922081282,1.2755291725206162,1.2954220145589637,1.3258892668138489,1.2554556897720224,1.2084118404690039,1.207250586060095
1.3119036417148955,1.2844093526588054,1.2515083275116725,1.2271253043714163,1.2085189996243584,1.2853764277609112,1.288613795754278,1.217448315854624,1.1399636891921823,1.209966530632688,1.174069164959043,1.143317476655416,1.1353108606669011,1.1271885578177625,1.13491614176087,1.1577381822419364,1.1239180314239006,1.1220786424025795,1.1173705205493993,1.1447385911189554,1.1811866606012318,1.1531220130892963,1.2153768192037369,1.2452004777129837,1.2592916163568584,1.213592754876683,1.269301912974133,1.2818975503799104,1.324459767924369,1.2336721095348697,1.195406805630565,1.2197646477924478
1.3317498834107917,1.2811821818746696,1.2822435865821982,1.2448476396440444,1.2247262387544047,1.2811109724077572,1.270738287602835,1.212523488377392,1.1529108246783684,1.2205378641086095,1.1678286409041214,1.1518799296191697,1.1547304497375432,1.1433244178925888,1.151067845902729,1.1667630923136714,1.1290839663335446,1.1141364099933082,1.1174201680525226,1.1407569467944187,1.1923815708199565,1.1699435529011923,1.2317864075556495,1.2564083238866932,1.2820405818895282,1.228113634352166,1.2805913257626476,1.3080247713518356,1.3440670210916692,1.2378036548511204,1.210372201403185,1.232545648733502
1.3098984631436406,1.2817446625094762,1.274259543160999,1.2312016172898872,1.1921750948506356,1.288528815132448,1.2611814283155096,1.210977875395296,1.1460480773983548,1.224346642133669,1.1710937093412994,1.1391219155989636,1.1371504447053231,1.1304683552204509,1.137007982425141,1.146749852189079,1.1168674318362375,1.0979846275257752,1.1144123959953534,1.1576342465616705,1.1951986220925694,1.1751254688450379,1.221637831980554,1.2543319251141718,1.2518733502654065,1.2159465294425669,1.2788855385190243,1.2884805819449652,1.3127728810351884,1.2118211787192348,1.2023431046790856,1.2287789231259305
1.2609132318342342,1.2571627769125822,1.2557029468650178,1.2268555384250484,1.1758471475129275,1.3022508633726677,1.2575699650565348,1.212894016341781,1.1321872605366496,1.2407951368640566,1.1883603205766373,1.1221522231142183,1.11711602109768,1.0964188609847934,1.108035092874136,1.1240638480538327,1.1018784846945688,1.08851833896218,1.119474280082839,1.1754455706580553,1.2055461131880538,1.1582121553832232,1.2264389067552761,1.2513760704586885,1.2550471035491808,1.2054129022818023,1.2698268014862373,1.259186209348696,1.2964006061487587,1.2075716238723462,1.1767272746846487,1.198365827568799
1.257167783097872,1.2588836424440282,1.267699266984664,1.2162089590873142,1.166661389661364,1.2832308308427243,1.2629520048933531,1.2224462865391206,1.1246851129758262,1.246843936902853,1.1964770321475395,1.108566216302461,1.0982835832727007,1.0864121022125113,1.0944800406208746,1.1047247294046814,1.084808014416586,1.0750843678511335,1.1078801311356175,1.1691517921219734,1.201903670451988,1.1628966158148657,1.2425616881218464,1.2402262805896207,1.259695449130758,1.1953491504241254,1.258833523285821,1.2516577248617713,1.2796230043083665,1.1852034603708614,1.1653298507887766,1.1988284511491352
1.2700853349262415,1.261462299380977,1.2857678325140027,1.2321112699126042,1.1670943180545355,1.2862108868087352,1.2507338208374372,1.2120102246825872,1.1151308708121745,1.2325660611415128,1.2077641465029954,1.091709485676802,1.1086303932821113,1.0740579045169567,1.0872590238949116,1.0962699250550343,1.0776998020052269,1.0750572481447602,1.1316537007632856,1.1823486122227522,1.2163805826575795,1.1796461250926538,1.2479041033805807,1.2332272254102945,1.2671724049302941,1.2086120500375572,1.2510653260722053,1.2489115145557483,1.2861846423547185,1.1832669177833266,1.1835588573662073,1.2108347073837074
1.2633093988837403,1.2471541054056632,1.2989957085208332,1.2332709620667883,1.145373778369031,1.286379341517983,1.2419121224393872,1.196574396467549,1.1126145219597652,1.2294848614405889,1.203752010450218,1.0877910836741487,1.100474071376909,1.068447320455674,1.0852220130405283,1.092875803294165,1.0748403972921525,1.06881425008538,1.1180601390397589,1.179783177025915,1.2069127882070156,1.1838016338483714,1.233192379204811,1.234989411870032,1.2551697529459234,1.213100255259151,1.2362943077228168,1.2503075783329654,1.2902811155296676,1.1872906541299408,1.1762341564994485,1.2105572260831607
1.2635153473134082,1.2494553121204452,1.2879396924978788,1.2536274871480928,1.1665830644334048,1.290930537339942,1.2489646980323479,1.1999592664119192,1.1157085618231612,1.245492732483886,1.2349054892871785,1.0947893700089733,1.1033749153770578,1.0740913259369111,1.0902035671244859,1.1003433319237712,1.0827473196061692,1.076582920511019,1.1145614576276757,1.1779533776056883,1.200148322114905,1.1678900919600244,1.2330962656505053,1.2314044987337682,1.253503503491457,1.222678341123371,1.2490194331487623,1.2432996061840456,1.2869385957190176,1.2007921152379066,1.1899572382921237,1.2060332348677492
1.2672284628769546,1.2227543242881813,1.2834558119723996,1.2577046975249555,1.154276692807332,1.2857771869952443,1.2380943086222436,1.1915251109207738,1.1244114818690354,1.244850614154188,1.2469394100726066,1.1146549885009736,1.1267030740364306,1.0990836342330719,1.1198465366182466,1.1324501289699986,1.109362222895755,1.0980328466838702,1.136577189251903,1.1933839925610725,1.2071207206101988,1.1919542810579458,1.2326160683824754,1.231059300174698,1.2542833202361163,1.2060897892108078,1.225783796108771,1.2187224763820936,1.2781233009916937,1.1783370209297404,1.1798510916580816,1.1927013543239406
1.2509658644681465,1.205937985996483,1.246366701747018,1.232932084519726,1.1425795176551206,1.2593241344477386,1.1999784674483736,1.2063305999815337,1.117796596028635,1.224606541359207,1.2100875590163296,1.0998172777682862,1.1246850872119472,1.0898512411367838,1.1071358891445022,1.11636735939358,1.1103014625228866,1.1045434375944818,1.1461680402426704,1.2118208410413887,1.2129020054783597,1.2032221607684648,1.226907883010374,1.235573647942659,1.244159290232118,1.1917714377818358,1.207091951657085,1.217372887728257,1.2821873776802295,1.2033780970648271,1.157383208811766,1.1927327920557111
1.2355196586691433,1.2107965742743634,1.2662447467606759,1.2480872307310173,1.1297641819968653,1.2616182768184487,1.1947172898542788,1.1881689205064092,1.1364005688003103,1.2193379768985013,1.212390336744892,1.110120526928491,1.1311180262010954,1.092518578472678,1.1065346370772817,1.1193074435822226,1.1206297820288103,1.1151324050179363,1.1480269995127903,1.204889590916741,1.2011274721654868,1.1985128933658802,1.2200322487970572,1.228706202264649,1.2417780300322765,1.2014031528262596,1.2060557049857765,1.2199339254427533,1.2707732745829483,1.2146450678628535,1.1558115589300677,1.2013953857106636
1.2224314108059768,1.2025375697218073,1.283909808850387,1.240605507090128,1.13774189086104,1.2539405020650565,1.2063321851076836,1.1902501659697962,1.1329574153872746,1.2236019872742354,1.2297353342596753,1.1043206913916928,1.1243350977322426,1.0883946193782046,1.1070544894524346,1.1223092290969623,1.1263031739679379,1.1156260150816457,1.1468734889082066,1.205555083450488,1.1989066385471223,1.1906609188925856,1.2110972200981778,1.221745525172647,1.2458667196671362,1.1953293289385234,1.1985360285229931,1.1973814409075578,1.2646613729829155,1.2139415458563987,1.157374631197925,1.1893694087777726
1.2330734642962835,1.2174266678139911,1.2838310454370774,1.259640644094138,1.1444910777810893,1.248364515032281,1.222537202443571,1.1867816774283482,1.1511331459317753,1.2307900051390577,1.2369635548703886,1.1246577485556277,1.1614364857702824,1.1175461733532934,1.1336928680432699,1.151926191956978,1.1543165615187274,1.1478615107369936,1.1654133062791303,1.1970384442371875,1.1877052518367885,1.2093779930170123,1.2189696739358804,1.218293891898385,1.255972629585009,1.2148749537450856,1.2211178476807827,1.2161021623497004,1.2898322028541984,1.2495350340215485,1.1688036804272244,1.2172913048440794
1.2274738237869334,1.2154236700387573,1.254102014872188,1.2533871491978221,1.1631410314287804,1.244985509967562,1.215496457983436,1.1822010882202092,1.1617405573158888,1.2080138086501253,1.235354373302859,1.1431272308619627,1.180478806975117,1.141951264054049,1.1562152189538129,1.1694481571845843,1.1739084803715765,1.1723489809232375,1.1682764930656773,1.1820230502561764,1.1763848233600638,1.2024125112088213,1.2011827221203883,1.208349414480653,1.2303662377842783,1.2202432039706559,1.2315146514642128,1.2002136463082267,1.2800711079310279,1.241984957153773,1.1880651489456429,1.2206896469441202
1.2338176297102568,1.2068433942889942,1.26180730837969,1.2459528350497768,1.1544546699115983,1.2438968638907077,1.217408746220224,1.1878329946141455,1.1594268240163372,1.210258821386674,1.2464629823762197,1.1487344419681187,1.1592437836535008,1.1410446458074148,1.1559866559532361,1.160892722030011,1.162761347775185,1.1509181923600433,1.151528714295022,1.1879045545622675,1.1751132158427349,1.1875312115072836,1.1974230007345381,1.2232164775569694,1.2196720229449483,1.2059266839487683,1.2086210124878018,1.2040129700620303,1.2743323113420764,1.2260665093473149,1.172056376558331,1.2084863482749109
1.2334127346278203,1.204458547788854,1.2606336830083251,1.2466680407483888,1.150000326858174,1.2410431506336437,1.2258348894381859,1.1831828366772752,1.1593328265824558,1.2027133950459297,1.249351008911534,1.1586833139585195,1.1649408398429864,1.1543029807676746,1.1769134835467296,1.186662051397303,1.1811309515660948,1.1513441188177622,1.1415924956408483,1.1864299912263099,1.1681225812719713,1.1785226635346477,1.1949364054403142,1.2233839491854923,1.2111822767428766,1.2032492777878139,1.212009273301318,1.1999524584813142,1.2703212639178403,1.2271960287797332,1.1802123418106334,1.2031775733872476
1.2448591793953099,1.2054918439297269,1.2517048924562626,1.2278245938062955,1.152034235029573,1.2471578379710468,1.2449994835716176,1.191830392867082,1.145382963637406,1.1954977630811963,1.2462239453957686,1.156185041980001,1.1486118737196502,1.154718234228147,1.1766415253239944,1.1888497012878525,1.1873488097226026,1.145227217123729,1.1345854489184033,1.1878179601796204,1.1659278753334925,1.173705930844669,1.1879342378805786,1.2194341944864089,1.212825086196875,1.1927603701305427,1.2140066978726647,1.1967280302728063,1.2852097718298745,1.2181672868279543,1.1787013206310504,1.2054860354940053
1.249335864299321,1.2051742994986174,1.2618965161124918,1.2270618010882597,1.1479633279183035,1.2495342396530618,1.2363606821915418,1.1875752119060397,1.1533494139323195,1.198045199775405,1.254882455072152,1.1646975574454965,1.1571694788311444,1.1677319773498984,1.194170823681938,1.2052146536663875,1.202702139790011,1.162148377809749,1.1467463414817667,1.203507355373364,1.1755472663510558,1.1827480542957451,1.1912175676822783,1.230084189759364,1.2201756691743675,1.1963825915564343,1.2195093577024056,1.2005161276021372,1.2857474605073014,1.222892291624048,1.1775804587559509,1.198038885877378
1.2311664253203818,1.2240592780289599,1.2556639561201137,1.229830641896342,1.1709531659085355,1.2681395415958052,1.2649720488218983,1.1892412699813908,1.155595197931664,1.2119542442431728,1.2514910633334744,1.1696789379857158,1.1559999182042604,1.1666160054330466,1.1922449033107303,1.2068491307153864,1.1981338117447988,1.1509575226604785,1.1448953450194193,1.2116483263366462,1.179420432740299,1.1700787950575124,1.1926964359395211,1.2267181558682145,1.22736238772074,1.1868094312213693,1.2239041710175005,1.2036131860456225,1.2932196520058659,1.2301075704984885,1.1755831564982204,1.2000708752874623
1.2402413491318434,1.2443864829273392,1.2586213164030517,1.258253414624755,1.17880049050669,1.265921336913989,1.2917657372267444,1.1900763741102434,1.1550295153966008,1.225792314228258,1.2769377312298782,1.1764841684296643,1.157925523746859,1.1787734182123093,1.2123229592158271,1.2319366694481861,1.2259837711847865,1.1658405668600715,1.1463694759781191,1.2052001036021232,1.177824626227881,1.1788831799670458,1.1938038581965147,1.2341044396981218,1.224905575541043,1.1955456418428063,1.237341746587794,1.1928221701656558,1.2804144031912195,1.2231908261191067,1.1971500346939155,1.1935989714100361
1.2471315364461992,1.2512614587292474,1.25759134102759,1.2718275560108099,1.1705769541972066,1.27297772313594,1.2823602893993944,1.1980460902847818,1.1643835895556625,1.2281493209357413,1.266849742743928,1.1614453546200838,1.169260962985126,1.170069617300216,1.210471567361173,1.2329955319122479,1.2259452891077234,1.1677480831147133,1.1478743969059675,1.2054090456147286,1.1789283035694957,1.1893700375752807,1.1917019280433765,1.232381557783648,1.2289592465589192,1.1871905920802672,1.2337388770166786,1.1865089505223259,1.2628919746147151,1.2069356039662402,1.182687304229894,1.2005096253264738
1.2595117618504381,1.2645559122652605,1.2610619376540422,1.2387856093101046,1.1715604689224524,1.2775841444230873,1.276828080869248,1.1925704358398441,1.1498818249320815,1.2065543818469424,1.2547016095648864,1.1619893319560939,1.171396472268001,1.182655225559919,1.2201926254517386,1.241405957151478,1.2288769497795142,1.1677012493285392,1.1500673391866754,1.2205113265499792,1.1832388419232833,1.184245337409329,1.1887578717937948,1.237871091447007,1.2314212646874727,1.1996645765905682,1.2408199479802866,1.1827824880865845,1.2549105528156936,1.2171651500032852,1.1900471270186381,1.1934946223036385
1.2663013230987825,1.23967628171049,1.253822453355725,1.2385792303632088,1.1699780271084617,1.2786022539528747,1.252716224257311,1.181694522977075,1.1527901677358425,1.197638288285694,1.2312533366818468,1.1538014091305768,1.16908863250528,1.1684811328293525,1.215094547469467,1.2340576920592898,1.2159290293632654,1.1571605133712868,1.1389526738460096,1.2069599924425467,1.1830109696961066,1.1851869559063306,1.1968890055821226,1.253340281513889,1.2621220302952054,1.1882162652109738,1.2462188691769414,1.1854228698125944,1.2866646193967137,1.2192470364071568,1.1767384248777994,1.192919895047631
1.2679229373270673,1.2288186046570329,1.2647483048699415,1.2399542911197685,1.1756175430352909,1.257595044008337,1.2464459383284834,1.1795459550483574,1.1515984146907101,1.2028961379340355,1.233909579222329,1.1591206833660528,1.1743567786402753,1.1844084174310365,1.2334462863883713,1.2533965356663381,1.2311954985152918,1.1659492835318053,1.144974025811945,1.2223266109603599,1.19428876804121,1.1931324077486019,1.2151133919236798,1.2511757446050635,1.2778056564725202,1.1875281886086604,1.2429171806268886,1.1947476651373812,1.2930738118949758,1.2244015492139135,1.1796436152240615,1.1906111689815726
1.2800369820262005,1.2474412253746396,1.2526056140150241,1.247467192757556,1.1838474270750317,1.258961272663458,1.2440847012333502,1.1903226229069792,1.1668017245617213,1.214576777637894,1.2185180194129515,1.161433457855152,1.1737677684469765,1.1791584673297932,1.2282250188059505,1.2511304520697517,1.2288195701183893,1.1730818647416248,1.146028406214195,1.2192803892603665,1.200321974501673,1.1831580315084183,1.203508972702811,1.2397766915861237,1.2751210513258537,1.1857319682174068,1.259128732116628,1.1969496476077064,1.2957011947016184,1.2477302160682515,1.1899687370860814,1.1799696301443574
1.2706361447598342,1.275299919863103,1.2630946276774295,1.241079972574849,1.1829986885126784,1.268404434399531,1.2391083846389588,1.2150092439732925,1.1858588643005439,1.2245371700469325,1.2276296331009011,1.168334061469912,1.1941640946587426,1.1892508559257204,1.2342884899944873,1.2471023683822047,1.22288166474229,1.1867779024860277,1.1624446118043852,1.2111695227588724,1.1898461641711384,1.2012132058199185,1.1875045456166673,1.234090508729102,1.2691439169557017,1.191199258735104,1.2678679287759724,1.192970306293026,1.2910825797903458,1.2544566961863441,1.1846423711651541,1.2118601270044036
1.2723610127876037,1.2545970561843725,1.266266423786155,1.256020743612518,1.1958795794154071,1.2762306610528815,1.2395514299561634,1.2169230905927422,1.1791595028340152,1.2255225685981757,1.227786468738813,1.1631326677715204,1.1997249157871814,1.1912070193148154,1.2398706047983152,1.2592348433277076,1.234317725882309,1.1961297158557513,1.1806797936662692,1.2415378624233067,1.2056246982861933,1.206753146412282,1.1949839359094923,1.2556032632526568,1.2582120513223007,1.222202317226499,1.270417103728286,1.2084241272342615,1.278592241055485,1.2735193966719567,1.2191206928392764,1.2320315562292041
1.2563544117915206,1.2536718867909873,1.241041673581633,1.2641525631750175,1.1948778524298087,1.2726058144886356,1.2434040641222914,1.2165969066171876,1.2061955184229223,1.2342286475013262,1.2290966826754894,1.169104136742805,1.2195682595787287,1.1754010198607705,1.2316290374697918,1.2471188292331294,1.228966271178365,1.209776739973105,1.2110209292504395,1.2472041181543132,1.2247838751921798,1.240570975358627,1.2271036619307614,1.2512836851368874,1.2711489408789154,1.2332946922060255,1.2764543928357155,1.2108909265124974,1.2798703157934388,1.2863569513875692,1.2240641707992188,1.2350227568287995
1.2598875771253049,1.2608290038583232,1.2439152788450243,1.2528227591682628,1.1786625468972183,1.2573850785748724,1.2407271020798896,1.2191009193842037,1.1977149549219555,1.2252358613237824,1.2380650637222135,1.1703586300837856,1.2118064226317673,1.1908123531527306,1.2469817612700884,1.2487753148751075,1.2176687070999588,1.201424153889076,1.20957051113257,1.2392982543590416,1.2240414821134102,1.2237907502172054,1.2303422037110274,1.247849315666417,1.2863216249134333,1.2468798779868007,1.2790641067604618,1.2210316766502036,1.2696368735202148,1.2942783334569425,1.233731410856078,1.2276923690524355
1.2808598494017545,1.2433754994995696,1.233507579717194,1.2405851791228626,1.1943240432692241,1.2672690855743203,1.2328859298036805,1.2475364410893246,1.2091355957308998,1.2225171730311788,1.2368162540829652,1.1804135266103195,1.1654021524272498,1.1600642326037052,1.1961615301371396,1.1915531726969124,1.1656050670425695,1.1622898199878402,1.2063550054542944,1.2302144577139966,1.2333174365340132,1.2189396940621384,1.2509756866294255,1.2425133259299677,1.2973798764762579,1.2583360760916802,1.2953817619619141,1.232927897860076,1.281295301800619,1.3117090897694967,1.2446589076339487,1.2490420767339734
1.2650556219032405,1.2375086135918294,1.2324139971736812,1.2542820655848783,1.2104970924624856,1.2684048402187198,1.2497293013524668,1.2471030843792599,1.2248378164874922,1.2337965320754356,1.2584055019569733,1.1963589419383112,1.1832775161677604,1.1767013670441608,1.2028179779898283,1.1990152518620834,1.1743749196283102,1.1838106256325074,1.2093741282469164,1.2497400691208977,1.2414966352786352,1.2247587626670455,1.2613138753991504,1.2531524800701639,1.2954137891636508,1.259728534421432,1.2845128095936609,1.2428390165387524,1.2841537680224602,1.3109898314041106,1.2600154747847054,1.2364425854127254
1.2564644722708735,1.2523019987043016,1.2345535473386338,1.250912797975753,1.204576338790486,1.2691511666628696,1.267555794530946,1.2515808688068588,1.2227611228582616,1.2662403300042162,1.2863742251050958,1.2021022647065693,1.1728255003485937,1.1686607654285326,1.1919023495669996,1.190446118944017,1.1717564264211917,1.1813421770754746,1.2014078676033444,1.2432051278940583,1.2334280591684375,1.2050375441190475,1.2461102616801631,1.250689250182741,1.2808196449469202,1.2516375444319465,1.273511694126934,1.2310112657849908,1.2834396715899656,1.2896709316382153,1.2451415438034876,1.2287100444177752
1.2541746576688944,1.2460013376377082,1.2482183244648095,1.2655780893971569,1.203655356222883,1.2813248907282035,1.2965369629227188,1.2601376873143142,1.2194150713341934,1.2791254211658976,1.2903111612682816,1.2088732537261235,1.1700665318086123,1.1586054493907885,1.18599578183653,1.190890204175408,1.1665445910706882,1.1740484870743102,1.2096616653721741,1.2743826606668016,1.2646904740788756,1.2073745614339035,1.2497990568914572,1.2893754186408215,1.2672332978978655,1.2351569518385002,1.249110347440651,1.2240865260398186,1.2617612547603558,1.270564150086931,1.233004965618758,1.2264575239061093
1.2640198436848888,1.2552166733894032,1.2672210911608122,1.2645234788602477,1.1960470077657717,1.2664000391546921,1.2713933343611348,1.2341676452811494,1.1998225200904469,1.26094265732504,1.2634583200038478,1.1891886161331588,1.1746323921283972,1.1509641411165945,1.177192913150122,1.185839845720537,1.179988299094114,1.166423391932507,1.2010889470793902,1.2676020551314502,1.2582827241113728,1.198930900209273,1.241962788220037,1.2680038718562325,1.265932811130677,1.2288327286712497,1.241130244829132,1.2193742026607277,1.2601248454388363,1.2722734249783003,1.2281257414344846,1.211817796413612
1.25199987617448,1.2534746582702156,1.2564655703033514,1.2683700604313233,1.2034860407714747,1.2642580907125305,1.278988670126156,1.2380114342876394,1.2014817554112998,1.266080340974996,1.297130954583309,1.1841383870702882,1.1690893956216284,1.1498332849766069,1.1682037595328087,1.1708901599204453,1.1730185055502302,1.16570629871871,1.2073195335688987,1.257296746546173,1.253259367809656,1.208466300917844,1.246058794068188,1.2685965281188656,1.2611629371590032,1.2367619358883268,1.2400218429587626,1.2225283600408159,1.2608904906005431,1.2684078199550035,1.2277947947110002,1.2152715121831619
1.2383131126340572,1.2607806405123339,1.2584473328295704,1.2403155996264854,1.1661765826926571,1.2446441443234377,1.265979924763463,1.2380538816548612,1.1884205333751872,1.2573839028331886,1.27660652553065,1.1458404524760082,1.1359387888892016,1.1125915480596713,1.1354115004325747,1.1466264754218018,1.1502768221201447,1.133467001245241,1.1832848499693602,1.2482909285163957,1.2530625497356027,1.2054511557852412,1.2487415546993696,1.2698613697259393,1.2613586969457842,1.2139268874813833,1.2233771301598273,1.2235576076017076,1.2809155105576935,1.2581112794809408,1.1954360355202627,1.20204231393793
1.2466244463591536,1.2573730337132432,1.2546279113933634,1.23288311964994,1.1647915246553944,1.2391189963546616,1.2707667394135702,1.235224868914943,1.175580459885805,1.2534726708557142,1.2791466368989437,1.1418404964725495,1.108074612492035,1.101200008778277,1.1237906262017485,1.140586215787292,1.1374065260142767,1.1184297868636799,1.1694193441134397,1.2315623181975885,1.250220390493641,1.1952115489237398,1.2465836396633194,1.2631713382312244,1.2582662546420837,1.2081124420499738,1.218985086996264,1.2277124521710103,1.2790216404325832,1.2458682977317812,1.1942257258381075,1.1943942726254873
1.2451650995128583,1.2547089529502746,1.2562593385914405,1.2546072339332006,1.1787939377926875,1.2261246185916796,1.2472276239260973,1.2356530042708607,1.1743217446250866,1.249752933497362,1.2429993423088685,1.1400632850477708,1.1110080499120738,1.1023759219340783,1.125959080141641,1.1500388522576108,1.1528025554451966,1.1253426241207602,1.1663608388432394,1.223130358769344,1.2484321155033444,1.1838769304201917,1.2362838615665308,1.2666529906749866,1.280169241456729,1.2133026546311283,1.2392410523693722,1.2490646015653355,1.2946455522301517,1.257884420600257,1.1973680074391093,1.1892989488281125
1.2403740126168918,1.2699727667317728,1.254091791261184,1.2547343089620342,1.1758753991231512,1.2256030177766433,1.2356185115571352,1.2254733038636128,1.1810932401642755,1.242030288347401,1.2506043596528416,1.139916409900236,1.1290142084076298,1.0970169025993537,1.1249186873062387,1.1524998500046566,1.155648477813746,1.1225451940940343,1.164809326310038,1.2179606299413668,1.2447026798945302,1.1978900842048565,1.2326841735938543,1.269993252594301,1.2741536390389108,1.2121411622027047,1.2455670579118463,1.2367988520760222,1.2994037685400532,1.2413467520047963,1.2013175072975013,1.1836392701797138
1.2630560718091037,1.263214003485839,1.2836627426534892,1.25166208243379,1.1722612521572,1.222643871011974,1.2444592821259364,1.2303960427184253,1.1604866366355593,1.229889069343156,1.237327524932686,1.123251644990264,1.1275981162015323,1.094970148255237,1.1200120990977969,1.1475054497118906,1.1468791208659934,1.1110139027615629,1.1572873037740738,1.2034650009586956,1.2457770604278613,1.1992975906334993,1.2401511316931062,1.2805708694623241,1.271305472645822,1.2246131806400484,1.2438484476728793,1.2521003047690566,1.3105536202564807,1.2579333387496714,1.2086060214687784,1.1976265322294213
1.2413085175610945,1.2610299183336533,1.2996856862073225,1.2416334120078456,1.1772722242705682,1.2007374884238602,1.231325292669888,1.2133713238173565,1.151136786624334,1.2161211489516106,1.2159517550667869,1.1134944617637386,1.1256500403492806,1.0887696630602723,1.1212533757668832,1.1500610458612976,1.1450104052493315,1.1046929247620405,1.155215177264028,1.1900925221444327,1.2460780334798833,1.2028658450634664,1.2252817041137163,1.282604210210642,1.2494637857028563,1.200576303922032,1.223087314831199,1.2342717159187888,1.307091337498128,1.2651393215725928,1.188610068902809,1.1967272743218718
1.2699333794667718,1.2533584701966718,1.2734648038128473,1.2543389150721223,1.1749071946549712,1.2290568175010388,1.2372245361578436,1.2363457822462018,1.1416950897329,1.230206490351252,1.223358701031346,1.110076704416969,1.1161192359667862,1.0864705475783796,1.1234175065822798,1.1563538734996313,1.1458054225865482,1.0985862315788046,1.1488864461782786,1.17393147472418,1.236678007590617,1.19893748992898,1.2314827963888797,1.2811902349052322,1.2826220301337525,1.2192028487962343,1.2571264391720778,1.2425953059335162,1.2950869408984866,1.2560193507382729,1.2094968442694656,1.1911969529566946
1.2645619800047965,1.26416088622055,1.290333492334375,1.2192385994205452,1.1741277745783407,1.2241236781120204,1.235277589993465,1.2291718204525748,1.1361588167323295,1.20506565722586,1.2105267346289768,1.1058944942466558,1.1233282028823983,1.0943448690789765,1.1271078165193356,1.154579939478268,1.1443721632599362,1.100244466098923,1.1527587982124146,1.16820169749516,1.228096883486265,1.214176691003122,1.2436001137167805,1.2758532834068832,1.2882106688436366,1.22267112148594,1.2379005137329306,1.247581056095659,1.3110232569411704,1.2653945271964109,1.195800984931043,1.204862666416677
1.2682783448571162,1.2730689249649674,1.2902806839136922,1.21705490038719,1.1786898569595547,1.2122518537676545,1.2753491489861917,1.2381363521126536,1.161910523554846,1.2203714360963158,1.2443263485357947,1.1410754809526806,1.1325400425496401,1.1244380562313163,1.1568025108696747,1.1767535624442351,1.1530318193161226,1.1049440152503573,1.1474595951284021,1.1776036142194004,1.2215406495813805,1.2099037983649346,1.2436034530242683,1.2896103328537916,1.2879853203765372,1.222242156306508,1.241426038264141,1.2544549954759496,1.323046952567682,1.2531387496328157,1.204521546502327,1.2077042594583003
1.2862875975386254,1.2898389590641366,1.3016454783143891,1.230540945115562,1.1943779714110274,1.2356600694400839,1.300919012805385,1.2574190241392558,1.1849351769648906,1.22773808198227,1.2462455392204015,1.1528770912730082,1.1558051537763094,1.1391456933929038,1.1728658676723647,1.1910168283686124,1.1679243458578776,1.1262371569484324,1.1661106332172753,1.1948764369898903,1.2416925404756343,1.2158061418847335,1.249143342613333,1.3044466419076655,1.3064647547409194,1.247264870761509,1.2589076979630474,1.2613880794384738,1.326503503280259,1.2648099088858369,1.240906504770909,1.2153712716107945
1.2902174660018506,1.2888506720624935,1.3021476897902244,1.243319098613979,1.2070184376384365,1.245618393828715,1.3139331245247856,1.264127633777311,1.1848699358114687,1.2281746728345375,1.2415292041812924,1.1714043581874216,1.1939286019556778,1.165438963445104,1.195088471636489,1.2196023463154555,1.2077271365719886,1.1566587402462338,1.2037998310305846,1.2248265179039386,1.2589817825743252,1.2237606641852157,1.252037117400082,1.325555661780576,1.3174192195563805,1.2404471678557853,1.2548134942590723,1.2830314516167751,1.3052992863716466,1.295778290501299,1.250190492981291,1.2144175150149132
1.2965046389853419,1.3142973961931983,1.325551209353973,1.258085879512807,1.2281898718707616,1.2736828529029818,1.336247016780218,1.2860356433035798,1.2024918029563505,1.252271738832546,1.2544181572896989,1.1850165197593032,1.1975660619859727,1.1728113383926955,1.1880123987805147,1.1997120750758996,1.1683983222542849,1.1417427978062982,1.1803389640933393,1.2087373579640133,1.2496284924671157,1.2173619752229718,1.2607610078207996,1.3151723535518367,1.3210016774635922,1.2544170215057122,1.2502723694478288,1.2771412094890475,1.3040277379984788,1.3047204551494107,1.2668627422187062,1.2324273027259116
1.2946531138123467,1.3224070434797506,1.3341523084797406,1.2674095383081883,1.2210726974734198,1.2715433621521048,1.345040605970615,1.2729782324805632,1.204161709398702,1.2666793591682777,1.2749991883314868,1.1858906755245775,1.1900887850667035,1.1647023258349258,1.1838393334656256,1.1941683414436488,1.1677302972286987,1.1428176286128935,1.195132739749563,1.2153029698306974,1.2536313681578226,1.2281447015781255,1.2555933717183922,1.3178261007256187,1.3022103865554482,1.2286445079678872,1.2463916515812903,1.2653468822476646,1.2918490556955438,1.2868304286950387,1.2422671294396126,1.2444965103186394
1.2832359422131738,1.3242241989926198,1.3237184886166573,1.275337309052253,1.2401855435996054,1.282640665110329,1.344390684589114,1.2700640028179484,1.2018840920660698,1.2797479243832297,1.2784341493260185,1.1827853905291765,1.1960790370887027,1.158248980524778,1.1751722407565024,1.1873176540986337,1.1716154458317307,1.1519228247868396,1.2062419993000004,1.228188642479627,1.2578353218979728,1.2288261724212994,1.2605501214561523,1.3276584200007786,1.2979572832589301,1.2474758294130828,1.2618132353471725,1.2646831205587408,1.2766395192805526,1.2921848684409514,1.2561366126602151,1.2506707230706517
1.283153496482981,1.3254153612586772,1.2836706202213188,1.27539942213698,1.2417243902935133,1.2942713934760781,1.3229434999750245,1.2704778161279657,1.225843894775975,1.2880034087220573,1.27394644474608,1.2076089320506267,1.2108279003907998,1.1798756891970037,1.1819119970367904,1.1844862684813884,1.1712868380725898,1.1646772242255305,1.2094090450530413,1.232266187770428,1.251356741029614,1.2320396906863902,1.270778525914692,1.3208017080271437,1.3078244360172735,1.241665014001147,1.2611703966308838,1.2540290910810827,1.2904600761824188,1.265931121872757,1.2521463494760057,1.2439894334727202
1.3011294520738859,1.3403590571161694,1.2727435967258758,1.2761825069321893,1.2344283383559767,1.2787256396720086,1.331091169704832,1.2500200590149588,1.2015644530823388,1.250293145708363,1.27213657709592,1.1924570103469843,1.2006044075763578,1.1858170855893058,1.1957047007413781,1.1936023731251182,1.1734575367066153,1.150062238224935,1.184417043033481,1.2169160872141893,1.2378204411497251,1.2160994940107999,1.2807805785611566,1.3129142339227944,1.3179601762803232,1.2357176235780603,1.2699279409228572,1.2690591648032155,1.2687539816240607,1.2788805076961034,1.2444133667716482,1.230714599110331
1.2789644590999787,1.337037390396179,1.272932900908993,1.2962301234835123,1.2308427920945397,1.2806988693039245,1.3067955405686922,1.2348472172719984,1.198418079658174,1.2439994660443778,1.2605874260885221,1.1789742780167054,1.1888495801816603,1.1736524687855798,1.177037585930758,1.1721307870856368,1.1541429803997303,1.1342564554648888,1.1988524130505165,1.2389305982184866,1.2497587377498383,1.2226533699026527,1.2897012061149593,1.325646820710403,1.3277439857835096,1.2389292524305897,1.2651803504816606,1.2772166098633164,1.2885174008980778,1.2887609933964426,1.244618476309807,1.2233227407005682
1.265021303710535,1.3323500812702689,1.252268784424898,1.2996339316106433,1.2367435038471033,1.2640298619067705,1.286434830550993,1.2423141449022952,1.1808707771954754,1.2396705824181797,1.2514442870363816,1.1538426698276436,1.1692448552269015,1.1361822450189707,1.1429397570501156,1.137941761822174,1.1285081122923775,1.1137299317085405,1.1869354271315473,1.2427579561371112,1.2610107072253716,1.2162338925402272,1.2965600643896937,1.322783875638619,1.3198471242989145,1.2470425084605108,1.263104050154621,1.26710248578591,1.287893900640393,1.2866493631837936,1.2578400697191818,1.2370245313861683
1.2511468880088756,1.3202404600775466,1.2516103041409061,1.2828685666422788,1.2300181968662942,1.277985801829762,1.2661291827731416,1.2215938177870334,1.1693591350009889,1.2238230790172429,1.2409994955124832,1.1567256089965616,1.1600030173452318,1.1473862263040242,1.1523715064364526,1.142750623363345,1.1275172647340592,1.1129827859960175,1.1772118138483545,1.220050447244623,1.2478159257850423,1.2065514128914097,1.2810887384799923,1.324261212832801,1.3085155606701022,1.2442361610057684,1.2762329926888103,1.2693413226991916,1.2451643537408155,1.3028221755623226,1.2409919830697582,1.2390793349231493
1.2464946787892386,1.2972553827871296,1.2326218792872332,1.275771705920752,1.2162134356862986,1.2796706448515065,1.2366534489610805,1.1965518407442983,1.15754662700714,1.209732575433433,1.2221259038779904,1.1508538445080647,1.140704259862356,1.1444929825927912,1.1512701185736987,1.1451281742427462,1.1247781559202763,1.093412591227471,1.1427645078322148,1.2094094320610285,1.2457505650536305,1.1902590233329273,1.277607139921564,1.3248474495922478,1.302577941199674,1.2289252493269656,1.2657046150544364,1.2740120039368763,1.2373239847929942,1.2921498210009474,1.2221734425678572,1.2278676208982642
1.2396341261764712,1.2967367779462242,1.2448309050490816,1.272785443070397,1.2052777500505372,1.2755591942666022,1.2285888407537404,1.1799376433536064,1.152070347788653,1.19955801547726,1.2215155133784066,1.1383384562415,1.1297911958084925,1.1315130922167294,1.1411370199145618,1.136551635709852,1.124656742657934,1.0917756055387626,1.1357814144131548,1.2184815253490664,1.248746350978245,1.1936645045087653,1.2761014798575543,1.3217568762230543,1.3018199482898978,1.2129305328358253,1.260792067372623,1.265946257670739,1.2523222362399948,1.2703089591983305,1.194424664601145,1.2131444034543633
1.2296179659927828,1.2853407257763898,1.2533548877366147,1.2733047672640159,1.1858652668109433,1.2795638757526075,1.2290952204214463,1.1643987816157517,1.1484642553262256,1.181805082256014,1.2144244505720838,1.1388612091574493,1.1275722945062951,1.1312733774806707,1.1396367450985516,1.1309241189441743,1.1217407952132703,1.0893886600025147,1.1445025733241394,1.2274072324344414,1.250482125860801,1.1899746864199343,1.2749236720936457,1.3326979165372512,1.3000519633052028,1.2230436361437387,1.2590793678685386,1.2600986448370073,1.2381059617986865,1.2698463305355026,1.1963323106311883,1.20816360544991
1.240700244178174,1.3015719760787163,1.244200516976401,1.2828971822235296,1.190536376049327,1.277820181415647,1.2137641977809162,1.1527235000653326,1.1281722250106316,1.1674054281108095,1.1997955967794562,1.128132360007913,1.120169023095112,1.1324540516915858,1.139670700260321,1.1258343148823713,1.1077007853696692,1.0773511711759545,1.1235822142495049,1.2184031023735562,1.2401636788189387,1.1787249810009053,1.261198102092528,1.3207653932163004,1.2936826438236344,1.2361406907362211,1.2430286557081964,1.255595152755445,1.2708328234560173,1.2637685191985477,1.230422280307617,1.2114841952769315
1.2481744736785312,1.2941454519354412,1.2550950146488877,1.2580505602203482,1.167320669537712,1.2655143852983513,1.2206520141373443,1.160897023804194,1.1557174909593622,1.1830404087710424,1.218771883500251,1.1460991660455442,1.1114865544424408,1.1338233514413008,1.1436627931878183,1.1281764980108573,1.1035791150756662,1.0709863375718638,1.1208407138728342,1.2256566617795175,1.2480318217397148,1.1901160557123942,1.2755742568103532,1.3242048801808723,1.3245999414207814,1.236417002275976,1.263298015657599,1.2628818266592965,1.2671187414562401,1.2584205763809324,1.218547445526248,1.2135330399545734
1.2309248036309788,1.2679189915945583,1.2940662154721312,1.2651353384902615,1.1695342643666644,1.2750177306172856,1.2592816334234818,1.1890445721018377,1.1526734420253533,1.198984426835329,1.2226793807954541,1.13453802820791,1.1166026334862746,1.1332968245529076,1.148739637111427,1.1452266326540728,1.1181537126451324,1.0713929930923456,1.1398383682869302,1.2313440668828304,1.2538296781051466,1.1923019030841213,1.262767879672029,1.3256396908922046,1.293764270109829,1.2433137448040825,1.245941783397408,1.2497168924611797,1.251013710893056,1.2426146599228445,1.198076998275474,1.2139711862098634
1.2450006266637403,1.2741500473674503,1.2944934935471482,1.2713827807299363,1.178952911308477,1.2924718510085222,1.276585314565115,1.216653011125107,1.1934825818439434,1.2199051091635953,1.2319169435873796,1.15484400306923,1.1397918357441674,1.1363034174595763,1.1424935322133838,1.1405279364652168,1.117574336379708,1.0845816144156166,1.157729433541846,1.2539074642016745,1.2657866078404019,1.1992749209159594,1.2529693372921455,1.330720640424422,1.2978356101970752,1.2359960657528406,1.2592560888974569,1.246137886798829,1.2580163679799639,1.251595180983277,1.2102473974521462,1.2186341078072502
1.247572024021152,1.2558631906240334,1.3207879844334718,1.2774508737947565,1.1566800143221698,1.2948192114199446,1.273487582960597,1.2353968692839399,1.2182546680293844,1.2565866773139844,1.2535976860234332,1.1839304931959622,1.1614228781549483,1.1620406724211925,1.1583304780580839,1.158405064263967,1.137332051446254,1.0973528522451368,1.1492644152396003,1.2406615920015187,1.244729743741771,1.1959940630521824,1.2334583790779212,1.30169161283963,1.280135834420074,1.2219925666417668,1.2555366937117167,1.235648315859049,1.2439284524989427,1.237883248559626,1.2073925889662138,1.218650649449509
1.2607437792510714,1.2503132278563136,1.3079461645976695,1.276570138294211,1.154418761173872,1.3201231007047258,1.2815969491249983,1.2163698202591915,1.2079587736626995,1.2428601106054138,1.2413454352710163,1.1734535560240067,1.1461936579134129,1.1552209269098481,1.1594532719426067,1.1602210973779399,1.1293274352173461,1.0847730125969366,1.1374572053207594,1.2194332123403537,1.2342869471309224,1.189581309221425,1.2171183135013213,1.287630747895607,1.2618039961822403,1.2207544243305957,1.2593470080004514,1.2353148168871015,1.2576368754458471,1.2342704111594784,1.1978081292774732,1.2170421999471288
1.2679909267716458,1.2332123434334061,1.2970194342603742,1.277198480874694,1.1529464547342707,1.3121855003365572,1.300560672576906,1.2348664911483875,1.2027540692758307,1.2426112320143343,1.2440491938427376,1.1590600113216805,1.1603309567401523,1.152253616107705,1.1685447696673112,1.1725095398945544,1.1499424695889078,1.1004638554128037,1.1533761883172111,1.2226980118534903,1.239925794014356,1.1966411402901609,1.2223351948409606,1.2947290304983134,1.270385020292117,1.2323696662708856,1.2824731267309417,1.2433222372351447,1.2795248522607687,1.2380485012511244,1.2268679983462984,1.224339163890171
1.2491842992200237,1.243431224010848,1.2789310893485721,1.2791371586633598,1.1694055736000601,1.2963323139120855,1.301947929007314,1.2257778967731385,1.2056258818354824,1.2420316561420437,1.260397895473724,1.1773678817148783,1.1790139031055096,1.1726153238502641,1.1948467242533853,1.1801044367669142,1.1565002321466453,1.1136386235708888,1.167651107388617,1.2223457226617656,1.231791570722554,1.2072488332775666,1.224767353354141,1.2683034703397897,1.2682919547098914,1.2354668014868246,1.268528709871033,1.2161153204550932,1.2673129453416296,1.2296565777403556,1.2278896992452508,1.2128595573921008
1.2474969175221635,1.2421089187999395,1.2793160998318511,1.273363084957862,1.1935709768331133,1.3145919662498804,1.3145656075293326,1.2311161325489257,1.2056246145098692,1.2343882619940951,1.2521874598022744,1.175075831917109,1.1850696300561474,1.174848457451814,1.1967677759942308,1.18431826629406,1.1572951823330884,1.1071542702949917,1.1638637755479928,1.2091605361770008,1.2371012281250464,1.2149402373788223,1.2538937392819811,1.2861851707308447,1.2712110069741178,1.2403128410603659,1.2697197122966157,1.2347174384124453,1.2776308096147388,1.2245245324127292,1.2266539496368176,1.2344900915734338
1.2517649007378588,1.233696007773726,1.2923037997929532,1.2721157896764057,1.1911097327495535,1.31393884653679,1.3062924508239713,1.2628374107140654,1.2266439959009057,1.2444390431720012,1.2634663547908491,1.197945968617112,1.1924119311755856,1.1964696142363074,1.225680229788457,1.2071776053969827,1.1716962592247724,1.1100539561080252,1.1477553142219237,1.1841748634139613,1.2103891233970214,1.1953624375213039,1.2128665009018933,1.27011994436346,1.2531615478914717,1.22689681210014,1.2831313739943795,1.232200445798945,1.2776514346126195,1.2485309427229927,1.240727603998649,1.2117817857391937
1.2553281650897916,1.2683144372690014,1.287433598532944,1.2697110811985866,1.1914719559518374,1.3263431637260747,1.3085044418543075,1.2673431769042027,1.2360575456352618,1.2507446578752734,1.2717564402947645,1.2134116016301009,1.2116560493098045,1.211806078456958,1.2415443268517945,1.2196481521110347,1.1836270791167651,1.1180165036628895,1.1512225838989938,1.1930126687175697,1.2151408720860788,1.1934535638268418,1.2227066343601949,1.2860336935619407,1.2641970780799865,1.2294986052244445,1.294348638193263,1.255168291677484,1.2901239609877084,1.254273039500907,1.234950463332077,1.211647658692187
1.2511445169495823,1.2737341169770908,1.2940776798700175,1.2629657728866681,1.1999275608131028,1.3386281377451,1.3333113155740646,1.2738685043944378,1.2013519063350426,1.2492253526635608,1.2825719876857475,1.18150328961934,1.189155878032234,1.1864953971474221,1.2143220830093453,1.2069865126181476,1.1810159817851793,1.1230719656762653,1.1520446806732907,1.2069310020698396,1.2322689083402127,1.1906781111127271,1.2190664938502238,1.2965235352975324,1.249662468168467,1.2075160156081444,1.265919263641478,1.2572095329686885,1.2790645278050934,1.2383308497564376,1.2323248765225152,1.2011434587337715
1.2685887188251284,1.2785887346744411,1.269320834072789,1.259378112217667,1.213919834037323,1.3191924995729192,1.310869452727631,1.2703070766032145,1.2066147123398774,1.2529376147268014,1.2731246316398062,1.1919349838735487,1.1771634021098416,1.1903123187082367,1.2254537252293562,1.211374472633564,1.18419960547182,1.1231171218241132,1.1401014897012323,1.1951105721052688,1.2163147207277385,1.180455814305033,1.2090900527668547,1.2799223134982882,1.2529292829580363,1.213625217860112,1.2790851405983106,1.2573516423987303,1.3110741561592194,1.2530948026564244,1.243369357437668,1.2098602212914182
1.2405680194890951,1.2936859037379018,1.2824412887712764,1.266359997881876,1.2133679345728041,1.3086048193587905,1.328666390780956,1.266851382226708,1.223725135498798,1.2615776420583518,1.2836574289028624,1.2090997213345775,1.1914718615862139,1.2126395133550874,1.2447881064759991,1.2283620865140004,1.203734596440811,1.1322975200725875,1.1387118705527683,1.1929294581854955,1.2213881938061544,1.1798489436956205,1.2076183918134944,1.2978209713639965,1.2503764754792555,1.2084563073378392,1.2815336985015982,1.2627063202465936,1.304716963858488,1.2510807691150705,1.240348100072095,1.2067470093414137
1.2467272518779466,1.3201975963468229,1.2699148569365204,1.249219895866418,1.225442409773301,1.3436654708940878,1.3348044935512053,1.2907037667049162,1.225508244830026,1.2826140167678115,1.3003802082827562,1.214104291633493,1.1690922389738145,1.1993932428502443,1.2323022603791227,1.2202468291246806,1.2025552307276781,1.141564870050336,1.1412852133055165,1.203058475093452,1.2148826382036801,1.1821590238653767,1.2078537974412566,1.2830870751443115,1.257411971158931,1.2362512473925735,1.2751490750214018,1.253415448124823,1.2961182094007724,1.269185522514464,1.256259911543691,1.2224809899368112
1.229450826664865,1.3106223402728137,1.2816203694367734,1.2617945207114152,1.2157355918073438,1.3336168567043623,1.3204860936289604,1.2740520096993295,1.1948459105676927,1.2590453909017199,1.285554022696309,1.1891424490804006,1.175036287191604,1.1843484490498508,1.2250502869466127,1.2185364888709929,1.2078440215950985,1.1431599152758225,1.1298434476938435,1.1899626700919361,1.1973329013084584,1.171782319546702,1.1964997604671732,1.2682317031997923,1.2586311772544636,1.2038237237794278,1.2496890023918539,1.235103316545167,1.2797346484735619,1.240387040542625,1.2186745253248163,1.2055437681936891
1.253177022161255,1.3479250131083014,1.3111657866823867,1.2690344625979315,1.2044478464702568,1.330763745841101,1.3211523144328416,1.276034115740488,1.2140611173962443,1.2595886722897776,1.2872415678281788,1.2080371193684498,1.1844327575356295,1.1981810020040533,1.2276145702997472,1.2223849098471047,1.206296728326846,1.1502849319901687,1.1318325374758385,1.177685573096459,1.1880195711689212,1.1754701503932574,1.1949689304934825,1.2553417335510038,1.253944316021974,1.2161849344416118,1.2524536846830685,1.2312474535693074,1.2752648824371138,1.2258936671150782,1.2274969135036755,1.2105783520282083
1.2335628703963268,1.3336632939390078,1.2950888326135896,1.272983838488549,1.204538247983504,1.3355603803965024,1.3074670808780124,1.2781415606059248,1.1964797607851818,1.258796267580646,1.2871783876365228,1.192557790561253,1.1683103194748965,1.1701975271710836,1.2060139844202975,1.2121257446866882,1.200852718004829,1.1425444494184138,1.13838354626089,1.1868882064990893,1.1954785778001122,1.1705210613958685,1.1897963745415228,1.2562794164245854,1.2329908415601707,1.213186697480862,1.2517409901517862,1.2354541775220556,1.2760108782516635,1.235960311615066,1.208268763675274,1.2141421980670402
1.2436646040991477,1.3279766743095744,1.2895147473380393,1.2801306499334606,1.1981923992174026,1.3507265488234297,1.3010841145022825,1.2856160268301386,1.2034125667857092,1.2745311813640698,1.290216566401116,1.205157733851553,1.1675801583533139,1.178076646573786,1.2103009345189448,1.2114749651084569,1.2092062648740307,1.155966758525175,1.1395634931937824,1.1842206638289894,1.1918240887672489,1.166259567809235,1.196174934549026,1.2608725698972774,1.2331934142950371,1.2134328119085616,1.2333561027088036,1.237910625209036,1.2750466440143804,1.2438083501056547,1.2075505813894973,1.2146070509992932
1.235889653801787,1.3138185407886243,1.2933713410236924,1.275921533789969,1.1933441787763874,1.3288796107207301,1.29693558247708,1.2786741840399243,1.200050539258508,1.2756226707874965,1.291901353201038,1.1919473458262553,1.1706513783580066,1.1607412758346891,1.1878486907148424,1.196018191339909,1.2027850902633643,1.1718707110700795,1.1716633492669308,1.2137505166117397,1.2220317022699851,1.200189273745933,1.2237361989478013,1.2676574662165452,1.232584804247728,1.2261765308115065,1.2215754712456524,1.2485239470977207,1.274315816694039,1.2490737833210974,1.2036191867610553,1.2242080922632914
1.2497647543452524,1.3001518486659451,1.2891915898240298,1.2718392956513955,1.1961126498879322,1.3061464651576205,1.2927802293015154,1.2551684870339495,1.1823355888759135,1.2608744767380473,1.2826456301820666,1.1882936414541467,1.1658200276893942,1.158237851128805,1.1851945941398334,1.1970697853642338,1.1985678715365353,1.1752868284919944,1.1622603137425573,1.1963959315532067,1.2074552690795997,1.1956798767396681,1.2246411682246905,1.240567495107664,1.2438208478518364,1.2231868241834836,1.2235152498313384,1.2358752881438886,1.2839485264538506,1.251404366300646,1.1946458247173861,1.2177499254698623
1.2544809785635982,1.2969805658837021,1.2820372307708021,1.2629770819124453,1.200672053493199,1.295433362020757,1.287522389141803,1.2614633729578197,1.199864670831857,1.27213015178655,1.2864834666359277,1.1989132944322483,1.1895562864928932,1.1631775228534582,1.1865049634938454,1.19816517336542,1.2032020744795895,1.1748104536214539,1.1658444770385616,1.1868532434068908,1.193836527812454,1.1939434731558822,1.2046560593863778,1.2230761381110435,1.2423310592663896,1.2178239589275348,1.2291970118492774,1.2237451352610769,1.2690888339761035,1.2401478783269102,1.1879371958327878,1.2212048825515853
1.2549875486766524,1.3206706167678794,1.2869415632482024,1.2716760182809979,1.1948503553400527,1.278857693049435,1.2749478935970935,1.2626118667719408,1.1961162892883457,1.2755422068871687,1.2773583090811549,1.1871152540868393,1.1806402728358678,1.1510234250004823,1.1763392716063075,1.1992768146083357,1.2131509794611304,1.1692338460468825,1.1686609812243332,1.19394801816295,1.1950432261755306,1.1923569840396495,1.2024888066358728,1.2222768587917872,1.2362455856505739,1.2119266082757492,1.224984536432116,1.2253948667511148,1.269065772845375,1.2581522503909965,1.1941657459426616,1.2236053457880756
1.2501060990072548,1.3276985762942426,1.266846665157637,1.2557167614935272,1.1958851621048248,1.2567422048651382,1.249013834212042,1.2320661140327385,1.1933349061673515,1.2356594321958494,1.2381910511273493,1.178325496705245,1.1973715408159953,1.1577473584354614,1.1860578848645316,1.2019121497925027,1.2107594065974456,1.1889669503839004,1.1888947503105574,1.1984203402906937,1.2094326875131982,1.189435642258746,1.199914365891604,1.237300427362785,1.2386506114399833,1.2031331200470101,1.2277701684700908,1.2300676567514461,1.2686928726998503,1.2599863707850352,1.1939957988709708,1.2007651758932008
1.2453486945589896,1.3106875138917882,1.2772007657639637,1.2495873982922192,1.1859777323249416,1.2440620499923352,1.2497461010191038,1.2280655441301875,1.1730784713120923,1.232884451672919,1.2395570829355247,1.175428492191919,1.1923233486077838,1.163468035301048,1.1894919763882719,1.2048794020224736,1.2103369247035074,1.189352943457138,1.1737901806941293,1.1773466051934949,1.1907280086358258,1.1779835589848056,1.1785740492281707,1.2297596456977982,1.219164777940116,1.2053294657518043,1.2266551723924046,1.2202262015431207,1.2885465620262506,1.2718320825992269,1.191236026016913,1.2118750646781433
1.2298817510683873,1.3099593283504347,1.2537259467439459,1.2447833315115902,1.1814389756856765,1.223857645454963,1.2490551535588692,1.1954777319970753,1.174049348930979,1.2117554887877444,1.2117434100233113,1.155586986625367,1.1894338613077073,1.1478798442684761,1.1756549834450087,1.1970544161465924,1.1968945993565854,1.1863517640001873,1.1715114242181424,1.1978518152186373,1.201851563243365,1.1712917973606136,1.1725664412163093,1.24615109183244,1.2149540089399165,1.1949760022854128,1.2185260801756181,1.219717856495249,1.2723074746159124,1.2746077491169032,1.1738814822509758,1.1846950377132073
1.227096067164917,1.2811926115483718,1.2332478201520176,1.214790705972764,1.1942565117166215,1.2248549752793796,1.237215684472359,1.1849867880585259,1.1587024965623403,1.1924561145893406,1.2033430898441975,1.147462755774044,1.1655829946657457,1.1413192927637283,1.1709108430212518,1.191385802133994,1.1926737942699428,1.1770591593962958,1.1568444362721895,1.1991331825194835,1.192807513994365,1.1626365360007807,1.1473500462209762,1.2394276067643313,1.202342978347698,1.178225233196725,1.2111713482031334,1.2096982985133404,1.2692492147376593,1.2813905674900532,1.1752392007173071,1.1776131469285003
1.238816346079066,1.2878364751342959,1.234638741886168,1.2142396324964595,1.199385097835237,1.2289443803111368,1.2587099933265282,1.2024118598564209,1.1638946270132502,1.2219303787910858,1.2331382189183462,1.164436580787043,1.1661823734508399,1.1546535059651182,1.1718285717663142,1.1901091633389798,1.188056564587253,1.1776324102536788,1.152468003041406,1.2000714592186341,1.1952858564772653,1.1608523801984085,1.1557822645956395,1.245085474660557,1.2059944957104143,1.2015689914279943,1.2213586568561414,1.2100717780245518,1.2662237556628535,1.2745297965983058,1.1956690782378219,1.1810279923712999
1.2357848210676652,1.2953711058962516,1.2117212137866469,1.1983789112657794,1.1908690665540584,1.2108646212695602,1.247214876592583,1.166427504418302,1.1427990709395957,1.213665465015741,1.2106303193347139,1.1540537973867462,1.1586536513472956,1.1521103097455927,1.1771610609980725,1.1889763962808841,1.1902062293608893,1.177005782234513,1.1634997725772358,1.2031416945424203,1.2096785180520324,1.1635308956328763,1.178880434713896,1.2452229519036708,1.2278891987539535,1.182903778896707,1.2195698023438712,1.2215404146662479,1.2484240991195956,1.2611770412872692,1.1681838171557775,1.1747681751387036
1.2302413976980067,1.3124626737613279,1.1915939511046798,1.197102726837438,1.1866959875225715,1.213648072510047,1.227506805966681,1.1750666324611787,1.1430276987955836,1.208500407598175,1.2070405521117509,1.1555839474654768,1.1667314699904872,1.1529727124782796,1.1749060577657582,1.1911775752022615,1.1953482792557362,1.1840859097911391,1.176130148448663,1.214106801602078,1.2193628946929993,1.1802317248645404,1.1836949154518066,1.261917458788273,1.2352123367018202,1.1916892048432284,1.2196307495022463,1.2107057139418427,1.2439694368846679,1.2392992537209921,1.1693504264728083,1.1731579181529248
1.2178334626309177,1.2910021036685926,1.1861268592031244,1.1899437149171124,1.1733936465886896,1.2114011182323257,1.2273480457395296,1.1807878230743851,1.1541778772772215,1.205249946470034,1.2074909949088124,1.1613870855480757,1.1488998485302908,1.1509954204717965,1.1669766080298871,1.1768667108387243,1.188332233985611,1.1696466266148273,1.1492808947287905,1.1975444497856447,1.1944900864474273,1.1518318423735343,1.1683462563105265,1.2520755647313042,1.2257453313968703,1.18957288066017,1.2125714735483242,1.2113386651412006,1.2417138658247464,1.2550884000960314,1.1584526798859782,1.169429278983102
1.2230841701828474,1.3020981859391205,1.2017413269996136,1.1880961971039006,1.1728921497387743,1.2124453319060915,1.2327384411575504,1.170607912836722,1.1430532996728426,1.185766131174613,1.2111039621067654,1.1541101954448048,1.1494753876961934,1.16406942503594,1.1889880070394705,1.1918597297370896,1.191756616241249,1.168330908252828,1.1431821500118076,1.1889222954650573,1.1915400113464985,1.1464341535427305,1.1608778287454393,1.2385981119162401,1.2059952880924782,1.1758767894079665,1.2020693955620814,1.1964811129227637,1.2370193192775125,1.227314640724039,1.174345505517628,1.1542384063130071
1.21798159767429,1.278220676275212,1.2046684628916315,1.1817456244185867,1.1540334964470078,1.2196401176397431,1.2299866922872071,1.16496333414735,1.1329926073239336,1.1923450510750846,1.2117269091090548,1.1595086412219784,1.144451639970215,1.1688571344822398,1.1870802328036507,1.1796520830610357,1.1753298340589702,1.1550378173415927,1.136736311864,1.1810718812742973,1.1790327802067635,1.145052916681362,1.1545510400864694,1.2382434068903727,1.1965470529213975,1.155518257739421,1.1850603465484775,1.1865398207179427,1.2224823971393122,1.1957126558052826,1.1427350449030147,1.1488978467122346
1.2223082533069034,1.2565211761038348,1.206236861311976,1.1863196840074164,1.1491612158870244,1.2461538981288103,1.214953699960945,1.1623196876444966,1.131475448808255,1.1854953026677686,1.1932460833329321,1.1495241150698332,1.1366224711439152,1.139705707907058,1.1553278647357563,1.1506942380449092,1.154314175821454,1.1420564481722897,1.1272839510661976,1.1920846834918568,1.1848045553955486,1.1515208918306985,1.1700672480713363,1.2512839858368445,1.2188097350443212,1.1526715466263047,1.1784030999818034,1.206248642987473,1.2230813809817345,1.2098495452203986,1.1418838436801129,1.1424736901690966
1.2132133138302936,1.2618468911447485,1.2117138616889387,1.1789853511876256,1.1581116970231984,1.2417857581711904,1.2200282221310466,1.1573979502800085,1.1290306672820052,1.186297201796999,1.2007698536658789,1.1482343686837173,1.116047371976284,1.1404416795591612,1.1587001598277595,1.1483880779993785,1.1480319291214507,1.1228117390401,1.1289604141022413,1.1936778742551828,1.1883312147868714,1.1336565093363569,1.171414165403737,1.24892730943753,1.2207834250967688,1.1527772039235624,1.1874795398324993,1.2124002855603022,1.2101097622653794,1.2087224660478684,1.1542387233327633,1.1391577344354398
1.21349197048743,1.245500121409318,1.217662349252657,1.2059882366336372,1.1537459572914692,1.2667199907291489,1.2236245712454,1.1743742760614306,1.132709370412515,1.2026133317926546,1.223370578555391,1.1712157265180725,1.1329638279232643,1.157901882118281,1.1617318874270524,1.1513998220446893,1.155524241155977,1.123635683807208,1.1232524450598875,1.181870602781677,1.1793049456032159,1.1333860621886889,1.1707392550898206,1.245893542717362,1.2197196959487229,1.1544223520141113,1.1873214534506948,1.2176270759397072,1.2446227762098359,1.2105917273618059,1.1387351470737654,1.1594405179914162
1.2147767039877064,1.252503041546585,1.250141310777285,1.1950187862442543,1.1334087217846611,1.259027134991788,1.2320262644726423,1.1627611129068163,1.1233986819250885,1.1884905914001964,1.2156602535497187,1.1647700122725435,1.1291164405856648,1.155884711808936,1.1525419175308709,1.1411024139044028,1.154981117812985,1.1277947322422013,1.127960207922932,1.1852709229405656,1.1791748203397772,1.1411416494311384,1.1691318852191905,1.2355122360173272,1.2210265863726966,1.1371579762155666,1.185843370836943,1.2128931065905066,1.2490660268835048,1.1912199034693676,1.1308393027391839,1.141655996491666
1.216368980869365,1.2649088100530725,1.2722950480932955,1.2038206189330038,1.1271620631353738,1.2713130182673062,1.2201071807937527,1.1669579832486914,1.1221323592150385,1.1895680446648922,1.211354877857574,1.1697873596236574,1.125107034816281,1.156048787042985,1.1545528206930655,1.1471893770488057,1.1598212967202777,1.1288742961049507,1.121017668240941,1.1914432678757618,1.174825880144394,1.1432083819854255,1.165412505520105,1.2424653741775242,1.225651072608615,1.1324635942091061,1.185047546854122,1.2013117287658877,1.245746031543812,1.1873645507398978,1.1299604377206671,1.1421784622942988
1.232189325503964,1.2485950751418982,1.2942642982473582,1.2138413677353346,1.1379661623409612,1.2821474413799967,1.2322506153875827,1.1571066627298041,1.1284055224507266,1.1681193411264303,1.2064611265702134,1.1606062354627142,1.1320229850788857,1.1502724968057665,1.1625245175658612,1.1586427475022019,1.1618590946591267,1.1226030940113698,1.1203863334637671,1.177974636417147,1.1674805905346615,1.1363259334772904,1.148957832731201,1.2284304860728539,1.2049828494406587,1.13407358600183,1.1867236697061159,1.196717583493578,1.2649686351506741,1.208213438601339,1.1397336291889382,1.1237563035888896
1.2348089167235166,1.232719235337331,1.2875023731802975,1.2044714588909513,1.1191495812441685,1.3143760737537458,1.2398094048731059,1.168431643556286,1.1277148387558262,1.1670555621750993,1.2111096213388848,1.1615755982099996,1.1371269053221271,1.157703229959701,1.1643264100456805,1.1509555792263964,1.156404071914369,1.1269393566201231,1.138371368221959,1.2048236983850116,1.1907099817580489,1.1410333706238829,1.163236786208409,1.2635043612361085,1.2069201261489428,1.1556850505986533,1.1927761833444954,1.2250411807330528,1.2656426439138764,1.2193273161501008,1.136728221785318,1.1384798646241288
1.235913789791428,1.236178908432766,1.2967364600662463,1.216174057013031,1.129426877177266,1.3125800845209383,1.262037642386195,1.1635845517717447,1.1226979529437673,1.1751815001034325,1.2152865148954797,1.157901137134001,1.121643155532105,1.151282785314613,1.1595519646233814,1.149763516897331,1.1597490049655754,1.1314167730021971,1.1395095737699974,1.2221443141339168,1.1901884642893596,1.1379545345009594,1.1721431872147983,1.256548413858505,1.2357042338413171,1.1477801066421456,1.1951165123041547,1.2169057094283866,1.264849505069401,1.224588772781252,1.1450637308742115,1.1381127635805164
1.2365592646234735,1.232100688442024,1.300389104280356,1.2401353257096777,1.154437171236175,1.3090962770757413,1.247450753405835,1.1879171682411092,1.1279516222751473,1.1717365909887085,1.2068692927236362,1.1578388587149073,1.1354113671728085,1.15616456612609,1.165885982979216,1.1630461413188524,1.1772053018333304,1.145652223565686,1.1649113956133537,1.2379646806538525,1.2262160675582479,1.1666335412789386,1.2096606100998981,1.2806039025986633,1.2733143675833087,1.1686142680394656,1.2162617289918392,1.2398430231278093,1.2674523668997726,1.2470565640044868,1.1487365390059694,1.13618360887368
1.2418903149905982,1.2334264322268924,1.3130719980956862,1.2376656858448933,1.1543390824296778,1.3113017351580367,1.2609686255651174,1.1887291453288242,1.1575603952248708,1.1874537712170323,1.2343716197486554,1.1897030514061968,1.1660964844112283,1.1831389877247156,1.186375709872424,1.1832806132364213,1.2000066936375056,1.1681893250888327,1.1803777509302023,1.2446224751943333,1.2258557571239785,1.1737267113673158,1.2154167397837734,1.2572858199463148,1.2650456697922323,1.1731329739014784,1.2095577081774003,1.227504989513329,1.2527506105071318,1.2444303572845532,1.1409210002233905,1.1418035798784754
1.2423595784174175,1.2517173670135746,1.3032677398397878,1.2225109133300816,1.1376889770274012,1.3034996430097057,1.2639594583651983,1.2028242220538234,1.1319264429401468,1.1779942529653964,1.222750575709037,1.1531175458500564,1.1242925150518266,1.1484401836933027,1.156379287332356,1.163488128023422,1.170522607963018,1.1388462317881127,1.15690680542288,1.2285581801387664,1.2222439811085872,1.1593064528112673,1.2175675086448936,1.2489296042857143,1.252135991981329,1.202385841032574,1.2206542953615367,1.2326998412352128,1.2671758081166449,1.256908563993675,1.152356573184451,1.1361194307394302
1.250598880750178,1.2505642880997807,1.2956682259783574,1.2237353560484698,1.1358335578727168,1.3023920745041586,1.2485976697968535,1.2088057344749938,1.1235515159773866,1.1657904921528701,1.2166420144300525,1.1378378070183492,1.1147395194729328,1.1348323868095274,1.149695835394499,1.1556690709840431,1.1606978052213444,1.136734289201565,1.1643423861712996,1.2286621811241774,1.2310205534935472,1.1676051986535332,1.2184859335353455,1.2560326498011805,1.2536740529299482,1.2084941050606886,1.2150712746530044,1.2250041242769203,1.2713598183718242,1.258689514874052,1.1493130071293387,1.145746145721017
1.2512374041221883,1.2559736789993865,1.295292555643513,1.2060256578102355,1.1391922021784044,1.2811465743776278,1.2438050214511849,1.1979473696088794,1.128207119244176,1.1652104934810354,1.218499022767918,1.132720632069744,1.1175608109515367,1.1335238374731105,1.1625415827085477,1.1713957184288106,1.1659370357364451,1.1395598702405012,1.157290936377866,1.213926147409645,1.2161662349446063,1.1649920783403656,1.2138700019449162,1.2474489061600273,1.2505073823881425,1.1997583196925603,1.222912899811782,1.2371366597033777,1.2790898152352648,1.261012989354495,1.1546088526593399,1.1378566055946397
1.2598753326898113,1.2504410004017186,1.2634979595009277,1.2057919345654502,1.1409791062606256,1.274192434100097,1.2375736760530087,1.2097760224923826,1.125905148329156,1.1584816853123256,1.202156047652132,1.121471694059225,1.1237474359256412,1.1205155584550348,1.1633452488529046,1.1752890781115284,1.1673436148949123,1.1355503043956012,1.158018986946824,1.2197200234832275,1.2233796618127435,1.1697753101328623,1.2164110089698734,1.259706111200859,1.2539099028241194,1.2120603447041662,1.223748790853119,1.254195176492819,1.277251553328185,1.266991663046509,1.1601580159875062,1.1446495581959844
1.2451057006957849,1.2471825738935887,1.2540751918916566,1.214625797234377,1.1447601138270829,1.2698494681623613,1.238478921060171,1.2260422094552927,1.144290367764166,1.1733425195136369,1.207704211661369,1.1318007602403124,1.1252955770811035,1.1300667940391946,1.168409159861863,1.1710575400269239,1.1645551452687837,1.1364728888498266,1.1622329439499748,1.2129414424457177,1.2110956080920001,1.1704815745796184,1.2032276471078485,1.2597856525951932,1.2550384220215909,1.2057396608471072,1.2169813928882893,1.238921682255067,1.2629304839852609,1.2610600865689001,1.156307319859417,1.1547376399452987
1.2558240967558558,1.2535860757826436,1.2439019763100567,1.2057763153036238,1.1466023597585644,1.2592133102037617,1.250301036511555,1.2153786263478934,1.1318279128251998,1.1642089893292527,1.2045255434030873,1.1213693138185805,1.1170384733193324,1.1185469133026096,1.1512516196547993,1.163030784170567,1.1514735388407535,1.1277923362694853,1.1614312128494748,1.221306834323954,1.2194164452508143,1.1703863978379154,1.2103435401928908,1.268480605499466,1.2752511183514637,1.1827179021751593,1.2026684262710534,1.2386590174167482,1.2599750072940594,1.249888300273719,1.1504233176609802,1.1424851047378524
1.249185219983776,1.2563115022147433,1.2584183821612105,1.215171644353258,1.1445899105310635,1.2463013464828345,1.2615828677926213,1.1921053389871101,1.1275773324581018,1.1646997802685157,1.2171446697091348,1.1188155867881306,1.1273509206219763,1.1211211364000047,1.1565393513879518,1.1698914331226062,1.153383373776493,1.135844047683533,1.159965008541884,1.2125136047294216,1.2079146577129547,1.1681336239255882,1.194457026268238,1.259246617370745,1.269461139742111,1.188898847784722,1.2097379764734197,1.2329999295592495,1.25747818689987,1.2815043895325653,1.1577688666949113,1.1482697123028507
1.2570205910420318,1.2715582061894417,1.2408326583935463,1.224924694327815,1.1549668565543265,1.275447802360563,1.23925457485652,1.2085092123012253,1.1241429098615674,1.1702445542868414,1.2093920334176806,1.1086839497345409,1.1187376684911456,1.1070865960200695,1.1408160934243485,1.1530721249029503,1.1374674005965286,1.1234820871452762,1.1491696133685265,1.2103806798863364,1.2046284718993348,1.1688261201163461,1.1853219989364892,1.2613738129568064,1.2593801481017257,1.1984565112475343,1.2418902542371715,1.2519575621842016,1.2697347323083463,1.2927607529380214,1.173259823442662,1.157463234219351
1.2600317652359803,1.2724469793651594,1.2387217144860778,1.214701522127482,1.1442758518061749,1.2919143555903592,1.2360602924920774,1.1937688955343728,1.1182396929761995,1.156616915010994,1.2031836261367863,1.104165180984046,1.1164875952836737,1.0959302145430023,1.1305347371619914,1.1421550957588895,1.1276834410178436,1.1234490237991295,1.1506041567012375,1.2031642571183936,1.1980673822019345,1.167920123436607,1.1750393070046996,1.2568243883246666,1.2388189192055772,1.185566850401048,1.2408444817370095,1.2411546412824719,1.260377315224772,1.2951141579068384,1.165040342140452,1.15266753818053
1.2771708056216866,1.2957064008601176,1.242169824882099,1.231796304890028,1.1506177793075705,1.2986401837495323,1.2396901902737905,1.1857377149438644,1.1200429847315132,1.166083185428119,1.2044525228656684,1.0979735246015232,1.1147295563107558,1.0840258695849836,1.12975809222439,1.1452958495719527,1.143479265922841,1.1315210741951067,1.1642744565096599,1.20807172875409,1.207297918982878,1.1738444284625855,1.1690857933086174,1.2604006715313851,1.244924866403324,1.1826162467276797,1.2575676603380361,1.261256043170363,1.2802442311568691,1.3000970271339902,1.1767960763443754,1.1582934259202502
1.2711879913098454,1.302563712146518,1.2276128832388047,1.2473002693272743,1.1512463374255202,1.2918281369203062,1.2378964887321977,1.182862545066268,1.1275762788352257,1.1640099826824215,1.2078235835661617,1.1137311317329892,1.136150035857176,1.108173107209175,1.1491227137719033,1.167915283768052,1.161771763215177,1.140510356260314,1.1838538965496006,1.222542364218629,1.22375390770415,1.1833697724886076,1.174368958532494,1.2870052709603,1.2572209886200822,1.173123872096943,1.2822554012573595,1.280177714919193,1.295173439527745,1.296678777375197,1.1880926716091946,1.1711494538995928
1.2701431413290631,1.310810278281048,1.231070694147629,1.2582493459821773,1.1727151711714532,1.2927610646021646,1.2408977662416418,1.1679347441482197,1.1268277076297968,1.1618801071853584,1.1985306946430752,1.1109303197171685,1.1392847059741913,1.111537022365509,1.1536819478385976,1.1739234853587943,1.1710151204180768,1.1383894438813305,1.1676251727330242,1.1943075296687722,1.2003528039110185,1.1699246035347621,1.16169558295805,1.2540560877258071,1.2471094175842052,1.1713316629511334,1.308419905786936,1.259925741075641,1.267461008301817,1.2836829846431979,1.2001166993605168,1.1800973317361216
1.2844087590320652,1.2974279638116875,1.2262917509408253,1.26846784731868,1.1806853062400098,1.3021044258030567,1.2487504515305132,1.1804423334239338,1.1263158849045705,1.1783755593158252,1.2087015876745515,1.1135701930591224,1.1356796970857608,1.1017061629688554,1.130294604858364,1.144970822976887,1.1463102204983615,1.132828434204567,1.172474934286453,1.2134386065344913,1.2290753666164038,1.1850689027065402,1.1844070645100737,1.271036115394114,1.2801748246745692,1.1879748664065273,1.309351321727533,1.2671712704659206,1.253029233140234,1.2946236784395007,1.2048145841246158,1.209329023448164
1.281112501454929,1.2767791486317863,1.2520211430188857,1.281389837681561,1.1833619152616488,1.3093574510090815,1.25314272505214,1.1880686129317657,1.1387920054019178,1.1964072646543582,1.221205240380271,1.1264827640533455,1.141134971358761,1.112149409543352,1.1259032718696578,1.1391301227016428,1.1442400824811072,1.1416275777010383,1.1776633377885786,1.2247919684147384,1.236258500028404,1.1932025835034192,1.1945300120792341,1.2643718370859631,1.2687814027776483,1.1936972501026764,1.311861404994871,1.255314650391724,1.2719498176570145,1.3011564424051054,1.2065027483527928,1.1915593486389129
1.282702924275018,1.278310040787363,1.2447701014103947,1.2836823182836057,1.1920848662301333,1.308183861923632,1.2571026387710276,1.1935402984816499,1.146878379923459,1.2131819285874639,1.2339981220764693,1.1408719329570791,1.1208654803411062,1.1195878972557651,1.1432927081407547,1.150734791861344,1.149635271555511,1.126147083240112,1.1574680714152117,1.229424322729589,1.2375195539958939,1.1774901011924814,1.197333836376591,1.2745832611562355,1.2698664324634452,1.220932031131316,1.341104187369055,1.2673609813022733,1.2791259663514651,1.3261320335447286,1.2351000809637949,1.2174523445820273
1.250494579822486,1.2785074567453418,1.2410508156978948,1.2795538017381842,1.1854103104956488,1.279611863330893,1.2337794332335084,1.1994780791332014,1.148797791977275,1.218826925807544,1.2301315737469547,1.1335658824770676,1.1366633512252402,1.118326488406058,1.1468999158890987,1.1514042197745828,1.1491561368068408,1.1415580585911318,1.1712067657216285,1.226768727311409,1.2447236184981174,1.2042322244261874,1.216539621247309,1.27559714636361,1.273601573534426,1.2098938337589848,1.3331921037426204,1.2685882448798733,1.2737560088097948,1.328889103927866,1.2123804765303725,1.2012211868748257
1.2556293925553588,1.2782720538464871,1.2526064699559014,1.2759375762691056,1.1963842852884372,1.2725520425193473,1.22440484420363,1.1882611314817388,1.1436166281588713,1.2058282771453366,1.2135401265955374,1.131388993534156,1.1307873215452606,1.1275986179690356,1.153966033528827,1.1625646317513012,1.160885782112912,1.1595661257943897,1.1760762039532786,1.2325263603446652,1.2431571090769074,1.2040099501140549,1.214093458130429,1.2686354081795743,1.267147761509754,1.2065204354590533,1.3216116669086397,1.249745828754661,1.2812625746992374,1.3019690433748812,1.2191749869160926,1.2041802879334413
1.2698934518296454,1.28482458677372,1.2707702006950796,1.2855520790553912,1.2039799944282055,1.2556135287470718,1.2234812557317798,1.178638578548247,1.1489093576128333,1.2039436378426986,1.2023534775098144,1.1364685650224113,1.142518960601761,1.1412689083572112,1.174968332203745,1.184312864600621,1.180267626568173,1.1614977350341478,1.1605530322988276,1.2117420137401227,1.2268712876894798,1.178671065738526,1.2097555801532056,1.2567710602314606,1.2615640915430368,1.1887374688159753,1.30493857210842,1.2446557591144696,1.2980256776104082,1.2848803536140339,1.2238352779821895,1.193580966065095
1.2425932079291413,1.2683726765379757,1.2669148360259146,1.275325796857835,1.189568118716953,1.2505702870053232,1.2217718330852918,1.1736309030804648,1.1501823011405248,1.2098270432399993,1.2107673360789784,1.1485416799796853,1.1467530929235263,1.167531474706447,1.1933586444409576,1.194352053045354,1.187176763025973,1.1647302983336405,1.153798393417129,1.2243804309309656,1.2200453368344724,1.1743071607547904,1.2040467648379105,1.250002307507417,1.268413760937482,1.1947319009272808,1.2849167126467371,1.2467371415612793,1.2884659226759034,1.2790123227457768,1.213565929305142,1.1960163190285906
1.2566485841652826,1.2801276270111168,1.2875862074215063,1.2877048361132324,1.21262995507237,1.2558191756955224,1.2489027728372233,1.183452907413882,1.1661873277499932,1.2251475747396574,1.2357356164200435,1.1666705045990358,1.1579822022012043,1.1861147650885433,1.2095182786662748,1.2029365621485217,1.1875487691080806,1.1747212126413407,1.1623233819444443,1.2313932149142213,1.2197676856490491,1.1796782407159179,1.2093362144989044,1.248844661217115,1.2595685464067272,1.210660411958995,1.2799585216815343,1.255323497589298,1.2925756250933214,1.2688961132915784,1.2318581972138656,1.2033189458906126
1.2456395986251463,1.253003953196974,1.2625001928937976,1.2307041100434948,1.1906089759149223,1.2508073077835817,1.2433398361930221,1.1603143686129722,1.1368193392459087,1.2139637106244505,1.2317668845034975,1.1402877133356608,1.1327394411921956,1.1576647857008744,1.1929108062136824,1.1862883681073821,1.1742346124467482,1.1717907563965533,1.1612974841121626,1.2325352743366558,1.2202445863107294,1.1828846737258447,1.202304043534301,1.238771800773891,1.2525016547768513,1.202026578965043,1.246481887889907,1.245992365575516,1.2891696216179256,1.2683079640679924,1.1991312278558899,1.1873128206810357
1.2356164651930648,1.2381195692062634,1.2460013317116716,1.2231024372120813,1.1825602752143278,1.2510094186924443,1.2527976430348722,1.1766810584085878,1.135634800482171,1.2185469905875341,1.242221124064748,1.1452019505074738,1.139841637694458,1.176194246894539,1.2097495914430954,1.1998718261877652,1.1794863461306535,1.1749865714217747,1.1557070413812216,1.2314498026388785,1.2118294573671362,1.1616187363903185,1.1846804692882982,1.2463410713275322,1.2527698328425556,1.178026269970934,1.2244036713058217,1.2442201725625492,1.291068050083653,1.257623054381164,1.1895763695942032,1.168909856729288
1.2393911581187704,1.245362116258572,1.2620631724101394,1.2351421016957964,1.1868864204892275,1.2780263067020992,1.2238375710557186,1.1692958776817077,1.1497300557542274,1.221854947022492,1.2303285949696143,1.1531403908020252,1.1554753904380504,1.1865362559723804,1.2129012053265682,1.2057011715831667,1.1883457904181092,1.1787691110369531,1.1698460501724322,1.233586442813261,1.211313969040837,1.1756969622044586,1.1964747657010593,1.2555339914792703,1.2527794994911945,1.174805726290162,1.2098796097937934,1.2319957259519847,1.2709425209172418,1.249864189830237,1.1838132148121991,1.1824431332157628
1.248433868169499,1.2562996956007302,1.2479983655856834,1.212689116744938,1.169814005485116,1.2861694292579995,1.2330924873137932,1.1828649740605162,1.1383435826156103,1.2128184012220116,1.2257168339625972,1.1513121857799433,1.156710790344992,1.1908654207801173,1.2197163439449825,1.219099558908196,1.1972094188951443,1.1825078417621702,1.1740990755997476,1.245013217721987,1.2156845835759111,1.1808631589226488,1.200948308038682,1.2605445771346737,1.2755234032291431,1.1821369087067277,1.2307286445439578,1.250880227875014,1.2786962893462808,1.245688007500229,1.1728083994151166,1.1908598502344423
1.2301891223477168,1.2538602238561545,1.2576948056298722,1.2088644902289214,1.1699206548123737,1.2940870883423736,1.232092128776304,1.1822659554854413,1.150458593930347,1.2181069140649583,1.238630922209666,1.1597527387902717,1.1733441977358476,1.2006271322870157,1.219905658167184,1.2116306941430615,1.1968185166708387,1.1844282462824793,1.1649390305403553,1.2459162784395057,1.2053009901753107,1.177954782829322,1.1737529051771831,1.2655102712806163,1.2614465613293235,1.1769923413224188,1.1999972054032348,1.2255303946297935,1.2684281185568054,1.242761421875589,1.169268225179887,1.1966281759854032
1.2198738974979286,1.2379745498385228,1.2626929087281313,1.2111780701968664,1.1538426684165293,1.3062723315733091,1.2231259783210386,1.1635730416921597,1.1418073662136987,1.1939837277929548,1.2458892003693571,1.1686034102952663,1.1647749434851848,1.2193441350645315,1.2422681198745698,1.2286597840340763,1.2178668662056118,1.1720628573179863,1.1664789942084164,1.2361287988335785,1.2131582643605678,1.173771543692613,1.1799640145112922,1.2507915185801097,1.2555999180201998,1.1630450461591895,1.2104588881341611,1.2188873126998025,1.2505482133899073,1.2332661554450564,1.155756693952915,1.1806112081400149
1.2204219818618147,1.2260487770949815,1.2535103962421792,1.2071082766864463,1.1386191904863856,1.2998596210271653,1.2195069960064913,1.164716678521076,1.133532385697871,1.1975443240171297,1.2536557624384979,1.1708261368766402,1.160651789684082,1.213267118386205,1.2377062691389524,1.221799737635573,1.213671702627219,1.1718016257912656,1.1796703680294995,1.2526790567992232,1.2295382922814204,1.188138658581597,1.1867351004548257,1.2618534500624552,1.2531877674324654,1.1708107636802052,1.2129043148676348,1.2441504553370046,1.2503903860033587,1.2348934022651055,1.153795648689778,1.1781260357030252
1.221294326774063,1.2167944487151727,1.2015614370287462,1.1918976586603485,1.132767828392684,1.3007441813971048,1.2087343921683527,1.2019815119973862,1.1352741947253455,1.2162678495936696,1.25024817077168,1.1744016948441365,1.1431379676707192,1.201699281044639,1.2293109918825407,1.2143749379466484,1.2029145280062055,1.1589358667021257,1.189376985192855,1.2733275479740322,1.2422403021945612,1.185832358651242,1.1880756688466394,1.2649858708088058,1.2587564841235197,1.1712944769836695,1.225759076695801,1.2558784597282822,1.246573246681582,1.2475552725396764,1.1470420828873575,1.1864463286031695
1.2299678617422423,1.1980436189955155,1.2209418062183919,1.2009940755902984,1.123450372884444,1.2883569296027848,1.2109075145454162,1.1827136246904928,1.1248405733743398,1.2051778528069814,1.2593824913986758,1.1681011441869433,1.1479838332988594,1.1958607514913409,1.2241451796166194,1.209326017823846,1.2052721227198662,1.153085338994184,1.1876060446519636,1.261288378339908,1.2334251397913416,1.187401883624441,1.1829705687596828,1.259369951539886,1.2527381528673642,1.1657797006543957,1.2164905760027562,1.2364208108178316,1.2444207533818388,1.2357987725484463,1.1335110425113881,1.1782874916689183
1.2314710212996796,1.198995606955899,1.2230967153582115,1.2019904819503593,1.117336119694962,1.2850763094808966,1.2087469210773674,1.1994786773284827,1.1405652306879979,1.2071710427566067,1.2389397792139347,1.1709183343845564,1.1613930604319473,1.1907878527676385,1.2139288467280798,1.205779141420097,1.2098495566992498,1.1540927647096904,1.1857954188009405,1.2600372875512253,1.2353737673405252,1.182828573966474,1.1891319493048584,1.2777741403943736,1.2637724597446744,1.1678576973631445,1.2210890814381459,1.2309675200138608,1.2514455018374,1.2315976924051066,1.1380286092085072,1.1714988155123072
1.237555149367243,1.214323880028831,1.25903478821329,1.2214326595251854,1.1248355403496455,1.28650430088647,1.2137337403999375,1.206604356575382,1.1446803236276262,1.2110395898795712,1.230510004782339,1.17351445185561,1.1576994355301302,1.188287005094901,1.2102136343903065,1.2127806013477778,1.2190439252365752,1.1497901182699115,1.1686759730817575,1.232184874498866,1.213511810537019,1.1749615296751592,1.187672417040174,1.2650017706254766,1.2637796735216633,1.1798518458663656,1.218585035513213,1.2184491949394294,1.2623392004157399,1.245855659048392,1.1477488054341713,1.1851882297446812
1.2200423597000685,1.2155879124937725,1.2794872006705176,1.2218349719318569,1.1266175504079323,1.2733308383802462,1.2208849840067122,1.2086750259668135,1.1703377488918465,1.2096468626758705,1.2448244543416114,1.199292408029188,1.1816320785778973,1.2093137029740988,1.2334522217382318,1.237026450826809,1.2462807864321626,1.1738381614019477,1.1894047470389655,1.2480294376226546,1.2178862648729143,1.193328933085565,1.1972060580229007,1.275335136902116,1.256057413305193,1.179327319432981,1.2206795376874526,1.2002089260742104,1.2578091996648344,1.2388233714482093,1.1435039447593935,1.1897172931992661
1.2192559026716565,1.2370508697312215,1.2806733832982722,1.2297584553421554,1.1309832307245185,1.267536557745575,1.2352970858413035,1.2157966789377281,1.153422654716409,1.2105317287532704,1.2547636511382627,1.1923119610436528,1.1610402812772949,1.2057987413967672,1.2341404014462765,1.2434367368870818,1.2507915347829521,1.1645457181342815,1.179244262099152,1.2382737556246117,1.205916267350789,1.172414076752883,1.1813823223014923,1.2645448705565254,1.2434470923108776,1.169438996623389,1.2183290837009824,1.2036488769207765,1.2615952971121807,1.2323340764883903,1.1459158184413558,1.184535162370315
1.2207009548808638,1.2553299860287082,1.2839635891321284,1.232042226649998,1.1578473530452027,1.268353977989054,1.2443897419349643,1.2225148413213898,1.1640887928935502,1.2147869693582956,1.2655504172988825,1.1947180536956168,1.1762919345234542,1.205824002932369,1.2360212469690437,1.2526162089656043,1.2632748947772152,1.1769814318494325,1.189972898328533,1.2326569848551059,1.2068244766417435,1.1834732711061036,1.1840763574793793,1.2623944261806095,1.2355913047040912,1.1757454238398168,1.2139158432566273,1.2023840777915729,1.267764603403478,1.2379542593787398,1.1555887546946069,1.1858704059678513
1.229639310902051,1.245624949651674,1.2705402447337077,1.22600856705474,1.1552138962924237,1.2659201636058806,1.2451760304243062,1.2366944929217996,1.1758934400268883,1.2327587389466275,1.25970348706393,1.1949815886015744,1.1765296899735096,1.1975071217507332,1.2245547707078572,1.250599813703473,1.2658207583383814,1.18776148332454,1.2044992416843527,1.2437660618184476,1.218694500518425,1.1913128036253866,1.1968943755931876,1.2810283607475115,1.235117847844547,1.1738998210578828,1.2054035211443561,1.1902842870662826,1.258567389000992,1.2124725146507171,1.1569204263781625,1.1940714378922057
1.241453246035601,1.2408269869968318,1.2807462432348695,1.2332707628706971,1.1553611138470194,1.2530287516443583,1.2623126886704936,1.2329926834605354,1.1621096025077542,1.2405226383543546,1.2673557441469137,1.1925560425260227,1.1836680545601692,1.1912774777350648,1.2125934029767533,1.238129475279287,1.2494375641713162,1.1910319075565703,1.2040160789933902,1.228046455531849,1.2037661386929956,1.1930038060667756,1.1990125854321536,1.2876039531979753,1.2413988405009126,1.174075000964349,1.209103502078991,1.2018426779602782,1.2719454155738923,1.2089557855399686,1.1536745594977227,1.197160091855279
1.2241864249093266,1.2347651218479023,1.2676002972456764,1.2413792700868607,1.1501776500546084,1.252993842545907,1.2350084954282978,1.2390105761640051,1.1603991302687904,1.220477466978499,1.2378645681444373,1.17424990413008,1.1647381666314496,1.1705394037423063,1.1907164289233085,1.217716001720002,1.226985600813269,1.1599690722937503,1.1700840745861274,1.2153177725331652,1.195558430344075,1.1554666247169765,1.178468188194054,1.2844396440343713,1.249611148217462,1.1523862172199335,1.1850306889691966,1.1781400631313905,1.264107130200547,1.2050703634216913,1.133967858843416,1.1939616588965225
1.200746582358995,1.2365653020655138,1.277908387521505,1.237430291882069,1.1531705350570942,1.2428872787262772,1.237884363706286,1.221032172110954,1.1555627293902955,1.1935249382102837,1.2231852783754018,1.1537705382550651,1.1526475376723904,1.1557916777513588,1.1704676043687368,1.1931111621784762,1.2048585919356898,1.149741935767277,1.1612060613166,1.2033552826353242,1.1811216088645,1.1488938121523742,1.1650467340073403,1.2663084849082002,1.2267890578780623,1.140482943910317,1.1824878488812431,1.1679256924447419,1.272734960403239,1.2140827583663405,1.1391283987881746,1.1806233491397082
1.2060361442559755,1.2375266432135408,1.292247837385154,1.2413424882960546,1.1703301563112158,1.254457975174737,1.2342177412852988,1.2250224342996765,1.1602906171118934,1.2051340421486703,1.2331504268977393,1.1791369704070649,1.1647235257262818,1.1754416647384998,1.1762148964119985,1.2015321240454169,1.2066646822963487,1.153558642785106,1.1558323243084336,1.215144469289591,1.1831932411466326,1.1484360570968641,1.16442476137426,1.2773788148012541,1.2325233658483854,1.1487447649081612,1.1944361503978194,1.1751587021217955,1.2962368630446732,1.2211828557727544,1.1443475236063605,1.1925313909706903
1.2312979069742855,1.245817476155106,1.289774395824626,1.2293144636144218,1.1607874980457904,1.2523695617378214,1.2307721162657215,1.2212621170765863,1.1411570298426097,1.1937644392236466,1.2279554332005906,1.156911651490841,1.1576770912902585,1.1563399870911353,1.1622188670750901,1.2013445572655241,1.2063734330344216,1.159424071144866,1.1749305800507106,1.2399650898743304,1.2005377569672007,1.148300277535819,1.16987560439211,1.2943040812934887,1.245886021066351,1.1518058701183094,1.2200163598659823,1.1914642664016157,1.279376125911154,1.2353719519424105,1.1482173814949828,1.184083077914259
1.2311099563356707,1.2708379563587195,1.2778951909436242,1.2424109769513587,1.1715517512040639,1.256005584990735,1.2206888275362315,1.213759601660166,1.1408993050612777,1.181156343299054,1.219692467959306,1.1533129024156215,1.1542491926231058,1.1426793157860744,1.1433959219618872,1.1765490768523446,1.1852427129965262,1.1410950641074404,1.179647713156738,1.2654421445190478,1.2347078376748124,1.1727344443633114,1.1977384578669084,1.3124825110678286,1.270756408661752,1.1810846722998571,1.2486126061453706,1.2221809772221792,1.2884000236933073,1.256970835843384,1.1704623405613948,1.2059262883862478
1.221848293303204,1.2552704056173367,1.2749629987208977,1.2365144676448423,1.1579380410716889,1.2513077162561663,1.19451833903088,1.2099838367235234,1.141452949805338,1.1908750038269338,1.2080163486425346,1.1451139639814578,1.141315937235644,1.1320072883847547,1.1376460949254208,1.1720219503598075,1.1673561437546196,1.1242420189700606,1.1652159516031138,1.2603992633393213,1.2274220409802368,1.1606845235638465,1.188034070498174,1.300325514699405,1.2666464941670792,1.1657136875555794,1.2436046247100638,1.2186561129993445,1.281099716691018,1.2529029662476967,1.1642501657298385,1.1975016597418986
1.212081884749791,1.234977964177283,1.3033712473599268,1.2287188025101463,1.137841831944258,1.2701429113566762,1.207522605040103,1.1943717796883375,1.1200986258765608,1.1754791821818262,1.2156064666348134,1.1317717221915802,1.1409368905108273,1.1285233354289566,1.141454575248673,1.16869865801174,1.1660467582916827,1.1426018889363472,1.1698323869591627,1.2626569016927611,1.2206583210245139,1.1632726961570856,1.1778640216144622,1.3019730874523292,1.2612639642235062,1.1633507662005693,1.2372674473637375,1.215385885368103,1.2688670551272607,1.263263527149518,1.151207447466376,1.1891963612935827
1.2363772156201176,1.2359652619626114,1.2750829255628806,1.2273006863188411,1.132721961970626,1.2594729933056965,1.1745351150591603,1.179242805816019,1.1182622736920838,1.1634713774186385,1.1982297220285574,1.1224893536882978,1.1395272954089393,1.116382766155669,1.1326410879748632,1.1582958843498634,1.1544051923826522,1.1273914240410152,1.1588118306743562,1.2549660252068853,1.2228909777907009,1.160083544508528,1.1892809648776008,1.2989765678217742,1.2798586938428655,1.1666762261314974,1.2452131408717084,1.2194064827001685,1.2644592683629015,1.2578199954844476,1.1582127490387428,1.18595553519054
1.2604790950051934,1.2543977705700522,1.2813803555717977,1.237527079525372,1.1524222465041436,1.2656289497847393,1.15997711520937,1.2003012675681646,1.1473404990194769,1.17152243923012,1.1993801995234288,1.1455475265192356,1.1555260189041927,1.1383759754761071,1.149992636089145,1.1684237010651983,1.162818612114382,1.1436767286914136,1.1860530614658429,1.2876672450154973,1.2696596809041567,1.1671449359405324,1.221922007962718,1.3200101880667419,1.2998846111267155,1.2001465044892088,1.2744384530507917,1.2417475634199964,1.2661927038013543,1.2800170093022958,1.1759921593802531,1.2008188572869016
1.2594833362066034,1.2874934609587256,1.299626074536619,1.238718074323893,1.1518704280174266,1.2726891946083547,1.199416202933207,1.18775721033936,1.150178090869645,1.1769841256742903,1.1961186576164322,1.149402589010423,1.1590232268420304,1.135694545918241,1.1535496024092466,1.1823294700928126,1.17838498685404,1.1459937706516394,1.196858571481369,1.2903948532171714,1.2710249470221406,1.1867694390054084,1.2316105825192658,1.3142163314066013,1.2888246023281886,1.1893216544545748,1.2634166210956228,1.2202644023715083,1.2620104069054563,1.2673393149669612,1.1726668636267694,1.1900687103651164
1.2638512322648014,1.2901593199234336,1.2950072068671115,1.2366854204649458,1.1311445765698267,1.3035979600525924,1.2074358206104414,1.1862599717695337,1.1524105276292196,1.1826706834736855,1.2027500914664269,1.1664656242571332,1.1742568085315832,1.1556492713963362,1.1704416906437627,1.2093838719767647,1.2112286987643037,1.1766393882848,1.227635493665253,1.3060672323468905,1.2718840740377584,1.2050291497600993,1.2322172920377537,1.3172679280442126,1.2831603562706233,1.184416864947428,1.258322174124602,1.2208932182380159,1.2527332512766916,1.2655245164081954,1.1629030006130086,1.204249702746658
1.2712959395055226,1.2591921519541456,1.2699527849209533,1.213395669890396,1.1313651778681677,1.2994226030212228,1.195975456137809,1.2095175952759147,1.145439644030122,1.1915910480863041,1.1964343991605753,1.1430176502457012,1.1489851941409965,1.121638674008688,1.1446110630540076,1.174345413339884,1.1728811228057863,1.1468612954553947,1.2000609604389647,1.281990379117937,1.257765948703034,1.195124110343132,1.2293064829324494,1.3027828527196998,1.2681359974273778,1.193857590678452,1.2418762610876812,1.2121355433684013,1.2292919602243988,1.239457586044879,1.1592783021711457,1.211862812471864
1.2421925358539054,1.250477615273539,1.2507421425065028,1.2119232131801068,1.134155239169712,1.2764987195834951,1.1994879175042628,1.22347550471963,1.1500584141419268,1.217887986118485,1.202059622951508,1.1506680451538338,1.1450935411794778,1.124539468462593,1.1444411437846675,1.1793717988017978,1.1813675620502402,1.1402677326845423,1.1963171559987544,1.2651256128199286,1.238519298217888,1.2006929969434277,1.2223465520936223,1.2739321698303574,1.2603358704963619,1.1948469508373285,1.232127032906742,1.193981845933144,1.2084471498804847,1.236156310700553,1.1592144058307179,1.210804623228298
1.2450802287619351,1.2406590776167157,1.2406424137548384,1.2265992509835706,1.1404409959290296,1.2718266186301959,1.2067364782703733,1.2152420602149976,1.16333403203146,1.2077283846957911,1.200410563799721,1.1555897609285055,1.166763879486841,1.140228301571768,1.1690727812608295,1.2053581947974592,1.213098711433538,1.1699407223273608,1.2137874410037381,1.2641782505618617,1.2340767887968918,1.2249820933843691,1.2233996349642555,1.256142639670559,1.2425457373149569,1.1868801950036634,1.233107974530664,1.1732019040238582,1.2181813116163553,1.2220835236937773,1.1561993422010812,1.2301991624291742
1.2584863711393828,1.2165375893082617,1.2342078791738265,1.2249660388832326,1.1464172340843943,1.2739493410042402,1.2030180586249448,1.2305086601715538,1.1487842823116723,1.2213008815647954,1.2086123519589638,1.1574235939567759,1.1380797134160798,1.1440107343236918,1.1791638134056388,1.196383475636591,1.190459661804793,1.1487136748171571,1.1839459562450403,1.248696081824841,1.2079104802196416,1.1944342507735528,1.2040070606368165,1.255154365861591,1.2294355758010742,1.1953797072417376,1.2187670632967775,1.1683749667977519,1.2181244907010995,1.2125072626510218,1.1569892878836157,1.2115938584590789
1.2637734520767774,1.2294881426294282,1.2174903940770376,1.2262136220378728,1.1295997044995203,1.2523629847419193,1.221466237829315,1.2153585057392375,1.14922366727033,1.2146984368025513,1.2077819473017335,1.1461455595548182,1.139422222813328,1.138876791619311,1.1766127908350386,1.204521528189471,1.2012210594693282,1.149228570401834,1.184468978339989,1.236848652577829,1.2109114121142088,1.187971671159953,1.215282232473084,1.2475093524083043,1.2356084580918714,1.1906306529663455,1.2141886160604982,1.1672717606655683,1.2160943361340175,1.2145378484613747,1.1449945496463256,1.1875264853825083
1.2605280012629225,1.2512773252801335,1.2108702585855555,1.245854637665313,1.145333236731856,1.2423230473693807,1.2115372687140002,1.2190669614356995,1.1598355404784473,1.2341960556366032,1.2060102705035562,1.1498754813648802,1.1512859730552525,1.142515101914482,1.171965117958394,1.1930972225337635,1.19402950074266,1.1497956440008852,1.2022922084543577,1.2617241939395554,1.2412882107481298,1.214401395299517,1.2351931036574413,1.2750746905966481,1.2542231975835014,1.2196597838165502,1.2340213259409571,1.2177724689931324,1.2453815937524797,1.2577325797043715,1.1683355406245028,1.1846445895940725
1.2503570327705846,1.213172556379992,1.2074478964602753,1.2197832395631605,1.143276478437481,1.2328167394484728,1.225063847518258,1.2435499236236505,1.172068381483703,1.2436936012604594,1.2050237944491626,1.1625552137826896,1.1548872320483858,1.1473113430220878,1.1738987832160817,1.1916003728087978,1.192350711061067,1.1499440253310973,1.1935438157515623,1.243611223584659,1.2162810148291097,1.2010780134087553,1.2136130090364265,1.247216799518068,1.224926840799758,1.1994934998903128,1.2122556672023137,1.196451227852639,1.2349125891853774,1.2346858526673115,1.155056100024333,1.198862195559502
1.2328428278345374,1.2173840168791739,1.216167797910977,1.2139173770608298,1.140229787053184,1.2189654226542008,1.219448815275051,1.2356914228795348,1.163244061377626,1.2334958118797885,1.2035136627877665,1.1505675256298988,1.1570713285813345,1.148916617688572,1.1765828560495188,1.1947478721569977,1.1962999401222225,1.1526684296495615,1.1855619714321268,1.2293690187959105,1.1982879652356784,1.1925988353765706,1.1896211382724207,1.2287836225159772,1.1963233046154835,1.1849820871325472,1.1845216357717698,1.1891760459399927,1.246541285314203,1.218134610377065,1.15162100697563,1.192806509965752
1.2255845441266395,1.2197775613352246,1.2166150601751713,1.1977895921996284,1.142646323044716,1.2297511730462718,1.2227675641656555,1.2546082538826768,1.1570123775358967,1.2257394325231163,1.2114873289406585,1.1513725948432607,1.1505091867571053,1.1515700360868732,1.1894177185010641,1.196623740177881,1.198701066608803,1.1524876229620002,1.1768627866192611,1.2259956980019133,1.190561432846207,1.1784733116037023,1.185082443099789,1.2047263807302737,1.2037802537983726,1.1879987152420737,1.1906294879567212,1.1761135679026324,1.2487199373326794,1.2067755353771736,1.1473199108415904,1.192388899601739
1.2354463414899455,1.219345031018093,1.2223770448335527,1.1929361637693858,1.1632428616572172,1.2120278966634628,1.2111916117979533,1.2413107401239412,1.164256674711092,1.2233670900058873,1.209790687959483,1.1595717484556805,1.1640866839651332,1.1705781336763796,1.2088630984471658,1.2096865434450603,1.208520979239652,1.1587425720900806,1.1776578131410433,1.2254661164396865,1.187202451162623,1.1892746517536592,1.1894924917571,1.2059190250787473,1.218227741967665,1.2040562909702301,1.2153297286477207,1.1698018336190692,1.2203131699047298,1.1971575206437,1.1668907083890567,1.194832060999338
1.2321758003810503,1.22907753598534,1.241786672865883,1.2084064473510916,1.167732751220386,1.2213872427576058,1.2121303549566886,1.247437859686645,1.1715480796753275,1.2231126100484757,1.2069551929896187,1.1630206221438066,1.1674300230442785,1.1798037752951933,1.2154745808625818,1.2061996314663892,1.1999076524569368,1.1593094298018862,1.1791086994051025,1.226525863819485,1.1848900508885571,1.1809106354998915,1.1729156297594354,1.2002095496470828,1.2052690583875423,1.1882736363370543,1.2071121741652469,1.1772179622748877,1.2351005095680134,1.2028764310149234,1.1622573040146986,1.1863055758005807
1.22105088150522,1.227080062886012,1.2414702637958641,1.2020156070445256,1.172359503156538,1.2193173504003185,1.207566284097146,1.2162946630516578,1.1813099858486453,1.2129663210764032,1.2205491628699416,1.159306634577302,1.1737553408623003,1.1809663537692687,1.2146254439728412,1.1931065483039858,1.184618026981822,1.1519233764406942,1.1827407347219716,1.2339934928703933,1.2000712315006616,1.1709087458990843,1.183149942141843,1.2185221521261491,1.2142949970776291,1.1837436965037849,1.2119719141946468,1.1828454531055372,1.2290180452145856,1.2246560846767953,1.1623749096990343,1.1788157351155741
1.2311064944928733,1.2354568566861248,1.2694737027896859,1.2102361335601939,1.1722662463510047,1.2222288598540187,1.223348417827646,1.2323428659970197,1.1699638118048346,1.2360243396043344,1.2381888710649689,1.1677472199944015,1.163497352785674,1.1988181925407972,1.2296870081226574,1.1979196133327168,1.190454799824634,1.1469963620791654,1.1718171816085126,1.235420414960442,1.2075094193121505,1.1669867128686489,1.186582921258086,1.228156733403898,1.2387226189309857,1.187133747647709,1.2191264157455577,1.2006948297291653,1.2514762392843284,1.2183861959786622,1.1769154891967855,1.1564563420824516
1.2338086144492113,1.2380666700048222,1.2613406007402623,1.1979226005162904,1.1744465745038846,1.2426752165986614,1.2257863327509992,1.2329225028188195,1.161388370317587,1.235786043406078,1.2519274475968685,1.175431621196116,1.1723082690422622,1.1882658294435426,1.2079335101395698,1.1872952955864007,1.1933830087177535,1.1547043934073566,1.1854708101516915,1.2367500206377489,1.2104369591280684,1.1806159859287633,1.1853368766281416,1.2109853482775952,1.2240673846269698,1.1783562611494163,1.2144428931457674,1.1923801420837363,1.2526668097911653,1.20508066850337,1.17482304963051,1.1648183209402876
1.221861666601673,1.2271839112718492,1.2645882326018945,1.2006377373438075,1.1710729685973156,1.2446078816500452,1.2277942805930124,1.21351929939113,1.1628089090968745,1.2445349291894137,1.2565845671037141,1.1958840683032637,1.158979595643263,1.218933672434377,1.25206709955927,1.2097928984668018,1.20362209633353,1.1486548637004865,1.166708602817969,1.2243871354826386,1.1961512296023695,1.1700971915616858,1.181719281885229,1.2145775356952218,1.2144519364866149,1.1820029025602248,1.2196407848700093,1.1889182973170584,1.2612423182813157,1.2073359010461886,1.1808024870973415,1.1596146140793653
1.2442487517305374,1.2509581258859745,1.2689586716826333,1.218778987005841,1.1988105490004481,1.2658396798763756,1.2264714993008061,1.2078608301162557,1.1650153372518162,1.2501589568990001,1.2504957748680323,1.1870823903103251,1.1573312917912526,1.1989477802909942,1.23484595230674,1.1984875483549757,1.183579166764925,1.138811081241837,1.1741496556303643,1.2435165018496575,1.210805368462007,1.180837583984551,1.1899721681436308,1.223154269441638,1.230038010077626,1.1914320131241176,1.2310612061646022,1.2013104486167123,1.2929043611602953,1.2153632868908664,1.20450121663281,1.1622670396509893
1.261633228532423,1.2595652450787511,1.278457899029916,1.2329158326206389,1.1802212994714993,1.2674442052046413,1.2298064847943073,1.210560322722597,1.159276946698297,1.244879672550618,1.2582072194045866,1.1935242724340873,1.1542576057457956,1.2116409219963558,1.2418236370168771,1.2010421859404066,1.1918128253326001,1.1525625756916003,1.1791192822136376,1.2460933413529116,1.2032308055639651,1.168497156345665,1.1830334062708885,1.2263565353965162,1.2383676438581388,1.181857117673404,1.2424827522740827,1.2016368126332504,1.2864144718242785,1.2185878763075422,1.1927660001949643,1.145695765719871
1.2693613741083198,1.2623118495168466,1.2968006784514006,1.2401426350246954,1.184631345429392,1.2786952023543412,1.2368838199422867,1.1993917925683761,1.16104605004098,1.2440969807739375,1.2584444893743636,1.197831619229078,1.1393983301764243,1.2124221017491001,1.2352520629614077,1.1823289880476666,1.175741419896058,1.1256216824417404,1.1541070768365755,1.2365911126010796,1.1964454641177513,1.1610912766214703,1.194788903958101,1.2038357758600664,1.2321011286055552,1.1922618913178316,1.2379326485103386,1.199803217469336,1.2924567611118207,1.2341704043621882,1.2005941673910854,1.162923027862497
1.2738784144168547,1.2849442438975889,1.3191218169937498,1.2451134178821357,1.1832492133236017,1.2799665185726683,1.2598161225295657,1.195079778272586,1.155700610380692,1.243878463267219,1.2540827767755403,1.1953096636885059,1.1506919127624549,1.2050119763387561,1.2217051183529772,1.1898902433646923,1.1773916343205677,1.1344739608900647,1.160062851243302,1.2275216408291143,1.2141118779895481,1.165719609481673,1.2088934891023169,1.215330469182259,1.2301070466982431,1.191100730073634,1.2488808782296799,1.2229582469497018,1.296575627012622,1.2307092498398484,1.1990129236569378,1.1645729560725089
1.2689013577544535,1.2814375141123762,1.2894521819663878,1.2362473808427727,1.1794349106194582,1.282199909658024,1.2254678364698777,1.1854894018711222,1.148322540827275,1.2377949468805087,1.2411379555108697,1.1758474244991468,1.139764526945272,1.175229667057763,1.190345468917876,1.1712263752676904,1.170980592731034,1.1381309192929363,1.1548632943694268,1.2181277617726172,1.2146134811945881,1.1643351762829806,1.2018097688505842,1.2251715565339674,1.2226178631277982,1.1802173145572923,1.240470596358407,1.2293285102756903,1.3027747077616731,1.2315616196382912,1.1958951495718932,1.1674218531294458
1.2879705223702027,1.2855028744893124,1.2842523326510087,1.2353348188042863,1.1791962503524203,1.2855589960125637,1.2246128564286614,1.1805665191233996,1.1429101895917892,1.2293320449056027,1.230892889697023,1.1566262836915218,1.132541225273886,1.157645861354094,1.1760618629576767,1.1740221099553152,1.163600518469862,1.1352530034566044,1.15507055025551,1.2140632333187757,1.2116796938817664,1.1775813519753906,1.2131907736768766,1.2386766396362459,1.2351728228212284,1.1980865342096736,1.2501465688253433,1.232744562895935,1.307636303593652,1.2367410559272358,1.2011183460959873,1.1860834987793585
1.2936195982778174,1.3082071873770378,1.2860546668608481,1.255611269841395,1.1897678856292278,1.2920358647254542,1.2390639957000213,1.1681329397959688,1.1521800601248975,1.2123544431532478,1.2225525908693091,1.1600298574339973,1.1516402166339752,1.1682500824286948,1.194358686214801,1.2016767486321607,1.200446658557268,1.1592530928944367,1.1594687891670241,1.2273427292689612,1.2192524705636847,1.1659584446950249,1.2148741381728356,1.2587135723629672,1.24544921697693,1.2017168671416032,1.2728677750828685,1.262025654097874,1.321663851113591,1.262907414876469,1.2217492977132371,1.1855936141764738
1.2749035639319732,1.3217030315200349,1.2841261060419777,1.2498438434662642,1.1798387997475681,1.3027986931231224,1.2358662828831897,1.184447169797206,1.159852885726978,1.2201025740232945,1.2167532112568804,1.1507831869165026,1.155994392448814,1.1455112797951472,1.168504061792193,1.1865897257018487,1.1866684265114955,1.1675196058613817,1.178263405147312,1.2533647510535084,1.238344290374149,1.1685088559869288,1.2253572856177717,1.2768174511531547,1.2607619989021794,1.1848158780683704,1.265693573183918,1.2691744661324946,1.3102176797797664,1.2754211347944142,1.1998954468192324,1.1776684883009352
1.2561150650923827,1.3210127042158584,1.3029010120238884,1.245995272342778,1.1963829973312101,1.3042425717930823,1.2363189922472753,1.1755269797485677,1.1642318164823582,1.2276414295266331,1.223003824748865,1.1659468991699191,1.1798052523285474,1.1659756718956678,1.1855056327623876,1.203830409184052,1.2036629847731644,1.1963724681910084,1.2135553148185305,1.2831122973586433,1.2760488728201418,1.1958765437232186,1.2518817430785674,1.309148819346827,1.2818540988322789,1.1842394212167484,1.2646175056334885,1.293523367562599,1.299136220467475,1.2962610869072346,1.2081661343941597,1.2030259985998564
1.2663259986641815,1.323589103082212,1.2941347751218943,1.2542770786451396,1.1851091591878304,1.3073703808742196,1.259423922661111,1.1897417697226276,1.162347056967551,1.2143219716686369,1.2190962811823896,1.1519524033214987,1.157707171081818,1.1504681258635514,1.1632973445193184,1.1798727330608676,1.1771219301576623,1.1762974991419597,1.1812200183530424,1.253033845303708,1.2485372010730547,1.1768685631249665,1.2364964651710326,1.2865257576299207,1.2844857463489239,1.1834244205811237,1.261175933303649,1.2770280400829,1.296722787675915,1.2776330712401924,1.2070605930181764,1.1835499338810784
1.2712175435549582,1.3037327589160521,1.298435843445459,1.2476022405082263,1.2046471627679893,1.2938056706164824,1.2581718135431639,1.199173748035889,1.162215583989218,1.2153601629078503,1.204941401781273,1.1502318371342355,1.167053461403944,1.1540269046395502,1.1737104198505681,1.2043567289875066,1.205233910158619,1.1903821439218547,1.1939657890107602,1.2361771652004179,1.2512147068116537,1.1876068604937287,1.243637988486413,1.2811048867698216,1.2726936747177657,1.1968247470956932,1.248157874174044,1.2783694642587964,1.2922879571245138,1.2978797438364096,1.2103455720180283,1.212394177728401
1.244408759058762,1.3034476383898776,1.2946933807730518,1.216711340728463,1.1795839438883442,1.2999759695907336,1.2595691580000896,1.191444712595962,1.184615756517002,1.218058593941665,1.2112945817987666,1.165318591546391,1.169096868921064,1.1675908256263896,1.1785154514848404,1.1975125405892166,1.1918112477621676,1.1816336539190324,1.1954760550561816,1.2468339327740539,1.2719116549897869,1.195014632775988,1.2609616829472365,1.3164989057210479,1.292807068633771,1.2001277388284162,1.2600590922320352,1.2999584233019077,1.279746807097349,1.2852209437618503,1.20565718117391,1.2075369934356985
1.2393100280553704,1.2951278278769143,1.2800070986418768,1.2257930936862123,1.179771172815076,1.310356242800404,1.2678480664594887,1.2030250563408498,1.1754861148554197,1.2237878822467876,1.2065327415839644,1.1586161626062386,1.17825170512599,1.1802666832343651,1.2088917320701262,1.2310408449012449,1.2149343053824433,1.2003509565408066,1.1982726461874065,1.252333392281664,1.2694115619320603,1.1983966012138887,1.2358068415328924,1.3256809517065993,1.2695174619563392,1.2053309265191476,1.2607178454446937,1.2879696559801668,1.2786270531175188,1.294250841523924,1.2045203943336193,1.227495728325665
1.23577561398645,1.3240511957907926,1.2995375986527085,1.265387140662168,1.2016767472548568,1.3573495251126637,1.2770190482331603,1.194403794951324,1.175461552637266,1.2248909717707233,1.2120048786955626,1.1614689496703499,1.1899154242019374,1.1914388732121515,1.2171111558042038,1.2459340045170084,1.233929748254977,1.2227280551449502,1.2172736044602301,1.2564256533673281,1.2617036846323768,1.2085243664703467,1.2405432772771405,1.3111757499083478,1.2790177963401035,1.2104848397077732,1.2621377989288116,1.28024853008807,1.2870966467107867,1.290515597541085,1.2211111148580915,1.2107253503268953
1.2187686261845911,1.2751948372228357,1.304250301920563,1.2549961345284046,1.1631556034991275,1.3561342758390624,1.2868785454345666,1.203725040220817,1.199525403401435,1.2387999488643646,1.2139317678593828,1.1869713550266663,1.21075603373926,1.2127927032793866,1.2355731188936576,1.2611306034309788,1.2517570727421987,1.231791882385423,1.2309737805554042,1.2726206313941746,1.2666762670200526,1.2095993320900087,1.2472163509731606,1.3304203566826935,1.2793267014716263,1.2006325537951645,1.247563883111571,1.2863664827541963,1.263615391159274,1.2915895255277796,1.195572823174545,1.2069292782465466
1.2358861753804617,1.2589029671290395,1.295311968497158,1.2526570410173121,1.1582824511917038,1.3651496878332665,1.2912472936794757,1.20865574898648,1.1896186700182225,1.2396355558957892,1.2066887177748276,1.1830608153548945,1.2151750328359496,1.214929374453112,1.2308405182352387,1.262060116515914,1.2612099590422687,1.242922825059174,1.2477448522874466,1.2817614930801229,1.2757190248264172,1.2248387969245007,1.235417104766083,1.3335581871729585,1.2804492927668842,1.1918525641688085,1.2484127062175772,1.3011750396256734,1.2620463543704215,1.2865139992131054,1.1851343437696127,1.2011434037583177
1.242429299025449,1.2371478585892315,1.2836802164985748,1.2403379967856465,1.1534779491682428,1.3458539683825799,1.266160077149349,1.2141194937924922,1.1909745326592656,1.2333313189781263,1.201659753228596,1.1903862140755814,1.2101743331136336,1.2184005516116896,1.226421621113443,1.252611781741964,1.2480240147669972,1.229985864479981,1.2302367473854046,1.2652225866198505,1.258250772180457,1.2307205219726411,1.2343304845924392,1.305931321821681,1.2745132105043833,1.2031413258942176,1.2259321353409176,1.2824855045682326,1.2755194779621255,1.2763341078408692,1.1793762250403514,1.211751455525093
1.2709178870368154,1.2170694769195787,1.2683236289420297,1.2407891169968308,1.1726036384507343,1.3559527636255573,1.2612020786076283,1.2220271377946437,1.188471375104606,1.2340399177474972,1.2147776646211623,1.1959523631534397,1.2081294140026626,1.223409644757052,1.2405803234886272,1.2499854639226355,1.2419857482096837,1.2210651583788537,1.2323809711563118,1.242111043721749,1.243665620393458,1.2320063245498836,1.2241617057313936,1.286731790928703,1.247814490705085,1.197689641738738,1.2135784856036729,1.259500529399626,1.2693983655157184,1.2738905614191813,1.172110395460346,1.2122402140240343
1.267404371602261,1.2248120322039342,1.263055434258041,1.2431479175874787,1.165138327399355,1.3379489029534897,1.262798307657542,1.2228840169157977,1.1957058717538611,1.2198131294325567,1.2062806129478834,1.1925442791121652,1.222040418464177,1.2314457801932148,1.2522554165877005,1.2668115623715905,1.2689326745707876,1.2312837145362767,1.2423394986984628,1.2523644350223628,1.2448866486331587,1.2325580780510819,1.232967366012666,1.2906669234039758,1.265651371530865,1.2016483011558796,1.2300166342116414,1.2605195188448217,1.2686102028824298,1.2635617557553693,1.1733909840855612,1.2021133363602754
1.2733614365358923,1.2308516662515354,1.2624435533608747,1.2513225365900578,1.1535852063871965,1.3233544427843755,1.2608955761899383,1.2151726880924056,1.2016256854143852,1.2245343027343771,1.2086217599988933,1.1944939000297454,1.2082248138792637,1.2220701513481693,1.2412629129347796,1.2495846626525964,1.2464418064541427,1.2079815443563457,1.2233206739279685,1.2289190189452923,1.2234199877234735,1.2294942120828207,1.2225961905969016,1.274353818533754,1.2472506408538295,1.1956272769623868,1.2211328486106359,1.2501537415365829,1.2527699088737467,1.2401252284668993,1.1652474708932985,1.206205562355003
1.2763104388858444,1.2343366462298526,1.2399836386612815,1.2541087033083351,1.1582205603863358,1.3193051117790269,1.243396112648659,1.2283924274159121,1.206965677266827,1.2376375255920062,1.2306862631025666,1.206405444209096,1.2207497199697195,1.2172984582184452,1.2377219997078317,1.251451152699587,1.2577603310706817,1.2229932224212254,1.2261349174620089,1.2350048843843668,1.2258167355926746,1.2430751467849246,1.2244649276545407,1.28394972899385,1.2585559753869073,1.2104951771675514,1.2333932710890452,1.2459691354685092,1.2427009843674663,1.222560431712934,1.1765199046010189,1.2232701886147197
1.289635541533785,1.2418048396336514,1.2593797249641432,1.2630901447331142,1.1751775628607792,1.3312932420926187,1.2428113987190588,1.2292300586766745,1.2000006129084206,1.2394894168969106,1.2217340910294983,1.1977993044875184,1.2036929344736644,1.21272041795192,1.2374167954462194,1.256308604228104,1.2552723761353437,1.2059243065178233,1.2076179796927529,1.2349932964470562,1.217094382669358,1.2227094276935577,1.211773548552484,1.2837715221972674,1.2676578756028545,1.1968342762867215,1.2195589837144452,1.2478067787850982,1.2474578957114992,1.2222880021894686,1.180593505072912,1.2054596500868229
1.273751780678985,1.2203032734289654,1.2499059509021568,1.241178644354344,1.1523572027710292,1.3145902406450585,1.2511950147783335,1.2298785621885042,1.1900922364782323,1.217672753764871,1.2242832992799637,1.210591296558635,1.1989072460434842,1.2280604721267094,1.2435160345315057,1.2511990370675317,1.2429253997639567,1.1954599540782254,1.2000105759655837,1.209510768084788,1.1950838209154298,1.2200235555192438,1.2055917515143335,1.2669937597194223,1.2498064237651096,1.1994420930660499,1.2161896864684936,1.2212785277173912,1.241618135754719,1.2148077090115248,1.170097898957157,1.203823150642567
1.2838877651203,1.2247030155795426,1.2365140559665093,1.2093895666236456,1.146488612561043,1.28956982414023,1.2652505051653047,1.2336737213333653,1.194343100746284,1.213722569552289,1.232587713941532,1.20394109977085,1.2159566012404814,1.2080234550999291,1.227604237470348,1.2437207423721328,1.232764534101281,1.1871527931834467,1.202482341293328,1.2179152394522186,1.2032197372918902,1.2284601375147206,1.2025474105834013,1.2810707693641077,1.246818526279651,1.1906792049073343,1.213202738622359,1.2200521640647555,1.2365216608173226,1.2304078174570192,1.1720053355703295,1.1867655850890397
1.293311429634851,1.247740150083616,1.2289896301940257,1.2261418579831678,1.1832609296843244,1.2889093914203291,1.2590721527275286,1.2351804663508479,1.1913571413437607,1.2101383569129835,1.2344088957183776,1.208483030560949,1.2044686756275447,1.2201699580353769,1.2447767737875688,1.2498761091210089,1.2235508297957844,1.1682676034098682,1.1819303736270654,1.2125884020661872,1.2036039160730574,1.2218591886665384,1.2165314348303944,1.2749168632654302,1.273920889849195,1.205346562366169,1.2288869717122544,1.2152542872625014,1.2427475240900163,1.246508069128523,1.193320952923825,1.2055205955178803
1.282984962820702,1.2398962317717508,1.2278387325270632,1.1989989735164623,1.1603769341623273,1.277435380876627,1.2721323145766372,1.2316909398400158,1.18095157031664,1.2126505093330513,1.2261811768001205,1.199412348641985,1.2126048689684223,1.203795800730044,1.2290474500950526,1.2385815606180677,1.2220561693390308,1.1762837449776287,1.1887099459769626,1.192083091594734,1.195868164569261,1.2197039635736677,1.227819490384697,1.2463091131334818,1.2700329371258476,1.1981085522003638,1.2235435684531397,1.1806898120608373,1.2178901583307937,1.2335106335791823,1.1792288493647562,1.19290160084339
1.2833625676197973,1.238616663575188,1.2241952743427147,1.2044628333087901,1.1666860531194028,1.297656462891485,1.258102136300151,1.2235223576340695,1.1750428164587365,1.2085229180883463,1.2313234736995045,1.1853059072858867,1.2013636097652376,1.1857136746843433,1.2105150205443813,1.220335387970131,1.2127434897533784,1.1706891692802903,1.1961132260241043,1.2009457850770688,1.2056206102272726,1.2370805383562546,1.2437681751387464,1.2579576648933768,1.281864278525002,1.1874258774691118,1.2134472614183978,1.186388681050183,1.2132282717417988,1.243016336816478,1.1733097343429142,1.1877957146757574
1.2598791778888105,1.2329478995221146,1.2348026033869797,1.1920036189666123,1.1536074174558693,1.2792302828256983,1.2582340307277595,1.239648534178742,1.1819629448664934,1.2197919123003436,1.2253662295884404,1.1838264149551552,1.204764317974181,1.1797256134052525,1.2143225224971568,1.2348487356857913,1.220279106716295,1.1707320662403975,1.1782896276568249,1.1966323478657988,1.1947931444164972,1.2117752254920802,1.2213460194941141,1.2568217733860845,1.273683015505958,1.178330101749533,1.2104681801451667,1.1827587887750426,1.2058351411359436,1.2269178244962455,1.1686686735189598,1.193662319314106
1.2649595006150725,1.2417695390516916,1.283955448028938,1.2052828247280487,1.1632900918754008,1.2803565394912944,1.2743719701914373,1.2423633351686907,1.1774615664625079,1.2255819566781443,1.2471464211177479,1.1804564841280056,1.2091994043188383,1.1825101962838924,1.213481221800816,1.2255891602332063,1.2190974506203154,1.1823023971504196,1.1988098732769787,1.2249928368381713,1.2203648400004388,1.2269288239495422,1.2247578587203185,1.2793886975390654,1.272899632481544,1.1742161437152197,1.2043931212251113,1.191684863254028,1.2102071167308959,1.2334601732317716,1.1722361321578536,1.1840818322535167
1.2712890080039396,1.2351194384260626,1.2577364540431633,1.1869478143856713,1.1507173127274717,1.2879466087704172,1.27347872929562,1.233134728914867,1.1605331924496327,1.2218614423684413,1.2446993124205492,1.1866027740355516,1.2134862403959592,1.202006246741514,1.2352236565464187,1.2499624924938537,1.2370100311225842,1.1886184030138223,1.1955078409758828,1.215047759450056,1.21322067012507,1.2136371043960548,1.2258078337606149,1.2621528453897044,1.2662748018724062,1.1816133247262128,1.2249806280751294,1.1789282721605296,1.2086972644333436,1.22911431669535,1.167316457505013,1.186352851229007
1.2431237465021474,1.2289495948786728,1.2669728157831057,1.2143033719714063,1.1671110364243553,1.3014332111177613,1.2577148350526413,1.241913481188397,1.1634023976829206,1.2168688078015626,1.2521189995960191,1.1805173912672124,1.2135994093116604,1.2005508338482498,1.2341498422727062,1.251295431849773,1.2485303675360657,1.2032312160751166,1.1999448903541037,1.2126739382506888,1.2082151412678064,1.2143441367298722,1.2198883553904718,1.247693920501511,1.2549110702040216,1.1803842853532307,1.2128937894948915,1.1761442876659096,1.2061256660238355,1.241028899511307,1.1669797918910578,1.1857093527061109
1.2667781939403238,1.2541637205018958,1.2731928275019773,1.238664208680574,1.1828674963216597,1.3122515124460505,1.2679475785715668,1.2456662844974369,1.1697711444033558,1.2484968313753033,1.2677743813790256,1.194773441362485,1.2094972066041447,1.2066760749709708,1.2383406378423718,1.2533115937183164,1.2532288883946048,1.216300982843091,1.2202840714965135,1.2360651808591516,1.2343451258252642,1.2152862578861812,1.2483465791453616,1.254786631448271,1.2803384630612413,1.2011980606583177,1.2510123927879104,1.2034205401473066,1.2268142814383323,1.2524003032311455,1.1831006051056698,1.1876043464747987
1.267605289312306,1.2501679633557168,1.2904015286831125,1.240203701284437,1.189333763186317,1.3132671646939413,1.2461576541962673,1.225610436386098,1.1693894814167376,1.236395837535133,1.2579719619967973,1.1814173691883,1.2118662714648523,1.198991969293006,1.2438497419893124,1.2692514605643221,1.2726625414486759,1.2167304891637123,1.2186394648680214,1.2408629769162287,1.2370249384241498,1.2147575698658508,1.2467725860615764,1.2642136813502862,1.2854573670606575,1.2049188636423296,1.246826398148958,1.2111756326293108,1.244684969626835,1.2572903067243129,1.189383469290133,1.1852623312011856
1.2704292851109944,1.2487960790614663,1.2899884814614,1.2630862588772787,1.2272258320105367,1.3183699321043123,1.2487815758028307,1.2289059234896302,1.1596738712855612,1.250002797048577,1.265186365815552,1.1792330058105693,1.2020059786868673,1.195641836611676,1.2384378081301415,1.260758671420021,1.281611343349097,1.2255509667829736,1.2126537357186817,1.2413413522462675,1.232775659184865,1.1967406479100309,1.2351094704212406,1.259461317267392,1.2907762453515566,1.213370726090724,1.2590056825161486,1.233296511309888,1.2639973245954703,1.2577404365407354,1.212135128172542,1.2009966148278524
1.2759293009223645,1.2601401388742077,1.291565256129505,1.2621968794381961,1.2044677972365494,1.3444217334137631,1.2417038640353935,1.231538012469108,1.1581165041406096,1.2456737165482572,1.273753841864579,1.1758770920130812,1.1849743965421762,1.1867381307935545,1.2174150051091184,1.2303405178916342,1.2506814552145653,1.2106483321322532,1.2114147820083452,1.2451397354375104,1.2380743561622556,1.2012918206381666,1.2384564478370896,1.2586289461442632,1.2884111323569871,1.2252473069141205,1.265183216229227,1.227263604458059,1.2805721370277978,1.2662477858714654,1.2119093897080369,1.194731324683631
1.2694786668923932,1.2683900173994582,1.285581978605404,1.2580376599172542,1.1883126115878608,1.3522570229363047,1.2639499775153877,1.2303497141349578,1.1630179979915687,1.2326183613826287,1.2692306314511554,1.1658079602975993,1.186032557064567,1.1783133614353645,1.2173793874931702,1.2374268551139465,1.2561227551286267,1.2165289204016958,1.2146913793193974,1.2387783855729742,1.2243543122760394,1.1984447889029575,1.199833464642987,1.243674114666848,1.2633715569734587,1.1922445993415192,1.2347153313342831,1.2132880259533523,1.2639423029186774,1.2287701983024333,1.1965745076771297,1.1748555687528506
1.2568144690471057,1.274994147334832,1.2650015780289787,1.2722368715825547,1.1914386463743316,1.3262745928040232,1.2732676369298117,1.2310005050854982,1.17885842587406,1.2572172393998373,1.2699480617456833,1.1980502562131212,1.1867861281365197,1.1909001140453042,1.2186400840755913,1.2290752108996126,1.241598633701333,1.1967581952334483,1.1985709947576013,1.2231907166553497,1.218536920261777,1.1860986109401195,1.1834458108796733,1.2266046433978348,1.2426897896540718,1.2032119470944556,1.2523735051479754,1.2216537706239345,1.272353887618135,1.2322924903898054,1.2012274109587122,1.1691313442936435
1.2893071614160905,1.2875483552088303,1.2865004003407325,1.2957125297833816,1.2187561023881126,1.3395794635791867,1.268794495036967,1.2318157286842795,1.1819040577144988,1.2569471368163792,1.2507783935881074,1.1845821373341219,1.1857841126578847,1.1838441047635655,1.2109110639681335,1.209179020669307,1.2098324346686173,1.2040547985767507,1.2015645734601232,1.216787745432249,1.2167845128770494,1.1985407366124063,1.1929740097784327,1.2199254212471178,1.2410615607731683,1.2333543194421808,1.2628474163815049,1.230506095693724,1.2855844347022711,1.2395054455496066,1.2322036382902017,1.1889766313631083
1.2763178913171054,1.308990997721899,1.2614610183861505,1.2999968056227718,1.2356343862865022,1.3351208409346746,1.2567627872049725,1.2290488025674757,1.1896860043183803,1.2537536963306124,1.2421646777929698,1.1822137001391075,1.1810736639762565,1.1820367754001537,1.208442779399905,1.2167602514524276,1.2152977302305252,1.194666714178259,1.1967996260888185,1.2122452235920835,1.2094863549265507,1.186709206146519,1.1781472306465104,1.2223523590288585,1.2352949188665747,1.227685779876916,1.2663790771747663,1.243870075009392,1.268558416966123,1.2537617509610184,1.22793363414694,1.1732244389152275
1.2610616114753823,1.309051744390246,1.277533013940887,1.291089761627313,1.2364951307214511,1.313438788608776,1.2451459167083239,1.230724758423817,1.1934564718376233,1.2522693784169423,1.226918838756847,1.1793353745129136,1.1751256360249107,1.171207278282465,1.1926074301622278,1.2081581770382313,1.222290207701123,1.1984762030612206,1.1942483051235155,1.2121084711158099,1.2086609288880301,1.204834830563836,1.1809015339499194,1.2098674766670692,1.2274425041286328,1.2328496479410125,1.238246336223454,1.2266948738037593,1.2608214188430014,1.2346989845402094,1.227064928410953,1.191419530434656
1.2623547727468891,1.3098502856597982,1.3016352109808718,1.2920413787290974,1.2421507434284864,1.3289455737785165,1.2695686179521575,1.2309207050371438,1.186686879361952,1.261369937591933,1.220306934015092,1.1666990320820856,1.1535291028799408,1.1506449134144237,1.1682789664377433,1.1818105169733737,1.190164165155559,1.1685162482842542,1.1981877623581414,1.2295049204619588,1.2278392771365794,1.2108140692665041,1.201652444926523,1.2256018146694365,1.2497842299418125,1.23889764138204,1.263759095880426,1.2269931752614551,1.2588574512297874,1.2208024333384189,1.227162175642866,1.2054005079241443
1.253961613105726,1.2904738255337491,1.2897960058509166,1.2930620626501772,1.260729997484126,1.3125801735368496,1.269276419453335,1.253063029339359,1.1981726388647356,1.273319100125893,1.218846594721496,1.1754325853867624,1.1662977821514517,1.1429423971189852,1.1524206196912485,1.1663382806226057,1.1764813916651675,1.1633801145098768,1.2047801084342153,1.2317364953874286,1.2328422251335724,1.2212392236721465,1.2008031463195632,1.2303574605574967,1.2560906258065279,1.251257985902413,1.2627159680382685,1.2223439658822854,1.2548294472685344,1.2350837627285254,1.2364573035948796,1.2121423609497388
1.2595828157955653,1.290934501940022,1.28739146968263,1.2579764285614086,1.2433093593011528,1.2886915017426905,1.277181697667889,1.258368089658846,1.2045895911608988,1.2720224846828336,1.222633980999616,1.1813738836732621,1.1573031636778834,1.1472492937103589,1.165544492115819,1.1620897077234797,1.1640329814518777,1.1528706316226478,1.1947852273456832,1.222212063061015,1.2301160692727002,1.2092041602737675,1.195657852045927,1.2269326785939754,1.2458765169605246,1.2396077311597722,1.2618177744831252,1.2136132568557854,1.2358506434901775,1.222001043336769,1.2406449326672067,1.2103165516669772
1.2329531146524102,1.2734567413128903,1.273202825779051,1.2686567974269911,1.2283077725612055,1.2962662920552055,1.2718067649099594,1.2429521494969522,1.1984844427353456,1.2630137240513808,1.2383782173255578,1.1756287468169107,1.1537119203489812,1.1440121491551636,1.1641891304565666,1.15777029103641,1.1495227823696674,1.1384368342716467,1.1960535258026261,1.229076082022437,1.2405576468856312,1.2225143765245157,1.2060154199208282,1.2445674196716703,1.2513814675991162,1.2391645858556621,1.2519503409984307,1.2191265650799397,1.2384342803724877,1.2254729328834775,1.2241025396288268,1.2463962973364944
1.2532001801701584,1.2893841313166692,1.2754596442310293,1.284349239402068,1.2611359034143463,1.3051683738914857,1.283333999050771,1.2605630784401167,1.2129618390031753,1.288215604528964,1.2399630132541117,1.1997174101830126,1.1636789504365916,1.1594169640997454,1.171172305794201,1.1677849559124283,1.1631135837847772,1.1515957542753512,1.188603932546464,1.2262732956055629,1.2303243424170884,1.2028764285520326,1.180157683899607,1.251648143465032,1.2475381906948804,1.2341409408407578,1.2605495973639504,1.230249282524745,1.241639439012204,1.2203487739136032,1.2416192725728599,1.2382369097215375
1.264353299063086,1.2828334727561153,1.2710298178718231,1.2903111954205662,1.2529449321438824,1.2956861441673984,1.2861202140973174,1.2566664226259279,1.1950828822284711,1.2740605962273515,1.241397127837832,1.1868528903511373,1.1510706668292465,1.1455389062107872,1.1514283506227814,1.1541426531469041,1.1465165216254094,1.120439352706835,1.184748676546828,1.2119085863351984,1.230998663397066,1.1985104756169414,1.20672511332963,1.2668761979394785,1.2746254791874458,1.2627482665256002,1.2645451048834102,1.2355303474775137,1.2610849716875072,1.2453006762054049,1.2502009100486433,1.252568382942562
1.2589129263615377,1.2828946709564377,1.2656788734683349,1.2866463647012258,1.2790345315218143,1.2873315318948884,1.275435921900126,1.249265420881839,1.2002005555148356,1.26870822096004,1.2361378400130503,1.1883874102194472,1.1728835610473172,1.1487116168782958,1.1502866748533054,1.1643556694164536,1.1610927768412962,1.1479846166924166,1.200383413653661,1.222669834696454,1.2360946401399424,1.2001127488056837,1.2161471782169806,1.2704599370476797,1.2647797272435053,1.2503030225928553,1.2756656608043906,1.2316884373254675,1.250772476439323,1.2456243026622393,1.2507568995324907,1.2293982990978383
1.261788884659707,1.2923068860251,1.2512259956132064,1.2869192457611707,1.2596273330371732,1.3010806562795618,1.2621027988360474,1.2529093806742309,1.1931714802689442,1.269305368824326,1.23367863919791,1.1910080910117555,1.1743906270066273,1.1586145705800897,1.1683912602144098,1.1796299585415468,1.1818524976333358,1.1544369120069964,1.2068805301144483,1.2396219527139098,1.2584890075307387,1.2032986346873695,1.234765804341531,1.2894500069982866,1.2855408790079177,1.2508712418047379,1.2862839003214688,1.2376453345006593,1.2798769211287417,1.2672231678110422,1.2470784607585859,1.2230595941390336
1.240328348480933,1.2617271664286756,1.2650403478446466,1.260077120672624,1.2449647260200842,1.2858350550683522,1.2492230246001221,1.2686523626565056,1.1955050436836432,1.2768176790013661,1.2357970463126653,1.1815195407709116,1.1689912169457686,1.1441026181638008,1.1571866777686635,1.164301141799848,1.1583212409903718,1.1640247397057057,1.2116217426678448,1.2483283480835403,1.2728199664738822,1.2200064339306953,1.2507205819076752,1.3102055708856297,1.2863633390453995,1.235104041394857,1.257154753611527,1.2256692288814153,1.2592975076245438,1.2430496023117994,1.233877469571014,1.2463061775172881
1.2513668988505324,1.2733074164384848,1.2757018583598154,1.269173589132711,1.244780944236294,1.2939443983158765,1.278947035300592,1.2836032807241813,1.2082530209504132,1.2831977832750099,1.2643574776236493,1.1972296924192105,1.1798477248313932,1.1537130212947935,1.1646904251089685,1.1807528852870834,1.1670673246299317,1.1541972394058322,1.1918592009981042,1.221276755221923,1.2407695119737217,1.1962096780195037,1.2286478823611116,1.2895498293999972,1.2776359529096941,1.240447184596628,1.254131356605444,1.2187473192360043,1.2529586391538354,1.2292368831010019,1.243901831722935,1.2442317975578905
1.273514575400678,1.2752532310809896,1.252283497911521,1.2635851830325497,1.2297216835541267,1.2938704328094022,1.2656958889901697,1.2456902330122943,1.200582415229642,1.2501469221701993,1.2662217991083204,1.1931523167949123,1.195432844704421,1.163585886400036,1.1803346881252572,1.202305226778939,1.185836295775815,1.1675835884312022,1.1957303650685245,1.218757722085978,1.2362177554046316,1.2040264104067948,1.2248040172520624,1.282308781725719,1.2761357572909109,1.2356583497413394,1.2587557403493956,1.238286033148948,1.2584472073176076,1.2414412794415177,1.2426085303579018,1.2402719010199408
1.2938945232805337,1.2803383987435621,1.25927405780384,1.2694593120443662,1.240405857537364,1.3106069365275077,1.2603589453139357,1.233609297486531,1.1967845135531712,1.2227508620071554,1.2591945797069994,1.188431775039133,1.1922954019834822,1.1728616203638975,1.18839292600595,1.2096784469917554,1.1974947134576053,1.1603504221821477,1.1860435743876152,1.2253172856323231,1.224135327546258,1.1859431670054623,1.2036856764934394,1.281938773094992,1.2501860668684532,1.2118888542258186,1.2405516717147773,1.2331291055167948,1.2590303945780037,1.2255091954468627,1.2271102426007447,1.2112031939321881
1.300754940739939,1.300173990654186,1.2972277396156953,1.275645400594855,1.2227083230155973,1.3074081334844823,1.2871495227478265,1.2252669105280196,1.197533447080373,1.2240635667227415,1.2577567390559075,1.178516626966568,1.1955789814201716,1.1611522739526658,1.1707885600158103,1.2103130885171065,1.1934267361373083,1.1653540389684576,1.1937445863433862,1.1967463509663767,1.2126414348215329,1.2077383969584934,1.2076345970016464,1.259829904816922,1.2626134153511286,1.2319255220040712,1.248107439248501,1.2387738283899943,1.262657425585876,1.2195204431193465,1.2248357022095886,1.2158494141264848
1.3050963578985206,1.3176145854652621,1.2997663146315348,1.2582472591833727,1.213227362029328,1.2900360359065899,1.2826738329356036,1.2306830019365937,1.1887374462746427,1.224234552427913,1.2370436547617507,1.1709646891714858,1.1978235905958108,1.1574570722759838,1.1743398798946918,1.2020083822345262,1.1875567597564667,1.1557240730308775,1.192963778042924,1.1957917973227847,1.2266565416166206,1.197571707726046,1.2217359151967633,1.2770542049372227,1.2745605142169598,1.23255508390712,1.2488149361170828,1.2584361966048445,1.2760692943754333,1.2380861197078754,1.2264772174189265,1.1929674568559443
1.300949938315928,1.2930432321171643,1.3097240263566474,1.2492903106441218,1.2161099650067755,1.2759990698660841,1.265084139406152,1.2358109972734495,1.1827309393315497,1.2240975995342116,1.251653458982161,1.1768929844997267,1.1972488982885632,1.1633918684143887,1.1917441986851955,1.2216999294197723,1.2012269605092774,1.1707234935267843,1.200483109919968,1.201223520343265,1.234561802177977,1.2105232683475151,1.2239984690186363,1.2740012126384905,1.2675955896263134,1.227238778262291,1.2496483567421643,1.2457615540431317,1.2566673686969987,1.2282270650396079,1.2123076254808551,1.1960249122630253
1.3068634447979606,1.2733969544062722,1.3167494987201105,1.2292073443343472,1.1973752390061552,1.2773844204573124,1.258505290855803,1.2201366729468979,1.1825640629806058,1.2326645082430732,1.242081176115242,1.1664011990511014,1.180747794772814,1.1508981315904798,1.1913762163565256,1.220264694756445,1.1941383632203648,1.1610118808282934,1.185857156805579,1.1830854473970227,1.221271476855896,1.2043959349155002,1.2167334006308452,1.263425295807479,1.2682592350665807,1.2318152714666362,1.245704506271395,1.2341037313122083,1.252598930427531,1.2085681407769884,1.212246053495354,1.2031897687950697
1.3103644038885884,1.2769775361573439,1.3231344112432064,1.2420310149827247,1.1955489813020719,1.2685439302389225,1.2740286868114872,1.2368950443282363,1.1807765030261106,1.2201076481027877,1.2374468378634416,1.1707094837795498,1.181562633905498,1.1635543086158555,1.2027392054672281,1.2311898357078896,1.191874926218174,1.1532096708211235,1.1752393708909854,1.1600578864899402,1.2106281019574265,1.1948071143310075,1.2083530404902496,1.2492471370820428,1.2581262371458288,1.2392094355505463,1.2442092962805849,1.2527630771733398,1.2680233512479726,1.2282211314208171,1.2202100380584473,1.2140117235611814
1.305555749647786,1.2810005482991678,1.3176610023473811,1.2348742784817055,1.1768803854367154,1.2729205302837951,1.2725462568976045,1.2198385778169392,1.1853707783176934,1.217212096807261,1.241302999290331,1.1691924853404736,1.180517687327514,1.1584941725483808,1.1844888428801896,1.2163242106463668,1.1865382697669185,1.1563771270038574,1.1756459319852237,1.1605549389032253,1.2021870377017323,1.1941319985872372,1.2176685996882286,1.2313860729338915,1.2655933538831008,1.2332537331713027,1.245434556374338,1.2502539531903085,1.273844305900929,1.2137407464642642,1.2115924515674779,1.2101445551842336
1.2991685851375139,1.276765334444999,1.2991027586078356,1.2311870363238653,1.176935489781404,1.2638622827155859,1.2681690935726209,1.2006877415519355,1.1711778721185557,1.2020681457544948,1.217333771745809,1.1546989137171844,1.164705874765725,1.1494380425571382,1.1727542940079778,1.1950437007464596,1.1670312775985403,1.1294336233793771,1.1486277440683306,1.1310946852047923,1.1814593162088418,1.1825720417197874,1.197927338772377,1.2314867667542426,1.2550706359837476,1.2335164810748591,1.2340753990073,1.2474047095673124,1.2848272882343004,1.22294756853027,1.2032849437616193,1.2068504684513883
1.2734148515964436,1.2613794071282443,1.2892626750716043,1.2185153229838392,1.1737747034137365,1.2722544415775483,1.2614721684720445,1.2270628585808105,1.1571884376313388,1.2208540566222597,1.2240840053288915,1.1551216985296056,1.1484330244328136,1.140837685665425,1.1704454319442745,1.1771087501689026,1.1404568986676251,1.115763812914791,1.1516194575371232,1.1415026207124745,1.2091152641402054,1.192679055578778,1.2362750732388075,1.2466097756036238,1.273468381780795,1.2481512164066069,1.23261646275794,1.2253180232845162,1.2570541749190618,1.2417007742512376,1.1980691907816357,1.214466573054672
1.2681806197598373,1.2737093895589613,1.2623537499644315,1.2211990270951432,1.172351456436344,1.2624446242276262,1.2374030268807459,1.2061783307741525,1.15053779994373,1.2240802084852482,1.2026761613189607,1.1564001051593544,1.1445628217598918,1.1425314881720638,1.1650789487806654,1.1702132728839856,1.1352395783928018,1.1135704990214563,1.1460948950915293,1.133067373199111,1.2071110700352683,1.193789403666833,1.2542902582733486,1.2474844005942949,1.277499835225108,1.2477888982024647,1.230934953937941,1.2178031060541676,1.2549031040733527,1.23603787950504,1.1950104571618176,1.2243488059267424
1.2594035617208028,1.3004504367528111,1.2759791143215609,1.2233591645321864,1.1835599801141445,1.259487332446652,1.2564669903796388,1.2207650056828323,1.1592221687622506,1.2242268831393184,1.2023248882468567,1.160815014081999,1.1414789425413774,1.1403345242663159,1.1634262784425589,1.1687284455823936,1.141663449098444,1.1169224403171583,1.1417652042671038,1.1450072151707555,1.2345879086057088,1.1974620100374345,1.276333404085335,1.2684010049338226,1.3074717895548882,1.2647571063731078,1.2323584468514448,1.2604936025111406,1.2815181302884289,1.266998939515098,1.2027576950202663,1.2231044609109183
1.2634775847771953,1.2933697260043053,1.2533246503509174,1.230559067432527,1.171749504835911,1.2637021897030727,1.2345795738752512,1.2388124656171347,1.1603307561888792,1.2224523320395069,1.200864347266787,1.1664231852229394,1.1384579781700153,1.1476541135960885,1.1642126227891763,1.1705544188363468,1.1462627652768105,1.128760876201838,1.1440318164106364,1.1598208470194116,1.2438836718452024,1.1876701231134852,1.292335034540308,1.262351402202092,1.320692404333139,1.2784995409574578,1.261364573231663,1.2658959144149369,1.273416418153157,1.270788948172832,1.2162171736153398,1.2292899741016854
1.265116025975948,1.2715388398568839,1.2447988179376934,1.2370990763374976,1.173587441210044,1.2640165362313895,1.2427054208230148,1.226347960878989,1.181789515462004,1.218362592136776,1.2206335007675715,1.185197885320603,1.1234944423435036,1.163645911302528,1.1803718028426053,1.181094273800926,1.1575118142199194,1.1250361282445591,1.1327455288343973,1.1681033708314348,1.248955143993355,1.1696852456646307,1.2873246254892414,1.2788778816461792,1.3157169132838953,1.2592937570569782,1.2596958683246458,1.2589482481607877,1.278027048783901,1.251243673695819,1.2022543365783782,1.211248835840667
1.2661359229699678,1.2811588363554889,1.2200390914001555,1.2475630072504948,1.1801087865258972,1.2641308955855315,1.241691538589637,1.2374842588508501,1.1947723502506,1.2291979216078162,1.22005719904194,1.1953325922951874,1.1512175983730208,1.1716555891804443,1.1773201317333286,1.1819159434740478,1.1584966916618626,1.1336505499381948,1.131787275184657,1.1736782420215144,1.24037044455384,1.1791355834258737,1.2839998383746403,1.2832528717619143,1.2947301486395921,1.2681041842946226,1.2578643020542162,1.2718579862732586,1.2799061466732324,1.26384827605938,1.2199472699178775,1.2172251101613183
1.246131521045011,1.2942070284977683,1.2211510056604085,1.2378929558682281,1.1562692518701045,1.2723168968913086,1.2496808640694408,1.22316469804667,1.182879692304527,1.2171383469624741,1.2195423506781569,1.1757944527403565,1.151971438495902,1.1582520120404916,1.1673273718639243,1.1599354869452587,1.145148006153965,1.1250940591222316,1.1411461311492226,1.1944493107858514,1.2610361983006468,1.1919744594931478,1.2941082073691934,1.2998049282675364,1.3136357155432878,1.2509798847991467,1.246110785964075,1.276494350052913,1.2707334598104543,1.2572714715414557,1.1980411912720101,1.2248600010728303
1.250691967872,1.2740263934275895,1.2210956373625268,1.210173070372628,1.165861770002326,1.2617491971423385,1.2533637171461254,1.2218052805458293,1.1742875472440777,1.225757505332223,1.2328862336523336,1.191590133390831,1.1300710273487413,1.1622324299214946,1.1683734421034981,1.1668891672261412,1.1502171460200903,1.1316470123277356,1.1225341426294873,1.1875052897501996,1.251421965317084,1.1597982408696375,1.2707105981335913,1.2966779713491825,1.3143483181022841,1.2417775981099055,1.2473838580593442,1.2862715802951379,1.2868115410886563,1.2740268861533577,1.1860550171460111,1.2097505195583436
1.2440694037976698,1.27057420182814,1.2183719658865226,1.1893542000492008,1.1533503259819604,1.242809998091815,1.234960217929673,1.2467888746606872,1.1840798348285646,1.227297205221296,1.2208105910234053,1.196454436616832,1.125325980462871,1.1621410314818,1.1698642409066398,1.164722565379192,1.1476527963031036,1.1274723292629765,1.1154825728583149,1.1864026340029097,1.2414674616159318,1.157130758676058,1.2632470031880985,1.2878764980813824,1.3020618142968183,1.2584970208162465,1.241885488730849,1.2654757080931784,1.2598973592327591,1.264048255912611,1.1860738624945666,1.220237133771605
1.2658980266419564,1.2767901870487601,1.2204405614871154,1.1808502372333538,1.1329293454258236,1.2505721999619872,1.2557369200664845,1.231881000100587,1.1687773265509485,1.2134063637954011,1.2149569525871482,1.1766200772049265,1.1168515220574455,1.1532941832643728,1.1672383418277463,1.16688504147415,1.1535916438990672,1.1320780442835525,1.131251453905598,1.1992067697764763,1.2474565316828807,1.1644580411639986,1.266778430016667,1.299193833882889,1.3014845364784968,1.2512677675071728,1.252931161850555,1.2779413980687322,1.2665877654565332,1.255368922799203,1.1836802432225677,1.216875870831809
1.25983374036178,1.2839548817811068,1.2237035522966735,1.1932911554373344,1.1356999681473263,1.2406968754256498,1.2635482054877814,1.2263888396143943,1.1668208772204347,1.200026444840654,1.2144788620612026,1.1749602315663248,1.126466063669223,1.154524321343465,1.1624547678406993,1.1663432800845093,1.1591420320610173,1.134852988483259,1.1236596801279723,1.18655122667131,1.2301099728166627,1.162417954225512,1.2363060866894027,1.2695945941389608,1.2977277399657787,1.2301482024082264,1.2466926991503642,1.2712077366665346,1.2592459403955045,1.2502780811972034,1.174452861230073,1.2085124305011103
1.2698022966262255,1.2962157185439889,1.236599920706632,1.2014589818937325,1.1293980624636049,1.237438199908759,1.2867759375506793,1.2524459819177585,1.1676253172892366,1.206966935031568,1.2296397261968073,1.1720883921818772,1.1329365901682555,1.1549016278139366,1.1700575149947272,1.1768683519018635,1.1665961125889766,1.1417861936899676,1.1367961733026921,1.2049690381007885,1.2439840980907746,1.171463064500072,1.2230639069926101,1.269206837745328,1.29747761083776,1.2344446278097472,1.2510836974741,1.2790879561539201,1.2633709689253037,1.2623395827347121,1.1776411598534577,1.2206130253868515
1.2469023892166453,1.3033226286497226,1.2248991211281826,1.198305127942133,1.1302160728888555,1.2436491426270717,1.2793741099361744,1.2292102670496439,1.179127852406876,1.2179325034060622,1.2280071946347118,1.1677234103671372,1.142357071189432,1.155426972404713,1.1655667602966837,1.1619831459715344,1.151046220640835,1.139682260734293,1.1366440634268846,1.1990683761390315,1.2325641561515384,1.1764401872682502,1.2091161145498632,1.2642236517264605,1.2648129356737838,1.227670737268626,1.247579512640099,1.2422043758178696,1.2603438275656798,1.2331295313577355,1.190486564100566,1.2253015065338684
1.244884952416806,1.2957418802512908,1.2261989595467016,1.2009702561014415,1.1446536976382389,1.247689677905859,1.274987648609692,1.229983004468274,1.186573873496455,1.2164828395896474,1.2322007906103976,1.168636916482551,1.1553396994034906,1.1553236153351563,1.1706861823949313,1.1669030531350553,1.1498646746147927,1.143991271159314,1.1577287492177049,1.216577920101108,1.2374567480888246,1.1919326942265527,1.2152348904883434,1.2779102825708075,1.2642745324903228,1.2300746007079162,1.2424405866310497,1.217128620678499,1.2501082509480155,1.2345751564429448,1.198555182846566,1.2331952558569073
1.2544827638907252,1.2887110858388906,1.2256242187081579,1.2030041871152555,1.1452972291360537,1.240406215102835,1.2630667937056728,1.2246313739976231,1.1838915003377108,1.2124243695307468,1.216610060549618,1.1671389258669962,1.1705211799536681,1.1613281224985237,1.1753128106404125,1.1745480372290846,1.1679074118055417,1.1657351063330452,1.1823379928843976,1.213544331665215,1.2434532875504214,1.2079661710789087,1.225596825469044,1.2684785020689986,1.2578324195310087,1.2440549462980912,1.2395279228151763,1.2150051581241006,1.2475429442813162,1.2189659354130102,1.1947043135829507,1.2348533524283385
1.2602086720694252,1.2976544216461194,1.2088914232012185,1.2067509010174675,1.1647378927530583,1.2278535018259469,1.2569664287006534,1.2161657679631672,1.1771526232834668,1.1943593887306005,1.213501307387317,1.1636662770858435,1.159264166733032,1.1579192387244184,1.177929819997028,1.1887898946338398,1.1773828331841114,1.1659477294619838,1.1786301345383325,1.2150053201299427,1.2339509444308243,1.194135859598399,1.2303481215866114,1.2726838700368142,1.2785752436661932,1.2781940035361798,1.2816087236187335,1.2438946180334225,1.2661451181492476,1.2591067374545255,1.2382783874880159,1.230132019607325
1.2617319461815795,1.3044443534894865,1.207054658296289,1.2060132529994692,1.1618025567267147,1.235602808026987,1.23549197101838,1.2225476018695742,1.1786826951938776,1.2108933378036388,1.2006835882464726,1.172207043675423,1.1562091656019728,1.165493684180104,1.1838170489922273,1.1996975000335208,1.1951427317861132,1.188424481210925,1.1930641868793768,1.2325825239681871,1.243771119707953,1.1945009327328142,1.2403666391915897,1.2574527579561008,1.2617659767057037,1.2685976927841462,1.2613588031184473,1.235829545755063,1.2755957045063935,1.2588620448110739,1.2290485356759533,1.2372701563663107
1.2630135126065518,1.2677656295312454,1.195889225372122,1.2069243937455691,1.1516101757571284,1.2514042360373134,1.2492634777181746,1.2281530557486418,1.190348722282765,1.215335811932124,1.20549145284214,1.1707231720295412,1.1814563884019553,1.1759712493579917,1.189083836436054,1.2004325479810973,1.1910142890147084,1.1737122580018913,1.1906815201338437,1.2257760778172502,1.2260457621906802,1.2005570906450256,1.223397631291539,1.2514709796054608,1.2588776068577956,1.2377583462296686,1.2531715696480177,1.2209885662508326,1.2713196977982386,1.2516242882056445,1.2164782623248453,1.2358131996765986
1.2643272887591344,1.284394335572902,1.2017976122349092,1.248035995943086,1.1676389827547717,1.2629377385430671,1.2493030735859303,1.2367975563929066,1.2105136376192194,1.2433660526055,1.2216236186844844,1.1873254971151253,1.1827735143078606,1.1826897874758713,1.1966378470698147,1.2059091302625575,1.195409694427537,1.1857110190804567,1.2026697274530027,1.2603722563221995,1.244515608902937,1.2019851404096207,1.2278809820912628,1.2883224793635015,1.2782970736924855,1.2336989764933286,1.2495654155723979,1.2297261976044025,1.285001393781328,1.2631284674003427,1.2219600391769099,1.2226827431127447
1.273565277992826,1.2913872251561964,1.2094822274527288,1.2866988502088779,1.1806038281137041,1.2812154572577583,1.2532646425433536,1.231166323946341,1.217415053483775,1.2347092659670444,1.2273125452735014,1.1961521393736407,1.1954418649717566,1.1868732199098437,1.2105706065023205,1.2225476269002262,1.2028103233769976,1.1877235636988681,1.1982010298399888,1.2661275458653003,1.2480561791810059,1.1973603031315858,1.2258050411392083,1.3089743915752723,1.27971808298963,1.2273369499762579,1.2510681089222933,1.2406615800093235,1.3081454359631093,1.2825640278160786,1.2329706135621323,1.199947768944599
1.2668488913914382,1.265793827186431,1.2104180193979879,1.2749407022665789,1.1958262016008867,1.2640917366542843,1.2299374625339543,1.230131105476417,1.226388496052997,1.2337247118368326,1.2373317359777312,1.210625375196637,1.1885454384203609,1.1959223867913655,1.2086052134315861,1.2249461300429347,1.207336768775745,1.1895609225380899,1.2124942975694282,1.2792952731724163,1.2600746661711852,1.1953497894946028,1.2378407157341158,1.3113648469674126,1.2739372710069168,1.2261289237092026,1.2481384886439262,1.2340013277732509,1.3021790059746592,1.274115304482108,1.236003055332604,1.1989695927224049
1.268896029884856,1.2523072273366769,1.2173957712170338,1.277003827352091,1.1996256879289906,1.2821256264002074,1.2134165910641477,1.223954980893448,1.2050027462730855,1.2286274696104453,1.2354271904662588,1.207945206186518,1.1805988916633656,1.1857376534313697,1.203586381047977,1.226656537220512,1.21190630211776,1.1941471079515025,1.2092328492159043,1.2732800621086673,1.2464081920250867,1.1847847997397343,1.2247722265718468,1.319628502468998,1.270851581679427,1.2219438470639965,1.2581341102112569,1.2356967640771148,1.3052206583394386,1.2623134150162447,1.2388914045224457,1.1945294869354814
1.2822189874504146,1.2568112570606857,1.2114367780978585,1.263164710761546,1.211954576861608,1.2803856257247128,1.1914499101660938,1.2244063958909372,1.2159964802558212,1.2418427345719807,1.2132010675333738,1.2247133918620718,1.1874684616266877,1.1927644670763693,1.2105351663401405,1.2410967921416456,1.2240688332628562,1.1989297777610501,1.210122936334478,1.2712609382258857,1.2486199246063763,1.1839193263101573,1.2395083864266445,1.3331387558492989,1.2993816022293176,1.2490626849522266,1.2705665375618311,1.2489620527811398,1.3056260289274553,1.2758845444880422,1.2467759499360416,1.2039242787928732
1.295744462580766,1.2415356606804038,1.2107896917250496,1.2605341997111001,1.2218558566611026,1.2624067198337636,1.2056131470961122,1.2156108394407383,1.2015436606225685,1.2373342889470933,1.2169567024414665,1.21959967658603,1.1860924831557371,1.1998266378137743,1.2196477010476283,1.2526645891788106,1.2400877197210587,1.2170835069950268,1.205244694335416,1.2662181885309036,1.2392458442468732,1.185129117439182,1.227654593167148,1.3270077637935633,1.2920138843138214,1.2191741734473867,1.264618916422467,1.2658635209823144,1.3058128448778923,1.2766793611227625,1.2515246423655273,1.1940134150483452
1.2711652081266838,1.2480035428790532,1.222959110028041,1.2634928886063057,1.2122380135578688,1.2679271656127862,1.213747035987066,1.2050184768924244,1.2002549031720338,1.2245589314841985,1.1926085297977131,1.2062817755342008,1.1862780249605538,1.1718796415059443,1.184231034023534,1.2151852662756903,1.2050371544450154,1.1907884261627064,1.2169787947585844,1.2753185219096437,1.2525286862256053,1.203709903744849,1.2344960672289789,1.3201534349803241,1.283105736194266,1.1899756462803814,1.240925353202058,1.2656460280251578,1.3159412750085544,1.2681207298007262,1.2108315384827482,1.1819894638056652
1.2536850076703412,1.2486476931783932,1.2355467420904007,1.2528825207982701,1.2033414950421468,1.2806242549499838,1.2222729517707382,1.2214745143561208,1.1999433222940978,1.2390663994010662,1.2008382822058872,1.1994466049756423,1.188100151107943,1.1642430205448475,1.175595890004443,1.198859513489306,1.1938905250256524,1.1928132420105213,1.2023210809602987,1.2622223871331073,1.2430658531486907,1.202930998135595,1.2298151025984185,1.296266878380218,1.2618885641822468,1.1904341647942231,1.2275813031290674,1.2471422977221243,1.3038056524509762,1.2563837712835337,1.198235947735735,1.184623043758222
1.274179428366411,1.2460437176422994,1.2434980466285963,1.2549995741613302,1.2072689100883118,1.2681264557034178,1.2284314099969342,1.2105493646492362,1.1742861508535525,1.2316515489508475,1.2016649528081518,1.1814981800699427,1.1590110088804633,1.1552527191966353,1.1693368273752254,1.1825439899624028,1.1741779051165773,1.1750025157146948,1.1875693254158846,1.2544230162654593,1.2325725519762072,1.1770534656986695,1.2129474101204774,1.3012474205235123,1.265416419966126,1.193263660961857,1.236620110897361,1.2690183522708662,1.299619851702463,1.2643119758797268,1.2062964916723873,1.160940874341189
1.2683832493180662,1.2482202632839767,1.2538888241348907,1.2577517288463014,1.213793494140618,1.2648303828109546,1.2164111836288434,1.2053053242699028,1.1557563017760126,1.2111533894555748,1.1985645101202826,1.1558178586931098,1.1439703863669515,1.1348862486908045,1.1561360648113232,1.1657658092314849,1.1595784963751228,1.1554061603635206,1.1693840104338684,1.2222516788374451,1.208023538629415,1.1725638720832656,1.2050631142824173,1.2761486396214956,1.2446869131786118,1.1942801551011089,1.2346007160640606,1.2525855325743467,1.3088701940650904,1.25962657499546,1.2056594970589543,1.173223777185953
1.2730748932353144,1.2491359152484336,1.2480051070878107,1.2496032946378595,1.205649877381639,1.279108011644392,1.2342242251425655,1.2081868225928234,1.1491927202841437,1.197773206904447,1.1937440527452101,1.1561911191248038,1.1421928332599134,1.136833908734081,1.1539383339001197,1.1577775932435495,1.1612017268622143,1.1608820401782771,1.1655007240978283,1.203021136467205,1.1908074447506498,1.1642936940355926,1.1913630881384034,1.2612592395730273,1.2249717571787038,1.179453824694045,1.2233549630975558,1.2529386457371932,1.294027815344914,1.2556166508869282,1.1889678069192788,1.1805056083747845
1.2769143980741773,1.2510280942751157,1.2806364453576184,1.2348940811940023,1.2103096875810184,1.2680271010884234,1.2479157458066552,1.2077184684852376,1.135007601901751,1.19355124388222,1.2156191702460073,1.1494095579332155,1.1422071207790894,1.1366559022455867,1.158502138067246,1.1543446899715974,1.1588225010021678,1.1604056122638502,1.1653977468093928,1.1912727807193135,1.1895754971706247,1.1676595058087336,1.193221591390283,1.2397203699352382,1.244132208120647,1.2060064771348367,1.232338235772493,1.2598681572758532,1.2844658024885638,1.2648691329121826,1.2053975755596764,1.195893124712824
1.2879417270331217,1.2452817698443408,1.2958364315640412,1.2316010060273572,1.2000647475613255,1.2844198451880255,1.257301609083882,1.2192045755041718,1.1518255546255665,1.2015261914310604,1.199029674119206,1.1586582285586762,1.155379272206621,1.150252635371123,1.1869514368888614,1.1779300220397968,1.1710444980867825,1.1542806014177207,1.1615122348658555,1.1623951316273549,1.1722432927977906,1.1724027726585298,1.1945084574524878,1.2117614881685843,1.223705444301589,1.1953325677300202,1.2171015035823465,1.2417400920483574,1.2618484698811496,1.230966539750456,1.1823994349060645,1.1818725535795973
1.2867575188118276,1.251859730582926,1.2946439021272236,1.222671638380601,1.179271751744491,1.266482843866675,1.2497684601265715,1.2124416159586462,1.1376631517732105,1.1796509399071224,1.1766135716174955,1.1392630851966346,1.1384805933667297,1.1310594342294942,1.1571691505182804,1.1544754775855368,1.152026542425979,1.1461961555339115,1.1551880294303458,1.153760699716583,1.1577839147545423,1.179234686190592,1.1790979748296009,1.204777176664921,1.222815712054367,1.1873766522341478,1.2352481037917178,1.2461237981016478,1.249302608176439,1.2227026326385635,1.1825389936346338,1.1843165671655245
1.2763944538616416,1.2282450933414992,1.295757857290666,1.2170121105641027,1.168419094231948,1.2572471487704857,1.2407446180034765,1.1909880679602147,1.13022289107753,1.1594757903829083,1.1567139553551185,1.11988272522765,1.1249963529410931,1.1140589761020212,1.1431388275855565,1.143036794803828,1.1376806519074383,1.1292311152292787,1.1459310274815375,1.1598553482097338,1.1695568591830272,1.156083739151363,1.181480225386082,1.2171156842158077,1.2365418113055338,1.1890952619415185,1.2378446601146824,1.236630112738377,1.2429313826908515,1.219897663487481,1.175817800570702,1.1751075212933075
1.2712134524711534,1.2359973677752971,1.2916492073715453,1.2287406695998386,1.1700934810153056,1.2487123778222398,1.2416078114624094,1.189143614604281,1.1217041162901542,1.166138181822325,1.1683989622765654,1.1230627037527177,1.1156707680926652,1.12180071442386,1.1580420746109987,1.1565665145023651,1.1399169445825368,1.1183599158221005,1.1396875957308203,1.1514406064944858,1.1703250858315533,1.1500796692126851,1.1807372599229702,1.2301227823684686,1.232132772155593,1.1948013854207813,1.229119138794855,1.2349436317507094,1.2598391866717458,1.2351006424572848,1.1786726902033098,1.18233117162723
1.304977307250123,1.2430792900486465,1.3025221102059046,1.2674782535172473,1.1721055697663798,1.2622233026442766,1.2418291164064184,1.187658073679069,1.1246795346133867,1.1781143951345217,1.1733156380789433,1.1254501126453396,1.1153880595783427,1.1196337024115322,1.1616865827488534,1.1696105534373593,1.153907372735067,1.1139618229883388,1.1398549140730005,1.1600887284097334,1.175579675229042,1.1443492653156642,1.1803066050365423,1.2495068874370379,1.2511342179762093,1.1971516123975021,1.2454493539713833,1.2632117242738494,1.2842417625922746,1.261523286557293,1.1927869264044253,1.1848535845295218
1.2901624543363124,1.2299240406350498,1.2999229293517676,1.248291621121098,1.1625161399878288,1.2509413497199395,1.2357799242364444,1.1954252601683695,1.1389231079321633,1.19426120689761,1.1951881800499142,1.1359518045419452,1.1330656315559238,1.124227673319358,1.169187009746935,1.1887213630945717,1.179445244335428,1.132466139675688,1.1683797241590277,1.183945211122627,1.1959689890526235,1.1759613892513074,1.2038351914065277,1.2590287473640502,1.259960022111325,1.2005364760969524,1.251078362441604,1.240601457539819,1.2713220205317644,1.2507240331597436,1.187210847358628,1.1949211780233089
1.2648300583102534,1.2178557384070512,1.277734429730611,1.2328590452521078,1.1554409447935066,1.268820136726846,1.2358908575266374,1.1934150624254825,1.1322491443985412,1.202321726168665,1.20786777234995,1.138931133370582,1.1226939788857606,1.1293199764622928,1.1739935054264699,1.1854615334461391,1.1737202676813476,1.130827833118538,1.1670024189420316,1.1773206417152156,1.1949394325006535,1.1757130109220033,1.1960799114144578,1.2576286058365027,1.2510361489284756,1.1693034076115354,1.2368743856304,1.2148822867969504,1.2280930747617926,1.216750819059484,1.166328772670049,1.1997121913642343
1.2726680169467495,1.217663197874631,1.3015588121335548,1.2052890687097395,1.1515772986489174,1.2460091136491014,1.2273978500341043,1.189931243473769,1.1240406042210171,1.1925095938568258,1.1909345577405879,1.1323112426100488,1.1317776874821708,1.1276114606935592,1.1749749192292245,1.2004523844690527,1.1863853627443903,1.1428577828048165,1.1733499856289502,1.2031984152399182,1.2046289524063294,1.1685752288092346,1.192149874356663,1.2700253963103252,1.254085040967103,1.1764378531858726,1.2409647622473396,1.2292182094362063,1.2372487493609405,1.221999054856832,1.167488188512323,1.1816867250236371
1.2564270105312627,1.2212459610536044,1.2909760028827928,1.2165436129641602,1.1479770226541008,1.2475525967779355,1.2425360887867871,1.1849282121227178,1.1305766540514757,1.198241016580761,1.2016462995533619,1.1306331793208344,1.135836168644679,1.1270085265463345,1.1660051417970296,1.1889100405944306,1.177463126877223,1.1445101469968673,1.1810701603908897,1.2191289590055847,1.210451321269931,1.1844965623658987,1.19684571728555,1.275120561905045,1.2615063598862009,1.1875794533886839,1.2484963401108549,1.2129886240033345,1.2220764929384311,1.2075599555100727,1.1681568796884558,1.1791470354012492
1.2480959824156932,1.2377710186635293,1.287498127201952,1.2261756376310398,1.137041054012208,1.23592278651263,1.2215619226842476,1.189751762628488,1.1274471920160354,1.217628845452673,1.1907283859369369,1.1340634765449187,1.1213421026766093,1.1261567043281933,1.1621639259716057,1.1825570810680432,1.1654615325817634,1.1312020794086781,1.1626612349357761,1.2174735325509483,1.200285372989412,1.1687280761367564,1.1864417146877264,1.2661981602800603,1.253302051044895,1.181056578736782,1.2560682032075525,1.2162391686333243,1.2296370181243008,1.209992223818546,1.1716774010923845,1.1840607619944075
1.2618958336728299,1.254317641911729,1.2873787944547281,1.2439190016574404,1.1554460011888692,1.2320206740884758,1.2324980485993304,1.1745001097419343,1.1237293770475896,1.2175298341461254,1.2219876415506803,1.1313037607084535,1.1217825100749326,1.132815371777325,1.1670333413706768,1.1874398617770587,1.1720416017616526,1.1403878806471988,1.151149257506902,1.223824118953871,1.2001230701886645,1.1588006890918685,1.192054398625093,1.2683255802273918,1.2511156104466563,1.1892233704349928,1.2651798758122246,1.221549432372891,1.2325478114214339,1.2090210995080721,1.1910673235269553,1.1736030526509027
1.2515415277106128,1.2681638383127172,1.2861864510861314,1.234887682849085,1.1674238093457898,1.2413557412562906,1.2278594108306862,1.2094012856471126,1.133011505841546,1.251727003874526,1.2590053388937459,1.148140413396179,1.1173626232489526,1.139178339142862,1.183674763476256,1.1982034655368887,1.1877728493306248,1.1535698129492062,1.1723164883747734,1.235625249018805,1.2264892705253878,1.1861376174557217,1.240102580379484,1.270089115486938,1.283245503165326,1.2232083906693088,1.2853220449037046,1.2173065772468226,1.2438840198659424,1.2091182417066597,1.1961309443684824,1.182913942902424
1.2724292048639418,1.2776076241102143,1.286652043404473,1.238780943566244,1.1630159141088399,1.2683453770911608,1.238533203686055,1.2203441834086854,1.1263365566193904,1.260955366375891,1.247213557359041,1.1454284236663068,1.1141443142497236,1.1251309026331484,1.1726755825002981,1.1875778503974133,1.1814303047055874,1.1376423451937832,1.1745803205857468,1.237819998129798,1.2294299117218714,1.1910817732863428,1.2341649644785087,1.266880339694294,1.2788135101906628,1.2097039705218493,1.2691088469917664,1.2477650668576512,1.263502375732764,1.2214577366809631,1.1798461764080832,1.1855334174249403
1.273146950754981,1.273027406872756,1.2922017958240657,1.2259044395858487,1.1794293219086285,1.2805941001463135,1.2454400971660047,1.2221865965342813,1.127394156027964,1.2538677868523787,1.260815075147705,1.1651356104356874,1.113992305312225,1.1433470844409799,1.1876782005569577,1.200150533850044,1.1865769002404827,1.1420655935146997,1.176959720757514,1.2328579044913581,1.2354763523854344,1.1983512336066833,1.2495468993248733,1.2641985407455805,1.2980913275710975,1.2150245989546118,1.2786961167106428,1.2469013315175128,1.2516113778061846,1.2217089636250749,1.1854376523835375,1.1806052244104008
1.2684752183629204,1.2714265704741743,1.273666462342861,1.2136595483277537,1.1826405830465152,1.2857566906779485,1.2395094074832278,1.2269390127078013,1.1303937971986409,1.2550871612539378,1.2514356968530151,1.1645985319026644,1.1174724922817951,1.1512739955632219,1.1877771530642707,1.18534813996213,1.1685978038113203,1.1406377460439245,1.166013307201209,1.2243834913672378,1.2216099548088435,1.1955108975098545,1.2415612093905766,1.254146167931307,1.2933341686912132,1.2262316831725344,1.266741952898236,1.2312929076475392,1.2439362299594168,1.2324340749122409,1.1869797597188603,1.1870360197546397
1.2869303140865684,1.270663216872802,1.2714665502496307,1.200941579550506,1.1707531395790536,1.2963343094335444,1.2380787081489186,1.2325232311535352,1.141633465797196,1.2566239177849194,1.2329185649698167,1.17055519830149,1.126329381735251,1.1658498556685744,1.2070702840112344,1.2064181187187084,1.1814518319452627,1.1634026956420933,1.180312067758772,1.2271370339299668,1.2279260796317462,1.1835205880942286,1.2570507644286937,1.246006804962581,1.3198139671994227,1.222126603205162,1.2599009395727219,1.2412392606217708,1.2565959058948877,1.2355572287731946,1.1730950410976742,1.1671853212510588
1.2786813000504047,1.2757540120102113,1.2890406503422673,1.2210624877480376,1.1821699188459167,1.343290642482882,1.2489224796797012,1.2478583195455994,1.149142215164545,1.2540486442137486,1.2418463880705737,1.173447784440284,1.1281508847618715,1.160023657945426,1.1902482907729117,1.1832243238302274,1.161414955957568,1.145612883908403,1.1820458801630902,1.2307877791623585,1.2383581954159126,1.1887522426177304,1.2818465295591295,1.253308793772675,1.3212203280924466,1.242676830823172,1.26862118784714,1.2406611458649803,1.2620612707080805,1.2446468392014685,1.1894704115560877,1.1735629249068205
1.2669273815709081,1.2633109891703844,1.2602436186720438,1.2138265836782511,1.164756466726464,1.3311026338919614,1.236552268137331,1.2406072888776445,1.1549412392133522,1.2567732528364817,1.2363680524544705,1.1752181346036785,1.1294747773395024,1.1726498125108988,1.2052571122754725,1.2029143540820706,1.179862224306481,1.150298980151603,1.1841488274148095,1.2299227111655036,1.2397533488795984,1.194622847237585,1.2864298676272734,1.256844841964479,1.3041337762616756,1.2262014192571757,1.2432319078541498,1.222032254643681,1.24983912399898,1.2300531817895806,1.1837388918845937,1.170310943092925
1.2714290045136294,1.2613605795856282,1.2763936672985738,1.2147704817572766,1.1850021653713845,1.344400189938178,1.2602983444402989,1.2674146761083016,1.1639876868905634,1.2770010883378429,1.2646452974949318,1.1886847945459456,1.143329138453825,1.1831309472138163,1.2111437013453183,1.2128097389105208,1.1910657566962697,1.1655078401625576,1.1858232723387119,1.2250246806674048,1.2390268613532132,1.1887824884558433,1.272475023885649,1.244499921787559,1.2869297019065613,1.2094075294293636,1.221192319309884,1.218479187874098,1.2543781410398616,1.233294300923259,1.1743919582114324,1.1713759049850279
1.2677658069959876,1.261969064523084,1.2781415056382572,1.2003512352920567,1.1851575026321604,1.3473999653294138,1.2623620880539845,1.2621491245052965,1.1910234395613346,1.2811103463676166,1.2871964820270576,1.2049904842164934,1.1439175340562597,1.192474361851945,1.2134854928200256,1.2068001381141056,1.1858341891219641,1.1613516741321315,1.191342717476667,1.2474746734583448,1.2535159868466845,1.1925244983944931,1.2752800651450804,1.2582550376068682,1.2839613072452496,1.1996035135610044,1.2181951270573872,1.2322923644994956,1.256187097221759,1.2481615727516204,1.1662297286942778,1.1620044434182988
1.2583018542106141,1.2625787470385774,1.2536191078795058,1.214690782173001,1.19072437134757,1.346401990081807,1.2415788557107865,1.256391746589445,1.1869311871524495,1.2622197402789386,1.247982303191078,1.1889505849577484,1.159389434968184,1.187678844472718,1.2051092296003232,1.207089260822671,1.1891963619471995,1.168010775603807,1.1931186728722742,1.2465981427561141,1.2528203796764896,1.1957280891049507,1.2713809190583625,1.2526501999286213,1.288460107411899,1.2046098716020832,1.226585493957206,1.218937025354779,1.2660500272423696,1.2455013793625387,1.1833873668919268,1.1612676475335193
1.2416010253667191,1.2731490739955222,1.2513744676635241,1.2170466432818003,1.1907351677178122,1.3470282385418646,1.255651589209719,1.2458281605057981,1.1903596662865472,1.2580850858007249,1.251263818328299,1.1915408605961495,1.158280969453758,1.1910264178354664,1.2126446633124235,1.204095973070402,1.1864330322408463,1.1661516719030685,1.202213516404199,1.2542621491076966,1.2434857034834803,1.1871209927643405,1.2424342759828444,1.257856059915785,1.2692103733520708,1.1837229135742922,1.198255268596754,1.219727840715157,1.2691657219338044,1.2505938152489573,1.1757465865060222,1.1681949811892482
1.2311450626420504,1.2592596848136808,1.2414945279856209,1.2160139750751155,1.1768609049711052,1.325217643910291,1.2526450995298428,1.250085536082809,1.1952224832268805,1.2453389669207586,1.2355332450353373,1.1925150776334152,1.169426010198996,1.197947129397451,1.2203068039584966,1.2167587590959228,1.1942297920851095,1.172684335965638,1.1994348469858043,1.2548420121997703,1.2491064137443224,1.1748174121434218,1.2329456896429432,1.2589080847670904,1.2460189412527365,1.1805157423575985,1.1965271679152876,1.2068838351262006,1.2682848719520965,1.2578831432318451,1.1762439615308982,1.158548651147678
1.219169099939229,1.2632393255845964,1.24502187379152,1.2482718049498884,1.1843673444305125,1.3439478232164253,1.26593234826837,1.239123124993474,1.2062872893219905,1.2556399028616072,1.232480504621585,1.194092624456891,1.1957058432832575,1.2025715204902796,1.2164249243644658,1.2190074312370338,1.2074440121430472,1.1956785498554376,1.2108254768401772,1.2624185630600557,1.2517584740180752,1.1814111577965472,1.2319069018756537,1.2508212035233104,1.2424119022290083,1.197265264776013,1.2036547318718913,1.2063513490159805,1.257847284081983,1.2577488329029012,1.1958590261384396,1.166121463705639
1.1960970122085743,1.2727453192318408,1.2594127128427988,1.2586864890974043,1.201598852004292,1.3390645377648844,1.2651523894210563,1.2455019935939566,1.2129688897318456,1.2570703631599118,1.239156495452845,1.2030381357718243,1.1830397187293413,1.1857434213214564,1.1940763598635449,1.187194742699425,1.1758722113743731,1.182424418851829,1.2002368326934352,1.2839262568328427,1.2651892598450212,1.1883017136380447,1.2279635534811248,1.2825556272411733,1.2364743621527552,1.185772149260164,1.1975826780591705,1.2170575658870109,1.258535072310976,1.2452042812842026,1.1929772573967659,1.176684171319879
1.2006622464085563,1.2732053938439511,1.2536658115130743,1.2765006053282661,1.2058037290703725,1.3336922365293968,1.260602002860118,1.2418308091209298,1.2250000156252974,1.2551369640709436,1.233026141900041,1.2060987078476777,1.1926094599411219,1.1913196247754807,1.1940672688866465,1.1959722687761607,1.1882729946081816,1.1935164753028011,1.2084989014395942,1.2798004899419033,1.257161075852028,1.1830910505307832,1.2141347160435116,1.2834908319137073,1.2107623287799847,1.1750580395930164,1.2016448820947288,1.2034488028574613,1.2489577416807174,1.229189020690519,1.194832912563887,1.196596935147323
1.207842563262459,1.2805521926032677,1.250478237347139,1.276532492174296,1.2086614997132983,1.3208717992150956,1.2496615763859589,1.2574820625550727,1.2271018137830083,1.2626900394884046,1.231485096412712,1.2063566996390356,1.1825974054065387,1.1831180893528448,1.1838508949026094,1.1791698680745626,1.1759759569959174,1.1784447312044992,1.190914338145159,1.2799150847348943,1.2588956036206418,1.1881816513596437,1.2213355487462887,1.288638099820631,1.2173239633832535,1.1881612787717706,1.1987791909267111,1.2350854477551059,1.265523459118728,1.249543160684205,1.1977163361611798,1.1941901966713286
1.2122828015608855,1.2928259273701765,1.2637101807396276,1.2815217887439625,1.2147425410797603,1.3240732293084598,1.2516596050002264,1.2373311375832778,1.2282100171365748,1.2564313161706822,1.2180144300976998,1.2131158861780913,1.200196656474497,1.1848355011172595,1.1858391140399547,1.1812470843773675,1.1765137390014986,1.202069891236645,1.1970079250157892,1.285052776055159,1.2577030885652196,1.1861463214759713,1.2100562482373651,1.2985834410962134,1.2136392238512146,1.192805947799702,1.2226807697623019,1.260110937287176,1.276762504804309,1.2760936087739743,1.2136997643409555,1.2050344412213665
1.2150537123760756,1.275779693891583,1.2663312905805564,1.2792737451425287,1.2069149264179053,1.3235856630129479,1.2595037696000035,1.2266690875135606,1.225557870548642,1.2522487995341882,1.210799683588988,1.2086512202389346,1.2016702065343992,1.1873206398165241,1.1881726173237273,1.179674164730176,1.1795574632877868,1.1943080180737071,1.2032733098717177,1.2738529053735463,1.2567270299176745,1.2197606792559936,1.2405653386160123,1.3099632512779689,1.2577502619087868,1.2251540159553012,1.243517607292121,1.2452180659774315,1.2533029971835583,1.2602159684452172,1.2297662607062891,1.235124966865999
1.2464542579588564,1.2908819872996065,1.27293988575302,1.282514682716129,1.231997767721278,1.3229816544929787,1.2772353698502332,1.2367318497492497,1.2310636818312264,1.253992477441954,1.199573315605837,1.2061611258558496,1.1917603191190271,1.182071817124229,1.1882683802709568,1.1870343879720153,1.1912140684709642,1.2015855098202513,1.1890717648621094,1.2492712372406178,1.232611276262979,1.1946475034816124,1.2119964224911968,1.2783778325923998,1.2295562160067164,1.2113043762892368,1.2548122495440348,1.2477339111627843,1.2519322043599754,1.2509751350213663,1.238258386024801,1.228209711667936
1.226270023717503,1.2660078440733828,1.2481646335199506,1.2669026027077437,1.1937844343063093,1.3111979127742233,1.250962835712297,1.2580686498512759,1.228822346996876,1.2602366314551365,1.1935085217169263,1.2028761518196618,1.1876898734853887,1.1799586802741713,1.1788131977824958,1.1654839650248079,1.1629026818020047,1.1674436577664067,1.1718552186272426,1.2386998172504657,1.2254601336414934,1.196687012233687,1.2174917946653365,1.2754908015945874,1.2193360317441635,1.1904669625568143,1.2104895823989132,1.2354644818573797,1.2369438618839912,1.2233974931674947,1.2073476846725677,1.2174854723234845
1.2308024209967046,1.2480214087798105,1.2278691251361058,1.2421611835409472,1.2077374557175613,1.301098160068885,1.2562787192618645,1.2571753532145145,1.2311078151530737,1.2813734816331706,1.2102860258779435,1.200114840087683,1.2017125607012888,1.1850808853551107,1.1777473303059875,1.1585034630516837,1.1515237930928874,1.1638561067689994,1.1866281366150264,1.2595994200857683,1.2589070752443456,1.2106164265154995,1.2354051139955655,1.2900858139700284,1.2140100398723253,1.1947230769139454,1.2360645047646843,1.2580679640239505,1.2506748346205308,1.2566185479641867,1.2109408124783005,1.2105809576955382
1.2268799625691234,1.2456339721394256,1.263756052489234,1.2549855810814403,1.2245285982392518,1.3032354665552728,1.2827935251049851,1.2591116125954671,1.2408325308270083,1.2884845634829813,1.2439977772326651,1.204923937516896,1.2095057903477262,1.184775092085317,1.1804872550575032,1.1608911230589896,1.146982770523754,1.156069412415404,1.179024056273551,1.2391785145653071,1.2483956660738855,1.2180084564721536,1.2384169459081684,1.286830581179076,1.228250060135077,1.2018666188258529,1.2186016978434182,1.2534214760050226,1.2011800243230704,1.1920235204511733,1.2112999570287641,1.2141986675782417
1.2504600103450898,1.2558539399099162,1.2673489602299817,1.2424424179441929,1.2138127611920626,1.2723480964194058,1.2677843238928077,1.245804723868074,1.2381610455752534,1.2796340536112651,1.252802684582438,1.2047631522955182,1.209348506603662,1.1830391271646943,1.1819116841517054,1.1546309081495993,1.1450936299852341,1.1419805269746404,1.171305975421421,1.2351101215651177,1.2453816415296401,1.2078667260281999,1.2340947977926593,1.299071713403329,1.230296334095771,1.1968098784847068,1.2297803959034654,1.2678118045649538,1.2076230966646664,1.2168163302599748,1.225278693863298,1.1986891584508554
1.2486166285495648,1.2538774195821807,1.2616516002102787,1.2336346798923195,1.215012503588485,1.2673509580385514,1.2852254071554696,1.2414902781740298,1.245250868656744,1.280028404277132,1.245944365024556,1.2074347374696328,1.2081433173761251,1.1943788079817896,1.1924666975636695,1.176756024415217,1.1663353138822323,1.1592239981060335,1.1787226181140371,1.231814528558578,1.2586383290857837,1.2066898530352108,1.2684174768854162,1.2940460070812898,1.272840151742097,1.209774086011627,1.2506923226921636,1.27621812391905,1.2086531970255254,1.234077013600152,1.2301084109925635,1.1959321234552658
1.238602583258344,1.2542359048574356,1.2575994507721988,1.2276676392886774,1.195483238417181,1.274362840248116,1.2697023303738788,1.226087792557254,1.230140806043888,1.2552911474191766,1.2379197911462454,1.1816942018609293,1.2009305815596198,1.18365028859898,1.1894644921668438,1.170272555096248,1.1642925661753638,1.1544550930877777,1.175261889827474,1.2323617037021934,1.254464752066067,1.2128558035778592,1.247805082015427,1.2815575152226872,1.267286489328841,1.2052484218219235,1.2369232549172364,1.2803285056124822,1.2125647593822166,1.246176423604583,1.2245982958989656,1.2055011741259138
1.2334577696741684,1.261087218946536,1.2577507284088632,1.226814581503052,1.1844435351009848,1.3018411476263367,1.2867506411821457,1.2288972141646406,1.2380124771745722,1.251101953944699,1.242881599200112,1.1951778818672145,1.2239600647404563,1.1907110659754927,1.1955621193184445,1.1926855546326378,1.1847642729615515,1.1727807475138718,1.193406282129775,1.2518315631534584,1.2590570244377288,1.2201349685488954,1.249070611584632,1.2949879803633233,1.2714768285481755,1.2124579239467874,1.2427551200705491,1.2667050712572283,1.22989641053529,1.2471664737359314,1.22387648954264,1.1940797306739588
1.23839795501924,1.2864558470533758,1.2509781048672968,1.222764981474934,1.206828505607978,1.3117796592634785,1.284432392961226,1.2357512225673666,1.2225375739110353,1.250109369984309,1.2477237072866585,1.1876360023587047,1.217318158565333,1.1882090241553458,1.1990230825077604,1.1851352981987955,1.1767725696254807,1.1604715936337169,1.1958761408798277,1.231920119699139,1.2623117987301158,1.2282339502739101,1.2596301307725595,1.2766194433132347,1.2828422451918349,1.2424067278825486,1.2516547628822934,1.2712564705144234,1.2397347687394442,1.2447939083624784,1.241033366114087,1.2057791027349198
1.2342042179299266,1.2756621740181922,1.2543942317489438,1.238563908714867,1.1971702040778187,1.3127054943851446,1.2845918356028285,1.2509649142393187,1.2269984442836954,1.2627256517046936,1.2599510802754155,1.1907300464643864,1.2227258225987399,1.1981002482870557,1.2099997751685831,1.1967316878958019,1.1780284116220623,1.1735842672134562,1.2009398802948206,1.229923464746863,1.2703640012266533,1.2372241897229401,1.276401310168789,1.2585014047536183,1.2806390883536927,1.234026962515596,1.237698131139598,1.266844616761513,1.2426496079826876,1.2494604697336886,1.2342895105812979,1.2049277976658004
1.2458096340538092,1.287523999082159,1.2398923172527083,1.243667288975887,1.2208293081163173,1.3044745282125985,1.2795466866002492,1.237688534203375,1.2041045667097439,1.2510275221432583,1.2559501035935086,1.1894983232583167,1.2307352680780992,1.2006553056630478,1.221147923691409,1.2027602238500936,1.1843022706767428,1.1850464387426276,1.223687608830179,1.2577551940023988,1.2940143414819505,1.2371959299889876,1.2945282227678003,1.283165067174145,1.3013672032965886,1.2431394683883985,1.2464713612711051,1.278049488607677,1.253661836558929,1.270666552187974,1.254123738037365,1.199907083524249
1.2247660197119945,1.3115120125323063,1.2576089524650154,1.2161225876650024,1.204500553583015,1.2876271169416895,1.2785581549789764,1.2390626982311967,1.1927405143362377,1.2402285819722598,1.2595276286494697,1.1942742784587277,1.2382259557254158,1.2081242421574885,1.232126361607935,1.2105605436239941,1.1985348276214716,1.1953575585558573,1.2244077542710508,1.2507946043126368,1.2829928187800776,1.2470067180895323,1.282803800130985,1.2843574858244233,1.2997793766273893,1.2493400494039357,1.2587592721472105,1.2878133838776673,1.2572622085604988,1.2747471509993302,1.2487956498206891,1.2334052682822096
1.2467595174376265,1.3190248690639388,1.2672749888477939,1.2474459508383224,1.199138902984803,1.3049207995749452,1.270521227288337,1.2268219391992665,1.1889456245987837,1.2417860460196237,1.2520579150775388,1.2014273498982115,1.2179839411593862,1.198123743615206,1.2248310009405405,1.2210850104052444,1.2219155825100096,1.206264646530706,1.216057339339805,1.254364800540705,1.2631718262623544,1.2275925013379227,1.274956543706239,1.277666491402724,1.3097072637553242,1.255231150818617,1.2523738463240377,1.2732031742601086,1.2701258078869275,1.2807164595511746,1.2417140221955163,1.2349973208183254
1.255116701254234,1.3243040841816487,1.2664212770398204,1.2742612496611965,1.2045991433525287,1.3113449535294903,1.2705568028774703,1.2248350989582297,1.1957922351531467,1.2189044690133959,1.2383258904489016,1.1763323013869642,1.2392660716167503,1.1819590499012875,1.2186679715027804,1.232118247657851,1.2467031453199373,1.2307178378785917,1.2475460755931045,1.2716515419747971,1.2757407472616442,1.2442004835263634,1.2910336352435028,1.2729505295477899,1.3005112303798907,1.2545740397967373,1.2510191684291054,1.2588802197673379,1.2782852395163493,1.2771267192311369,1.235071900789985,1.2220717501959666
1.2687310627909594,1.3113844466410398,1.2618569294550206,1.28089646078874,1.20509484123914,1.311180880085363,1.2585060295344348,1.2440334627996046,1.2043399122670915,1.244695049698286,1.2376646052739644,1.1784901217924835,1.2272963616429773,1.1891988823967505,1.2261262465863318,1.2439202011797306,1.2467773922992769,1.2249445024847667,1.2434035057597577,1.2650357199124918,1.2700099725975957,1.2421730520044072,1.300775790227091,1.261225942025091,1.3064383795229162,1.272103005422806,1.2501394614408396,1.2583617475597633,1.2798961081037281,1.2748992382321296,1.2432146039549274,1.2364840433252435
1.2710884761800438,1.3234526576819057,1.2779351333081068,1.300527694782768,1.192671352308968,1.3061111866980277,1.265609678036268,1.2549939443979725,1.1870820607572188,1.249947917274223,1.2517599954947756,1.1866228725917558,1.2210086397721907,1.1866473365181989,1.2245616632877545,1.2378509958998327,1.239101012993592,1.217122983019895,1.228030195564326,1.2535622771682569,1.2544390502294824,1.2233253849496504,1.2743748630408749,1.2515397448106904,1.281266228972922,1.2569921379670983,1.2495527793671188,1.2612548423214682,1.279824991416485,1.2637045289885473,1.2324232455283042,1.2264905840250078
1.2715871283575062,1.3170920123285206,1.270926487487086,1.3042070039499984,1.1940829313036092,1.3149511187198892,1.2828199752152085,1.2580015932270074,1.1955008748317661,1.2707755499438589,1.2608054831872482,1.2021121578432914,1.219459926384653,1.1919803572006604,1.2134059433469915,1.238926535947255,1.226039570508971,1.2164417108474175,1.2463494021213712,1.2786760637738952,1.2780977120344061,1.2539252733324582,1.2996375177452986,1.2813104030392983,1.2869334947914688,1.2804139227130937,1.2632031911724613,1.2879856228162718,1.275565196892247,1.2756845307356888,1.2381262560116202,1.2510528724546193
1.2791413565949643,1.3286344868072124,1.2933105478055447,1.3121653431237987,1.2149545721998427,1.3041707481002482,1.2610465630906613,1.2781228083543,1.1972771235636288,1.254502151473373,1.2419962330246381,1.190428240964754,1.2299185325437656,1.1917212688567307,1.226174933951848,1.2581012201857775,1.2405580846933073,1.2097728721362933,1.230580801014181,1.2567071405003067,1.2611003657306623,1.2405030262992116,1.289270825725027,1.2709629823489463,1.2744213417981598,1.2743342660300865,1.243037780239643,1.2761369543592904,1.2662278947546661,1.2541747005833377,1.2293500220439257,1.244913562467632
1.2866108541736951,1.3235465394079469,1.3320332849267587,1.3028965833715727,1.2115297287263513,1.2862658975359271,1.293154789747032,1.2650331675178974,1.1967403453196752,1.2713714144355577,1.2811381482082485,1.2120142304701407,1.212904125176554,1.208355762897383,1.2348415555605132,1.2546187789370915,1.2325201813159758,1.196515080193704,1.2214362693538547,1.260034188394292,1.2583320052264015,1.2306804818773085,1.2768503136768632,1.2784903528007003,1.2706580940299144,1.279618561361986,1.2596267983304137,1.272105362872161,1.2714360438309187,1.2534280135994047,1.2222324275411405,1.2437668833314555
1.2980767342876869,1.3160194445918898,1.309834628230361,1.3124985191448193,1.1944837483958166,1.2868456560732497,1.268085999268943,1.2671963969634477,1.1963476728767244,1.2516361873010655,1.2555502270126127,1.19367133036071,1.2119199192750323,1.1950893595762258,1.2107424845862738,1.2238892281364935,1.2120367925845645,1.1793701523382942,1.2160474860395167,1.2607788187601332,1.260278961964752,1.2122106536728054,1.2573013123420682,1.2718788137585078,1.252783281434964,1.256072536522558,1.2481344216726915,1.2843273929473282,1.2855525215409433,1.2521748639280792,1.2132441220999701,1.2148456638928506
1.277501129294402,1.3171550590299481,1.304383416094879,1.3325308604075652,1.2299998313501466,1.308844173304683,1.2662273541984197,1.2657649379526998,1.1953698399570294,1.236789056160013,1.2546442450925122,1.181256174963732,1.2023499734409175,1.1698197474169574,1.1855403524265826,1.2176604793174346,1.2169339651829532,1.18574997677598,1.2220568935174396,1.2599427146643487,1.2642220391800822,1.2148888837791723,1.2515745344708837,1.2704323867154392,1.2488086687215803,1.2460061085567278,1.243351369317189,1.2791663513030913,1.2791091793951297,1.2459612891966525,1.2031493723398987,1.210079073736134
1.2754217789015414,1.2812165225403251,1.3137727926632576,1.313920946542445,1.2095221206355429,1.3045163482478963,1.279302644912082,1.2446555424585128,1.2121682252412362,1.2383039137197753,1.2661043417423234,1.191467861221203,1.2176316836301422,1.176703791288229,1.1914058667327785,1.2306806026815011,1.2342373064423104,1.1966232402371517,1.2271211206713803,1.2627424049132332,1.270970164385814,1.2192228362509654,1.268083130419172,1.2648798412020625,1.2740534909386902,1.2544970487466869,1.2278058215174636,1.2723847377066295,1.2999093268696196,1.2453168409866573,1.2041278391824175,1.217955992793511
1.2579757632213107,1.309389098227436,1.3024610433885848,1.2851697995912625,1.1848574433933805,1.3007371364228613,1.2783395712267729,1.237111479886633,1.1998817492210725,1.2585880603970883,1.2788913724475348,1.182406806616085,1.203808915385227,1.1712127408882413,1.1912307625798402,1.2241962613522295,1.2216798219243974,1.1868752796665836,1.226134415186366,1.2570275885688595,1.2662709846438553,1.2282334410995053,1.264620327508179,1.2603462520757271,1.2689644075479536,1.2298797625546494,1.2317122997167642,1.2693752926730621,1.309161692885331,1.2463813644341775,1.1748413549266374,1.203162981167307
1.2543065454947184,1.3090457706657557,1.3063942727604783,1.2662594563034113,1.2012540386034474,1.3201614307750333,1.2935816343133992,1.2174603599805531,1.1987714640427092,1.2351852300634212,1.264146490355383,1.1906413340529227,1.2073903693864383,1.1952672230846448,1.2064348793021962,1.224549598626734,1.2088901383201436,1.1813962396083888,1.2121755590020153,1.238327980878357,1.24509844673981,1.2162202920981542,1.2464528434722455,1.236959740823681,1.2543512902583385,1.218322331877105,1.2333990624350997,1.2580430899090478,1.2959591839795084,1.232991828007194,1.1800298628824726,1.1824568148021604
1.2635835111467038,1.2995549741029504,1.3022532453294806,1.27705103995053,1.1957023698522176,1.324102221426309,1.2821888318988761,1.2027962811639141,1.2064505083370665,1.2314089786192104,1.2588875942138222,1.1980499449927782,1.200947608341481,1.1980619140716156,1.2118705211323246,1.235442534511471,1.2120569348305246,1.1865424704645466,1.2251153467251636,1.2580071134946174,1.2659762552687364,1.2202640252151695,1.2582540857837266,1.252303882209248,1.2707116284841178,1.2277134027672296,1.2625002283600295,1.2760307781363294,1.3054307354720276,1.2429753121796885,1.1869073019395104,1.1849148109958412
1.2382783837073315,1.2723161415935016,1.2807119532421574,1.252936518136305,1.1965520277724138,1.3151600474450225,1.2744763244446,1.2008640768287144,1.1910575939391352,1.2279676833886584,1.2574115057073871,1.1903092242453537,1.1919000032311025,1.2004787280199816,1.2114591610165835,1.2212799369628538,1.1998967440294974,1.1676224884621786,1.1997145347522624,1.2377310670808304,1.241922502505826,1.1962271804078966,1.2347905631704508,1.222597109641428,1.2494049610486595,1.2322702379145376,1.2271849598979703,1.2234560359398334,1.2773638958410742,1.2152267479581136,1.176037996040512,1.1868581234000832
1.2222149769243866,1.2683214451278293,1.2726625581274644,1.252392336561658,1.1888291627471466,1.3232525388124787,1.2534983753353381,1.1894500648841912,1.1679944256980543,1.2148181772074502,1.2344046915311049,1.1703624269357886,1.169488826312415,1.175416753714161,1.185046006313448,1.1926061997423831,1.1770440817881,1.1520076292916663,1.1841621634637822,1.2232552640354397,1.235490599258941,1.1789480443315723,1.228019347566761,1.2060123625634165,1.250022088702361,1.2168060531687317,1.220107315685151,1.1988332898132272,1.2654274129695102,1.197144351743963,1.177064876302027,1.1819925620674896
1.2153626064695053,1.2660231459439897,1.2665541821971278,1.234295714587909,1.1843235023398675,1.3141802738971022,1.2554213953699942,1.1799838164265826,1.1686131187847744,1.2161720181256928,1.229586665834714,1.1711159405220737,1.166016396532387,1.1820644153378652,1.1930706056489506,1.1967685371152323,1.1849982588351915,1.167720541612779,1.1838608323631117,1.2246828457234595,1.2296528467761272,1.1687464747707146,1.2011470388866083,1.2083620548683873,1.242104044179893,1.1719194771537123,1.1861410939976458,1.1901853258958772,1.2688629512932177,1.201874054414558,1.1518701940083298,1.1613395463975624
1.1972890490524442,1.2814097577709014,1.2291313847433454,1.2374601229892148,1.1724554987991425,1.3410729515761677,1.2413908041545316,1.1770187105151593,1.1562708664516206,1.2175132415896048,1.2184833639898203,1.1565770009861567,1.1482019709694038,1.1598367409484216,1.1704940391812555,1.1818944020462858,1.1702069463175735,1.1509287462679552,1.1718983384274655,1.2169359634629693,1.2220504215464136,1.1589825758112962,1.1933442314898617,1.207333227560053,1.2289114938287378,1.1720354417645413,1.1805330469654012,1.1841934340288969,1.2669585265348815,1.2031353909964417,1.1629194597518915,1.1553440514524473
1.1963870086140613,1.273157101905408,1.2304511755820753,1.2383293152545911,1.16737858680839,1.352066407263396,1.256766235942769,1.1703929592698001,1.1580045175639948,1.218625061393048,1.2202993827994786,1.1638108587750469,1.1570435221492918,1.1661028839735046,1.178720613818599,1.1862203279768082,1.1742278038720146,1.1593253331970652,1.1814162631124328,1.228431544775617,1.2347993481691888,1.1709937166918016,1.2186135044410786,1.2093557487058806,1.246612925357741,1.1852539042487686,1.1952037555033965,1.1864744004995638,1.262567640215119,1.1961342580865082,1.1642288052867853,1.1706661289372087
1.2057994376112584,1.2691844366608747,1.2365813473039977,1.2368133543726472,1.168312945262885,1.3489329070033096,1.2555959232434646,1.173168359625415,1.1633607819496017,1.2264355074295115,1.2167838152376018,1.1688303285344743,1.1607219325371354,1.1736910361999313,1.1902211152652984,1.1910479779351164,1.1732859169959584,1.1613750138299042,1.1794965131246749,1.2218443730645938,1.2284728983365196,1.179383189304089,1.230315728250803,1.2044193365386302,1.25274002414458,1.1824395744238834,1.196292975358024,1.1874959830538478,1.2663015603317471,1.2109339182488479,1.168919955023796,1.1559988362690796
1.2050142828011743,1.2621985903987376,1.2231218279797744,1.2398914443670914,1.1830107557633356,1.3533674232994641,1.2541456581846306,1.176559319336167,1.1613448415294876,1.2261960924543582,1.2244877942528551,1.1663740003951197,1.159058732600997,1.1669390444991086,1.1874059345005743,1.1770551356310521,1.162535019358397,1.1467932551174915,1.1596591182823848,1.206383076969803,1.2146957718237432,1.1715907995470316,1.2330253677885268,1.2177519390742233,1.2566921154172883,1.2102417369653546,1.219197360317531,1.1845866536305887,1.258038956040517,1.2159098083486584,1.1866988496099504,1.1734069528796716
1.2127530087640577,1.2366168492463205,1.2287937981035328,1.2409487960921168,1.1714422030797322,1.3598419685570178,1.2465035809636718,1.1981978974737202,1.1601522944352738,1.2266234233217261,1.2277302368545142,1.1571004904520956,1.1470443186577697,1.158943132399447,1.1976086267742987,1.1783917136451447,1.1571633531144927,1.1414594989854474,1.1473286244956507,1.1944348732613317,1.2035313484050938,1.1536859906708945,1.2105430088401146,1.2096877102948917,1.2360702038733624,1.1967852176129334,1.2086851632586069,1.176947110831212,1.2244792679619916,1.2097820702003255,1.1757787434525047,1.1892411452650382
1.2350481960877315,1.2089276691023558,1.2412825868635322,1.2298472133097662,1.1726108042720742,1.3482665940870344,1.2521463654803253,1.1852050305990511,1.153594832400058,1.2142109611330723,1.2267150953659671,1.1608864054884793,1.160546967340845,1.1546998338228627,1.1900138351355738,1.1794281061222318,1.1542864568958098,1.1426003596301924,1.1458376744147958,1.1917563645877658,1.1986279493221603,1.1598962278827805,1.1970854205402373,1.2300551288030266,1.2514677580644316,1.1998166351237218,1.2145727786841856,1.1942181273014336,1.2437844223691539,1.226755112766652,1.1824461234590888,1.1849603267451443
1.228754633021467,1.2195864142176824,1.238417373338336,1.2205053599169533,1.1598688533977461,1.3556054314130845,1.2490767664984381,1.1781952236492526,1.140791835187104,1.2055855132313205,1.2030452096672752,1.142379111135581,1.141050834322519,1.142206013720585,1.1835558884213193,1.1747972962486768,1.1469615190842954,1.1318630921988448,1.1420138653681373,1.1872399044709763,1.1950947176581415,1.1528868283501563,1.19616609189782,1.2333325753481341,1.2488998984271287,1.1885370330585359,1.2096233186414478,1.1999680548230285,1.2380043199016348,1.2256481382023983,1.1674085731796686,1.1814811148201123
1.2418705294488341,1.2229621490561404,1.2496631930663125,1.2277698499853238,1.164747645509333,1.357525991998102,1.2450425810823538,1.176095277264811,1.1472801566943387,1.2207990850791592,1.211961665032561,1.1512115605000304,1.1506652487862397,1.1464038502391014,1.1863937685416746,1.1813822709570987,1.1510418810524075,1.1292354128008544,1.1270632053043117,1.1775382889416763,1.1829101579744594,1.1520233719192616,1.1919020404640757,1.233565487938162,1.2656765305001607,1.2067242259670732,1.244701153739093,1.2135123946913464,1.252772970769726,1.2494361879876192,1.1837664984808127,1.1833320436778618
1.2439649443264633,1.2201631027302289,1.2446287813432404,1.2483350177522408,1.1761851029319905,1.3729088013836306,1.2532725323681821,1.1931947605949431,1.1419153695498945,1.226770091011303,1.2371387641594422,1.1499632487860267,1.1580461329308764,1.1509566878119137,1.1885692077160102,1.1844869108594112,1.159803003509798,1.1257144378521176,1.1259097616558198,1.1736055358474407,1.1814617114468544,1.1533325735896065,1.1944341849974407,1.2341700459624492,1.2653961364451691,1.2079206693612503,1.2451975858462867,1.213567786811685,1.2469739441513163,1.246066433010497,1.190587584276622,1.1817965561598553
1.2544283386386492,1.2154872818649418,1.2637605984023799,1.2491765777300765,1.1664221106720167,1.3737904952052873,1.248135264025823,1.2007752460161565,1.139931624903659,1.216968562965512,1.2242267475882005,1.1372700202548436,1.1450284009045346,1.1322676578880586,1.1699854255977136,1.1779026607325231,1.1501853205929053,1.1232976372309391,1.1348820996124216,1.1769401827897608,1.1925411883116466,1.1628950475341586,1.211119649897017,1.242945347029151,1.2775921112229265,1.207344854184219,1.237421356780186,1.2204549838730196,1.2395777000794594,1.2274413907286432,1.1833629922335602,1.1877646398667259
1.2428200616764506,1.2061176504538738,1.278194393445437,1.2371535961057292,1.160689440741881,1.3515827347476372,1.2554034678764923,1.2079930304072823,1.137756080050365,1.2288677204923628,1.2380342267619655,1.13844151046681,1.1316323386717493,1.1324512016918526,1.1761494765195277,1.1793128741348875,1.1475453138355944,1.1214797569167705,1.125244328739171,1.172666011034874,1.1897474502710894,1.1641902625845832,1.215165314633552,1.2589492425274031,1.2831623302306037,1.2226987427926268,1.241038432441818,1.2196491717740037,1.2494998915714304,1.2200967246690217,1.1829757079463954,1.2077570763018057
1.247049618878992,1.230755403967265,1.263726225641488,1.2355531448989676,1.1839190242952136,1.324366341496553,1.2384595896387633,1.2180707653714675,1.1339350065016458,1.2206703677216157,1.2219862151126997,1.130655901196809,1.1299967905654547,1.1120219118286774,1.1538914388837076,1.1622056098106701,1.1315209846323888,1.1123352462024565,1.1228718453162314,1.1663065490932933,1.1759611209127538,1.1556189930907572,1.1979705828359652,1.2417491971460977,1.2784764222778082,1.240278066596441,1.2692126736398792,1.2274181940884874,1.2545564505421345,1.2282690718862133,1.1981791131953827,1.2276320223053243
1.2518779776115843,1.244211003318782,1.2474341827962114,1.2251238278213004,1.166137636196145,1.3216865809621607,1.2346846886822784,1.2097132395984826,1.1155656742210949,1.2114317726514094,1.1949891381910382,1.1111324392165283,1.1078617680054446,1.0898351971467095,1.1213532220704916,1.1343972764042125,1.1068459491000524,1.0830219211077479,1.0984186367106048,1.1423656246873126,1.1593884364757507,1.1379293630245542,1.1821959439314875,1.2249073922665898,1.264471009703464,1.2136240497913982,1.254037609722697,1.2149661991729697,1.2359660481648795,1.196916249732917,1.1805543193147061,1.2125235951831395
1.209894851030831,1.2559463082231794,1.2447744829378034,1.2310332719122956,1.1673082482932466,1.3153972064920973,1.2373889266441356,1.2074658066418997,1.1030369770291508,1.1977421925946268,1.1807896381976768,1.1026980508460371,1.0947617802219416,1.0820159569393077,1.1130095770767228,1.137344009336504,1.1082657020174425,1.079941314351638,1.0964609866793302,1.1436835482461876,1.1516974161058793,1.1229780911763048,1.1596587100240303,1.2167426853934367,1.2521842656128181,1.184847249671034,1.2270187691257173,1.2171073074994878,1.2268126112028124,1.223869785916031,1.1662146689102548,1.2081287616568297
1.2078238970318964,1.2603484812304517,1.254661102982266,1.2310897203078495,1.174986633857749,1.298873316481358,1.2383310214631422,1.2182352023267793,1.1114640226461814,1.211611587637211,1.184549203622361,1.1102550562482818,1.1029800281462823,1.08301471951552,1.1080651982995142,1.1317281461846558,1.1055635222767362,1.0940206478419354,1.1057031757656712,1.1485414965239187,1.165719173281161,1.1289939539658738,1.1577551314828067,1.2293727686386557,1.253960307666154,1.173178966700865,1.217904690038875,1.2293834916609463,1.2235856864520396,1.2237441792845085,1.174076040494937,1.1703390257478075
1.1548742203786817,1.2612469504713049,1.232485656651471,1.2202658927699745,1.1543037392037347,1.2977525683464592,1.2249877520156445,1.2225743840124015,1.1122185893255752,1.2136284394178278,1.1868820491281709,1.1090781127441827,1.0909642015207013,1.0761836473244955,1.0976639275536515,1.1265104594466178,1.1055990771495483,1.0832463365008578,1.0998846098104516,1.1454236821166297,1.1827465626836156,1.122703891178498,1.1756670976545818,1.209940357754615,1.2328877204275026,1.155701622030297,1.1920488971658918,1.19853075890068,1.2079798145765346,1.1945722176339293,1.1474497081474262,1.164855373934276
1.1672720297650516,1.2642374228401199,1.243954086908092,1.242598391225384,1.1717490839449474,1.3205457013004975,1.2523393993997,1.2360414516109328,1.122001648756921,1.2346228247893287,1.204952043649497,1.1244977463588075,1.0967539095499124,1.0840606761365845,1.102025430996181,1.1344100617308222,1.1193061645017268,1.0851965982805063,1.1075242815931272,1.1694362357324788,1.2031978633663358,1.1144861834077207,1.1842768730137083,1.2311541391008916,1.2353098602554184,1.1565054224272038,1.1965910885603575,1.210661104879341,1.2209182179052367,1.2017504696280252,1.156206982639249,1.1731170775981399
1.1639629089506478,1.26998539533655,1.2513129581728635,1.2211187451136485,1.160667683554287,1.2793500550197248,1.2503648018793412,1.2287749337304659,1.1272805240924604,1.2012988275520655,1.1797036835066557,1.121934721743135,1.0867132185628199,1.0815029856680505,1.1091440406111526,1.139894263912147,1.1221861567477789,1.0815695449522096,1.102801798624876,1.1641501060457997,1.188926278456132,1.1116213791184617,1.184357793096547,1.2290261963962992,1.249023473043675,1.1412922294689456,1.1909355271162105,1.2135163216275398,1.2301816394704217,1.1915312253489114,1.1354769140965912,1.1622432006680412
1.17937637697801,1.2811744860742946,1.262901800876244,1.2115993166955654,1.1661861294644664,1.271942040919005,1.267775840448724,1.2223258237300028,1.1261744698397993,1.2068133131015306,1.1830300937246003,1.1409953715558099,1.0997533586556785,1.0954068134342378,1.121595952519213,1.1484172330634614,1.1302660572524128,1.1047371313438552,1.1250975967928731,1.192501458385905,1.2116206997572434,1.126646369150362,1.217692104320708,1.254250890657268,1.2600538775031485,1.1647124863350635,1.1891685546696233,1.2288962197835673,1.2302220845286473,1.199974122232566,1.1482557225833114,1.1832772526775366
1.192571166868526,1.2691055029573628,1.2782863449153168,1.2013607016149452,1.1565564154425028,1.2552193977037533,1.2729975718630182,1.2181292514257023,1.141194391168601,1.2122373402554538,1.2009914588653958,1.1576237650220775,1.1145239246700858,1.1150788541716632,1.1353947879949553,1.1517334519329558,1.1310324856760507,1.0875551800224796,1.1089202933432674,1.1839388598321983,1.1913058750485352,1.1225766775916843,1.200205210274551,1.2587455287753286,1.2567463171383988,1.1690055275979385,1.1928210293628017,1.2432989192120834,1.2369870680698938,1.2067049808275068,1.141980668686159,1.1799187473727122
1.2254950666126068,1.269278851656885,1.293893975575005,1.2015996399064381,1.1466401572997797,1.2462456723510664,1.2634383018323878,1.206601364586735,1.1253937776597998,1.1905253668766242,1.182318667978389,1.1362455226356267,1.1147244980174482,1.1077686114135783,1.126701876844526,1.150184760485902,1.1442186195040114,1.0998729498509663,1.1230599000103023,1.1962088810269493,1.1927811521418032,1.1231784211752034,1.1863910033706861,1.2568776213223696,1.2624138440313526,1.177328673533171,1.1941354610710597,1.2517370354320823,1.2379792307246473,1.2154779722582458,1.1500283456927682,1.1777013182212588
1.2154101707067486,1.2512067422560966,1.285631694362529,1.2251072084933254,1.1541345493876023,1.2788673994115236,1.2643033259225802,1.2216162993051947,1.1334566485607767,1.1974807165660744,1.1969297966002928,1.1428599346570991,1.130033719940573,1.1206019129204483,1.1496547332454041,1.167861521493025,1.1615943318030801,1.1099404108491095,1.1272563052698916,1.1925200029490206,1.1873031720652203,1.1469887296438392,1.183541283722212,1.2542195215602532,1.260788718685206,1.17319157179275,1.175276526841151,1.2429034876041862,1.227438439582783,1.2167475373208432,1.1517976923725743,1.189656372171499
1.2348731581058259,1.2239253647900614,1.2998046553061313,1.2197200708337539,1.148918882443322,1.2660116329837896,1.2818921068137052,1.2270555811874022,1.1394456064656084,1.2131222995868,1.2237366216874073,1.1548720210118513,1.139935941302023,1.1401663345634863,1.1692945049919432,1.1815420314576293,1.1827860521637148,1.1385983647786835,1.140468235342837,1.213234883838328,1.1948654122471376,1.1488310595501066,1.1914598444402908,1.2539632036110167,1.2768090764034254,1.1820944650479193,1.1899775857098245,1.2495448910819884,1.2398374622843273,1.2021465955140131,1.1585556413136768,1.1795078796363172
1.244007599823437,1.2417200402802586,1.3323982082386914,1.2368959801985429,1.1434416912695067,1.292215036314303,1.2873032117109142,1.2248644670484554,1.141509886817463,1.2145361423982493,1.2243608665964958,1.1489515468194906,1.1371071381031492,1.140737731848152,1.1705999597483652,1.1869390208604085,1.1943249999689343,1.1417210251781031,1.1425079954501522,1.2256882799325837,1.2004234404686829,1.1561366798843675,1.1972359494928406,1.2647970321078084,1.282197386304932,1.1812088200981097,1.18221296706351,1.26146501577432,1.2562000723299396,1.212590475201745,1.1627777491939746,1.180635996387119
1.270954069184505,1.2236226606229959,1.328442049097392,1.24342123994292,1.1561757353572037,1.2880497938698525,1.2701320733397432,1.2082268848064797,1.1354493807184844,1.2022721386798314,1.239199500177461,1.153750283726759,1.143794560020537,1.1542545194894018,1.1877998429545367,1.1961783347515484,1.2075180299032517,1.145614672665166,1.150436491400922,1.2267682177825,1.1906584113484922,1.1586811571985944,1.1868688048291232,1.2620332262043057,1.2858865475314232,1.1876365018978745,1.2064073045839776,1.2572908132569716,1.264530835506651,1.2414868103396486,1.170708212671668,1.1785542830807687
1.2842342749918865,1.2370611242113436,1.358245921679922,1.2500996914133058,1.1515534716420093,1.2867722472786822,1.2673680328251478,1.2283769457225266,1.1495693461747056,1.2065238847103534,1.2421228410105665,1.1581465686871057,1.1481419068976448,1.1621176179045685,1.182790695733329,1.1834362393812707,1.2028560969388213,1.1567170539250782,1.160524980141628,1.2356653052207962,1.1873033815305192,1.161496508693268,1.182746048251996,1.2707236972805478,1.2978074927897036,1.2033611686593835,1.21039228621396,1.276832752291658,1.280781028243352,1.259585076259108,1.1759441649547036,1.1941173855871252
1.2869018267158947,1.237379429174092,1.3441186184702394,1.2671874203044238,1.156471593058972,1.3055563952718314,1.2582735849671378,1.2491229716640926,1.1585819133300188,1.2140473921248114,1.2457343805785412,1.1581960403551348,1.1592171085823904,1.163196481040951,1.1808218929548644,1.185753681993632,1.20639669395791,1.162340370072428,1.1653628109920295,1.2368677608378957,1.1876702357747142,1.1762879323167081,1.2013363545913252,1.2726313322006784,1.310339017237712,1.2119427505024338,1.2160914336654012,1.2645511537204503,1.2961401081434527,1.2573762219636766,1.193020289934739,1.2071021013094998
1.3004571093104391,1.2364717176331614,1.3539625229840675,1.2632994415481056,1.1453141194839973,1.3072893426942045,1.2642539329276954,1.2376887825209426,1.1485889768702278,1.225630188087206,1.2535316561392487,1.150403887839054,1.1451505983738357,1.158956873572038,1.1755056715979122,1.178424130644396,1.19804171272949,1.1459449532514474,1.1556612342611865,1.2226474185509268,1.180598483276869,1.1720083171111577,1.1833262508449804,1.2502389983518807,1.297280413706423,1.2079480141412497,1.2088324784254696,1.2558167388471306,1.2811418873937297,1.2589965308583955,1.178658308028425,1.2079426922368215
1.3098558298001175,1.2376754741781548,1.3390373685606483,1.2624575729394174,1.158348878630991,1.314389141303026,1.2742218791311277,1.2375832149429435,1.1542579637866344,1.2141450405058323,1.2607694155333593,1.1458567743396906,1.1431732952652824,1.1530174283206265,1.1723496571318026,1.1937817838517881,1.2110559903876699,1.1557505145506461,1.1647410052323697,1.2313294756142554,1.1823330899718691,1.1646194292565502,1.1753299474471257,1.2390002655676904,1.2945249168113777,1.2187074669407192,1.2120390756335049,1.2358000490571674,1.281874434432864,1.2566369298657514,1.1773197475781925,1.2129907808422071
1.3020804069458076,1.2480851622288949,1.344246341786582,1.2754416852180603,1.14952237523072,1.3033751514589522,1.2482719697708735,1.259942007916382,1.1626439525737808,1.2315031012018005,1.2437727317830727,1.15319466608837,1.1467292691256048,1.155889970816245,1.1728797845905705,1.2016561677313409,1.2176728915339738,1.1708041288046032,1.17101585465567,1.2137396163587,1.1748779627558918,1.1794012660185567,1.1824049195732727,1.2220911006267834,1.2757179487689672,1.212877249478961,1.2081199717311815,1.2229254933007925,1.2916897059339747,1.252078291541848,1.1838750807146434,1.2278813366544417
1.2889320315989994,1.2759697265842673,1.3210132679427036,1.2650513562636887,1.1593913333846313,1.3236963850652976,1.2576290506195988,1.2631272224165238,1.1798611798248815,1.2443329603740088,1.2698237310336984,1.1749371055782383,1.1474708357079928,1.1709448990830813,1.1969774877052968,1.2233381879239753,1.2207418641019439,1.1670077704210489,1.1494237491028323,1.2142789042621722,1.1722280941069632,1.1596149717098052,1.1795106229312267,1.2427817161236074,1.2589508285609194,1.2236701165745298,1.2347837769216428,1.2473744751127742,1.281242479927277,1.2689665711323626,1.1999629373874734,1.220339891842733
1.305877634174931,1.2845974260999313,1.31707438413563,1.2767491072636186,1.1666418799217584,1.3366142189882146,1.2561630628867322,1.2886874329179898,1.1872916484109275,1.2628216160634935,1.2751860323554256,1.178273421571199,1.1553735653852428,1.1719664658998759,1.1952778726093591,1.2185613367593295,1.2122229370359088,1.1740585261741978,1.1618745065487317,1.2326951576952632,1.1836777463632484,1.1613477145703983,1.1907523022913582,1.2615748835403784,1.2712476131666623,1.2491308350557546,1.2532070559955688,1.2631410845070432,1.3083520485252818,1.279805666116515,1.2210319645696102,1.2372958051670913
1.3102361412343457,1.2901841520850101,1.3376314543134682,1.2789141129488968,1.1756857532332265,1.3320917341706051,1.2640424258066871,1.275413898806731,1.2051924496910833,1.2647079338333138,1.278032134779402,1.192846814669606,1.163300745378885,1.1839159216030375,1.210401824569628,1.2373407640826553,1.2266987100017261,1.1826779560475016,1.168562104798177,1.227033427842194,1.1775181607697005,1.1638697863343457,1.1834718594350588,1.2583069145484398,1.2483283448731572,1.2431723220278479,1.2691562271455146,1.2638147333633587,1.314091142815072,1.2870757231429544,1.212470850241514,1.24605308736923
1.3336914258032666,1.28422277575797,1.3238198172034852,1.2523035920110623,1.1845988448601492,1.3334531937191167,1.27749226006064,1.2815439734305627,1.1991726460549679,1.2740972856993087,1.2895221448816334,1.2057112015755926,1.1633747602663878,1.2035556859447016,1.2375849404297699,1.2531422452801453,1.2302376162921105,1.1887324362961664,1.1647031132140988,1.2224049334672493,1.1730331221196677,1.159299261999264,1.1891444755990634,1.2560590295688898,1.2481385208020723,1.2560199743187717,1.2678216101743547,1.2714840228743811,1.3162256741701512,1.2788179263564157,1.209964519127917,1.262065058183629
1.3113199767057424,1.311396687356168,1.3321847884771614,1.2444805929072655,1.1801780436131528,1.3410085796867484,1.2808017550407227,1.2740750670737198,1.1989620239912568,1.2690915810051215,1.2636025456132085,1.1851936816380277,1.1693659831483776,1.1748776908151284,1.2054942985354886,1.232079781894846,1.2152184852001096,1.180832794599741,1.165515815298373,1.2156699828364892,1.1793525184965412,1.1637588201440203,1.1880850150954945,1.2562756933891364,1.2529603854085898,1.273713122229293,1.2782967576952327,1.2651107898556175,1.2908894822359325,1.26675829980164,1.2121459514262207,1.2613842669723794
1.31541768383804,1.3092085432000768,1.321842920899306,1.23155632097031,1.2000162827156735,1.3133088437047198,1.2616801295038487,1.2555773601638123,1.1912298812980882,1.2765109432372845,1.2545048226459883,1.1944235301935218,1.171515986102799,1.1803405217553558,1.2148010023720306,1.235400347380923,1.2190162176860238,1.1888234062026535,1.1712995532967625,1.2181825797199985,1.1771865644174235,1.1586114390985816,1.186406673527793,1.265258563735075,1.243101759362826,1.2629340100098516,1.2749274121207206,1.277618123542969,1.2863320910427283,1.2726387413948983,1.2282159920369826,1.2613627688639586
1.295285901608689,1.3100382858082043,1.2965546613144232,1.2387328884224418,1.195770609323448,1.3141840891848515,1.272725286508015,1.2334507474672056,1.1881477906551776,1.2630028598342586,1.2524987596968324,1.1931193045897373,1.1765165864344551,1.18273904268302,1.2246235346145375,1.2415666895146518,1.214319800659624,1.1934621683304194,1.1699590959115869,1.23462528524233,1.1884109840580601,1.163168519116495,1.185828639325913,1.2863857304522124,1.2676412876166994,1.250841962490116,1.281872887326948,1.2798051555173935,1.2742290018790574,1.2730760906056136,1.2225484623035527,1.234994672446933
1.2727436824865963,1.3096806912784675,1.2929516225523092,1.2342443980423259,1.174488268387083,1.3232101041296562,1.270668644991283,1.245505130272487,1.1891596976878436,1.2680003621281155,1.2592477936310718,1.2017958380984948,1.193956610068072,1.1937964955339841,1.2413379239063416,1.250290506156364,1.2143601377736957,1.192870264284015,1.1643291956562816,1.2229510628392168,1.1772906012577102,1.169353065631095,1.1794151390382293,1.2897621580997818,1.2451702169312426,1.2386795911144224,1.2695835426345754,1.2593610535916018,1.2669878218294208,1.2444721211187164,1.2030697919210371,1.2454279338511574
1.2632890214135768,1.3118156061150554,1.3242075089978638,1.2482126151451363,1.1832685786565773,1.358027100465082,1.257265462165272,1.2473825905170972,1.1752719150685351,1.252893591344521,1.2504755047591443,1.1888230764822487,1.1853668012365797,1.1849960929793713,1.2377631673614458,1.247502819269936,1.210974616865277,1.1947696289441372,1.1682870649115449,1.2428816377622063,1.1935394786669686,1.1673465088915727,1.188988864327029,1.2969529556907555,1.2417161780902028,1.2265847613538872,1.2757818752827448,1.2731633352309306,1.2665588616401848,1.2622516476521985,1.2095478817523484,1.2183514870439407
1.2591500537824483,1.2960046385150155,1.3223256681285993,1.2470608942950123,1.20395620823837,1.3485762714678695,1.2558125480381774,1.2218189451107262,1.1708781531351797,1.2284908570888833,1.2367663158944353,1.181446611403685,1.1867162799195876,1.1842907998683025,1.2327166782618704,1.240968682178191,1.211032017991405,1.1942554251775233,1.1740456000392892,1.2472243295810643,1.1981180261505893,1.1673217017009498,1.1943289282072782,1.290881089500158,1.2504095224283907,1.2177978809195664,1.2772217742291678,1.2719923605556451,1.2563972254465436,1.2653521058358015,1.21991925902653,1.1982331115544638
1.2806651250714443,1.304028835634428,1.313413054361913,1.253469586421581,1.1833244108264995,1.369703496476356,1.251744244612023,1.2191431237482835,1.159594569916954,1.2185699116911581,1.2292033221546814,1.1741192720523277,1.1780743254038013,1.171232243240265,1.217939461477295,1.2308484303835479,1.2085329804093625,1.1936675152568423,1.1865305521634268,1.2550807571932376,1.209012867198166,1.1632644484156907,1.1960210651718317,1.2939296377124008,1.2483062159312204,1.2087085053307787,1.2555771537731044,1.282450317511471,1.2764573429109025,1.2672734381317878,1.212174137237021,1.1981062097089399
1.292310196597265,1.2924224446492445,1.3191574796377283,1.2539651576818347,1.1886230343415771,1.3587958516197067,1.248817992625745,1.207556269274212,1.1619387455160188,1.2054737236970237,1.2149369760702073,1.176467944797002,1.1960177004230674,1.1892810445269972,1.2217806818665067,1.24534585653784,1.2273841636036462,1.1997878244592022,1.1973218446447496,1.2493290064254452,1.2096587462120978,1.1798341748264272,1.2218421729631963,1.2683946407243951,1.2522863858286415,1.1996798282530252,1.2397101007260811,1.2599018958416277,1.2812614345065791,1.2418830987367964,1.1896426072020336,1.1908860702454627
1.260869269020709,1.2817907909614117,1.2990478273646602,1.2570749496695377,1.1716682122492392,1.35637826387429,1.2313645292258224,1.2187825100500356,1.148651478531161,1.2082683570956962,1.212556369868227,1.1608001853664633,1.1714441607999424,1.1697019748281645,1.2083101277363824,1.2284209875898187,1.211566331863629,1.1756173558119345,1.1679335909037423,1.2302489087958373,1.1990805055595803,1.1566531394892983,1.2136445093781982,1.264383825917207,1.254204060020735,1.217252978287645,1.2258057740407886,1.2495548872980506,1.2598614813254367,1.246320284455257,1.1950826480104557,1.1841071806302166
1.2474849112095434,1.289818674192704,1.3000722842250592,1.255514833557578,1.18578535258155,1.367349032072621,1.2369885189984104,1.2062448399217747,1.1440119373456745,1.1926807411927978,1.222918023825796,1.1633568636178275,1.1646879082195134,1.169198109884645,1.2033519667118202,1.2256429037417504,1.2105158798921334,1.1734007520239191,1.162353448799115,1.2359591703019521,1.199412509241927,1.15573815152193,1.2156069949390447,1.2551885065210213,1.2422869009833215,1.1960328600060943,1.2181895926989887,1.2251619076759965,1.25387899421868,1.220009400190068,1.1799148607660463,1.1835487901253336
1.253512643856041,1.2927200188213195,1.3066467638682244,1.2545320446336654,1.1672880475777825,1.3645482805161642,1.271259400837359,1.2076005011954674,1.1325211773896238,1.1786679556790374,1.237831259352884,1.1475127287230749,1.1605778138488565,1.1562885762617818,1.1953342779625957,1.2244062867424013,1.2124645739119042,1.1794227832275825,1.1645335508938885,1.2596158245681186,1.2182996546421112,1.1523746115002393,1.2259296351588802,1.2734066355575933,1.2377687584836867,1.2062447544633075,1.2027237431459747,1.2173285820333326,1.2426411085318818,1.2109142792117522,1.1775151537827437,1.180116291312033
1.2732960321927835,1.2894622834710485,1.3047925017205106,1.2550330830420524,1.1837375143468052,1.3740503015676009,1.2600336609085072,1.2076971697614394,1.1337009766627308,1.1886942951312365,1.2424887239005018,1.1473549757982995,1.1550738477149445,1.153031276525477,1.198737906682354,1.2344854409498986,1.213201295472146,1.1738970961950195,1.1809412156179937,1.2748382619875291,1.2478731470419615,1.1676188490427606,1.264009669948453,1.2841363749914982,1.2644560004294256,1.227011973438791,1.2273817573937416,1.2117269862167774,1.2537692138798375,1.2039335457050417,1.179389319644678,1.1863205780603954
1.2940550258960841,1.3176416851615624,1.3265926662722618,1.2646033519278579,1.2064520814248356,1.3880270609661916,1.2896572637712556,1.2099400131133995,1.1364658790254798,1.1850303173834311,1.2454680642659253,1.1345131099375598,1.15647551038539,1.138365016432569,1.1769167157963238,1.2218826714129478,1.2024814698173678,1.169266860116498,1.1802263070791268,1.285829682449417,1.2526922872100021,1.162738901428765,1.2607565467356225,1.2982241088917628,1.2648326600111037,1.2383809274143762,1.248063645253406,1.2341969566518467,1.2754476481456913,1.225840350857061,1.2060692848382457,1.1936903669421888
1.3045898553183903,1.3095576271662361,1.331440726497841,1.2870681171547262,1.2076425359728709,1.384776345907998,1.289249657816521,1.2254687665883246,1.1413618482943242,1.19202108695726,1.2463451949737272,1.1460265458439916,1.1632051990546528,1.138202155077662,1.17148060604349,1.213460193498639,1.2032812973800824,1.1823746251366518,1.1916895703086614,1.2918487081088148,1.2581227459724644,1.1755581519208134,1.25949128705451,1.2936958100266613,1.2662453936657703,1.233217762010805,1.2566322982220843,1.2469881326323902,1.2902959534354348,1.2426037853202114,1.2043228204826912,1.1983054299068148
1.297326268033524,1.337151891923201,1.3426993907587594,1.2695356068675694,1.2006179610480756,1.361986623655917,1.3112445704650693,1.241579118941134,1.1363133478053498,1.2009099643147756,1.2587050812985217,1.1413698089168736,1.1622152644065784,1.156065818314346,1.1997869486851276,1.2278742553165674,1.2076087570104137,1.1690560734753161,1.178631252179827,1.2567724127779365,1.2394690021626285,1.175955694238577,1.2592666826626926,1.2762551202772436,1.2700424867610869,1.2425659262737514,1.2461174595932742,1.2474169845129204,1.2811415579433336,1.2319911791656446,1.198946534247965,1.2121833585120825
1.2939299873127241,1.3439828899143318,1.3313957265341778,1.261071853440007,1.2091285064909145,1.3504451623311569,1.312991270074171,1.2618286538254018,1.150871037059554,1.213956024988434,1.2810962891291222,1.1437714406415274,1.1697935929776773,1.1477222426147844,1.181086680081221,1.2214576689936187,1.2091004896706623,1.1810847355629104,1.200985804226789,1.2745696313591979,1.261271869133463,1.1899135133900003,1.25959590137213,1.2960546819167278,1.2766975430711898,1.2435807163379888,1.245370123436898,1.2599208008391405,1.2732934573573809,1.244122623681575,1.1920262566522721,1.2156658572548573
1.2833690063013934,1.3371905828053827,1.3228333518965731,1.2633557828228796,1.2079992530645107,1.3354816683592623,1.3280535738279653,1.2419730324613671,1.1392729670813189,1.2104705120022057,1.257764088905459,1.1412398975574876,1.1426235461552032,1.1332452388325422,1.1656542502407932,1.196988582116344,1.185866313640057,1.1609715246545553,1.1708594837504718,1.260196051258444,1.2463021851910734,1.172231195669158,1.2462110977145067,1.2945174797524759,1.2701957950033953,1.234590885361451,1.2484979784482555,1.262625891904803,1.2730990102250765,1.2375422371979004,1.1882806336056233,1.2107681529477134
1.2904479829391367,1.337663078336493,1.3230064357972884,1.26249275477814,1.226814544317848,1.3286153019040567,1.312812940965632,1.2340110863896807,1.1502019905098264,1.217147649120484,1.26658487520583,1.143165053183061,1.1383430485439094,1.1361059025970537,1.1665423849317846,1.1940310683981679,1.1763686833199094,1.1519257420990587,1.1648688598401529,1.262341563141784,1.2507366819390993,1.1593512203114795,1.2490067096146473,1.3123270458996084,1.2819282823659295,1.240471945908407,1.2601525234058608,1.2699858470881076,1.2635718660920432,1.2322163001428075,1.212544743584596,1.1985953080922633
1.2943728933392906,1.350490827845731,1.3217310341491395,1.2951233594315337,1.230930153898768,1.3297072054697887,1.3295360194045136,1.2308438944117788,1.146457113747563,1.2203950721137022,1.2683705621273127,1.151949786949718,1.1444786124249497,1.1471430948623784,1.179025309122478,1.2002758266253968,1.1881747036703578,1.1622489466745731,1.1751875520652695,1.2643734419831152,1.251337008479904,1.151338196482342,1.2323970625841678,1.2796305157181123,1.2585033437553927,1.221344994373198,1.2633818409406323,1.261605241481178,1.2757384904797477,1.235088785820809,1.2198229912593508,1.2020963234677222
1.2789281375367862,1.3509106057001583,1.3190849868751968,1.295474480327816,1.2459747840701412,1.3111354573981928,1.3190482454270784,1.236845080877887,1.1582256629585783,1.206870005223627,1.2679506208804865,1.1530399017543942,1.1483050197536602,1.148219165575299,1.1759701068638966,1.1861471599293367,1.1709777026079462,1.1546007576924762,1.167747803358361,1.2279285854767041,1.2271856431594077,1.1693119304232817,1.2227979191723857,1.2649076688584293,1.2495912743079634,1.215750503948696,1.2678622581380485,1.25258532079186,1.2694884322733218,1.2448648103914297,1.2210586965005783,1.2031191124238005
1.2589808448881432,1.3348077500736624,1.320067281970588,1.2860040953167584,1.2102259639756991,1.3134068559437464,1.2841384699484297,1.217949889490487,1.1454489172644324,1.2206982564057574,1.2634363745161779,1.1611340460708637,1.133010914617829,1.1570645820924341,1.1842696276888867,1.1860297188726114,1.169069770342694,1.1377539767930216,1.1472227824778594,1.1978282150727708,1.200132924342517,1.1620928833502937,1.2266308935218344,1.2469857799988049,1.2815089110981936,1.2299733928690948,1.2676008646305414,1.2424251906012178,1.2736721078486875,1.2466896562082193,1.2147696956116414,1.2130175512872265
1.258531189139231,1.3264837971161292,1.3391507045518334,1.2814484847055507,1.201758607291283,1.314299633309812,1.3000963278638276,1.2516267791733726,1.1502803190636914,1.236033198023361,1.2482361226702907,1.1518381104173265,1.1372933850376912,1.1543059106022466,1.1829215669745037,1.1829622965095323,1.1638012170158847,1.1299926078791864,1.1416071754229502,1.1902335923075762,1.2029821523729367,1.1681557678472678,1.2195537406324237,1.2498164080227354,1.272239505960575,1.2272155777742813,1.2622770172369497,1.2507058288848265,1.2822823693700842,1.259848540773545,1.2083368442897908,1.220382101995661
1.258979081065293,1.319500188561778,1.3356769036549196,1.2702175139837943,1.190798222481996,1.3089033466513385,1.2857644900800678,1.2477862270060822,1.1517658858375976,1.2423037459703212,1.2522133596196083,1.148886890675093,1.140494764244666,1.1532897378297167,1.1708475177671533,1.1753773251035189,1.1561507730992218,1.130503021794715,1.1440194937914578,1.1685442619433697,1.1997880324252335,1.1732151921349172,1.2250908513779952,1.2311047587239938,1.2574913425941714,1.2407860459058102,1.260726799736346,1.2412745897213002,1.279616704361584,1.2411427759706133,1.2249602208792807,1.2119654011676042
1.2745588480923202,1.2963865371779408,1.32406318802554,1.250286588788782,1.1837113451734076,1.289267181265226,1.269482043248259,1.2517561170030462,1.1656307518485791,1.278884686986894,1.2492343094400096,1.1568727599312423,1.1405913001662724,1.1531935055827978,1.172043133754954,1.1715996763286638,1.1513880456375403,1.1322053306910236,1.1502905905965481,1.1755620858630305,1.2111464544432784,1.171116602128265,1.2380575863655776,1.2372085070708965,1.2681096665768907,1.2553846640586912,1.2621386653278985,1.244538915494682,1.2793154114288627,1.2334415867363844,1.2305967817523873,1.2269060597266468
1.2720078722447574,1.2793796347735247,1.3161863659826656,1.2434203644761674,1.1730383988475273,1.3071335313343084,1.259441695972997,1.2433626118518697,1.176814483286541,1.2855363137843268,1.2552375351904455,1.1729200724656637,1.1472852078725602,1.157677153004398,1.173290219844322,1.171780846814274,1.1486453074241136,1.147339982596714,1.1662461824120378,1.1854682584876586,1.2210439381214864,1.1926237273610887,1.2528174386750006,1.2502010033318205,1.2772271457074533,1.2710604431169372,1.2647289453600383,1.243484645850135,1.294024961952341,1.2491257301584255,1.2341735660723627,1.2418839834298525
1.261696573278215,1.2730356000204952,1.2968062184831577,1.2384562591486001,1.185548937436464,1.3027045149767649,1.2672357699370456,1.2391628675693813,1.1886189166631658,1.287876812806538,1.2692117919970454,1.1698610092164952,1.163277762700261,1.1547435061004414,1.1752972323178252,1.1869340122201455,1.1640945815781487,1.163711775197653,1.1757402849507685,1.184962822416839,1.2143701508246216,1.1945207992188096,1.2578981209757107,1.239308590850979,1.2647252023128142,1.265520344586572,1.2592316730956679,1.2289760313927578,1.2825145317885989,1.2444610657465323,1.2310383060423948,1.2514533959347796
1.279448791410976,1.2759216616293694,1.2854849238234394,1.2349743950700995,1.195107459668706,1.3171774476265503,1.2463665897320755,1.2391478235968911,1.203780062219037,1.290238531483613,1.2732192289632003,1.1919119078722336,1.1757191237909914,1.1634263445588393,1.177773379691922,1.1840834541722165,1.1624654795695342,1.1490323110817982,1.1588235237012725,1.1628596690303694,1.196134278421309,1.1894868809236445,1.2529054641356132,1.2417741849584667,1.26308305664818,1.2785497732448374,1.2663818839901273,1.225111721601324,1.274233645385809,1.247403560783513,1.2409260880639807,1.2519649368692445
1.2888318821992282,1.2847263707521048,1.2901425531294426,1.2416818728254766,1.187745065085213,1.3205539529139512,1.2582772359684604,1.2589238322811138,1.2258194265117253,1.316614119117323,1.2720679866309588,1.2022993215149285,1.196312437856095,1.1745520957243525,1.1890202012831628,1.1935765071637774,1.1717152450770936,1.1646977419302973,1.1678328062871965,1.1762999278994408,1.1988293513825823,1.2037373041422772,1.257691235898651,1.2396063960735615,1.269154608153479,1.2606037272190131,1.2473037794125614,1.2281742557879907,1.2942451895551659,1.2491847418759872,1.2421663059063275,1.2505651700191494
1.2710870091177773,1.3012117359526711,1.262251832361255,1.2175166607776375,1.1831232777490321,1.3132971992722962,1.256169654865043,1.2813363500189938,1.2034125565294642,1.3301992579899944,1.2616880932419419,1.1977036403296297,1.2017602694504679,1.168863270236744,1.1874860479086102,1.1994234479945554,1.1781640294962195,1.1651343155154716,1.1767867168671218,1.189666175179631,1.215429911647375,1.2143354223560696,1.2673806714349733,1.2590251438938913,1.2887778495122748,1.2569746378327251,1.2628880343251876,1.2388268015587516,1.2914866985776765,1.2564341609525123,1.2423070535648313,1.2683386244983936
1.2818390720467352,1.307099237564283,1.2640109446478154,1.21070350304959,1.1883410986488054,1.3236815178299979,1.2594995666845503,1.296169447499719,1.2301827148019844,1.3397753496697369,1.2608680504521523,1.2031098357795496,1.2157696119411991,1.1679965206667027,1.1837851179946524,1.2009908694053133,1.1770812531098538,1.1733786188300206,1.1876605860416873,1.1956368707101181,1.217730018561677,1.1953110930339863,1.2741158144071272,1.2556811738687637,1.2906503915050223,1.2698350458323238,1.2663305970137497,1.2381909439116217,1.3002237431998784,1.253890011675447,1.243917996689409,1.2609278294896145
1.2764282972810586,1.2896029936378772,1.2417551859321274,1.2097060331317928,1.1803166314884599,1.3286152488967502,1.2655530872280345,1.3086035832494227,1.1958572549041744,1.3347982717873748,1.2447264948133365,1.1803318020966078,1.21971648793363,1.1549592288012633,1.1800765640444282,1.2145304472255598,1.186497523640117,1.1802008269267605,1.18901825204742,1.206047583875775,1.2183533985890014,1.1910585205238962,1.2476346550092012,1.2628202071787742,1.270139204082813,1.253387083840271,1.2698851981442345,1.2360829540560792,1.2934191493349063,1.2454678789036753,1.2342833788309577,1.249699963719075
1.2560857858664976,1.292575557054374,1.2328492515502563,1.2006199314881083,1.1794525190199299,1.3174978476655284,1.2495786396668742,1.2820254351101328,1.2167130768463692,1.300092231371736,1.243054790105925,1.182524390883893,1.2243914028274758,1.14846591104406,1.1702570284980984,1.2006575019548402,1.1860917839418266,1.170571979881327,1.1828121894439674,1.1896391075467125,1.2091713865287095,1.1894325302938646,1.2489634991181566,1.2668358299798541,1.2733897868573607,1.2539732904048995,1.2666798538710464,1.2372793492723264,1.2889411900899674,1.2423226858789091,1.223455987486944,1.2378327398249347
1.2409540281579368,1.2947943320835422,1.2136508659467875,1.184956414487926,1.1731708576692514,1.3059179385416868,1.235688356526498,1.2746989419629626,1.1946701545719123,1.2821292348794167,1.2311444400507336,1.1668705329339029,1.2126358493178562,1.1419190467431077,1.1674055569701698,1.2080182715331185,1.2010749268245022,1.1863910892960203,1.1890337382339116,1.2104550333181414,1.2162150583255682,1.190199802299804,1.2672786391904691,1.2688018224404394,1.289533559966968,1.2456616115664638,1.2838226979056588,1.2471163774044542,1.2743489622144613,1.2428008500076708,1.2181042809760039,1.228872171642811
1.220286853686628,1.3043236609341509,1.2283665863369342,1.202316270986538,1.1641879767656136,1.3000146451659482,1.2467938943355688,1.2697250352809608,1.172921605679789,1.2636279106142128,1.2330358145229237,1.1620692304607818,1.203206349203616,1.1402311082827687,1.1633433070637322,1.2021538118051702,1.2098891352981869,1.184741467079769,1.1820620802500375,1.2033895138162907,1.2048008174340108,1.190758917075965,1.2540038112489447,1.255591289715629,1.270468263223952,1.234262717697863,1.2831405818237074,1.2398353759274563,1.2840952544128164,1.2503531298515531,1.202942953633471,1.2176984434722649
1.209936854169916,1.3084674996884544,1.221837906651592,1.1777649266776513,1.1705419772096723,1.2922326196910765,1.2413221192327228,1.2560193766075705,1.1645492376065363,1.2481824992460981,1.2138988952359135,1.16089385618876,1.1941011005945923,1.1494574461735716,1.167295820697173,1.2042299574506075,1.2124448985422893,1.1634350772735866,1.146276647481613,1.210454711877395,1.1954507022140222,1.1622196092185793,1.2464915770176785,1.259436105202989,1.2777136919084533,1.2341103859969016,1.2870522634990198,1.2418429330888963,1.298800285296723,1.251577451543115,1.2038259790201402,1.2048445049146992
1.2062977012153826,1.2967586356425076,1.2229400671852095,1.1934662260816322,1.1625862361194057,1.2721933861643828,1.2244237942086358,1.2413536627731598,1.1393777712576707,1.248982377465549,1.21357607621255,1.1420734295305324,1.179200379810079,1.132676182008601,1.1549722801387396,1.1906034450897072,1.2022479166314342,1.1589996308847694,1.1473612495590875,1.2174695428391955,1.2020973554755947,1.1554098824989663,1.232581612138603,1.2696525529616685,1.2676669674032301,1.2138880835733457,1.279958130168602,1.2523986837733243,1.303163227401705,1.2668543795764031,1.2040475023734856,1.1785449241738772
1.2061940897466965,1.294945541315109,1.2179031689486226,1.218936109664557,1.1650124481069224,1.2592438962769197,1.2255582104091207,1.2539331865694248,1.1489071870209007,1.2814983060459155,1.2292490774647722,1.1457680234335375,1.1695003618955844,1.128827222301461,1.1526232244456012,1.1938402232789063,1.1885923286574231,1.1518396776192452,1.1528018996134475,1.2268894181062604,1.2063622910206073,1.1715711081591518,1.2279563672056013,1.2771957456038077,1.263483578271376,1.2177059435225328,1.2981161827750787,1.2558231325709974,1.2888118193026117,1.2599704250160506,1.207091446383161,1.2012205147355868
1.205032757817602,1.2821483494469887,1.2248118327815702,1.213468291953182,1.1590929452744585,1.2882689612314293,1.229502955816868,1.2436038754904193,1.16440769579011,1.2639924923959414,1.2239107657350066,1.1615552264994675,1.1765650225281588,1.1407272588400301,1.1548368974100645,1.1897027250277308,1.18170891017812,1.144436709492277,1.137455050580729,1.2066957180753475,1.1917488765470001,1.1658714020318413,1.219226347447972,1.2525270262127552,1.2641477329581687,1.207421302565847,1.2801999404996696,1.2438062164467842,1.266730850112188,1.2664649798389997,1.1808389083882542,1.1809095656260082
1.2119341037552285,1.295781283127426,1.2347715039181577,1.2284425982496727,1.1802818995490276,1.318100114676847,1.233184000378609,1.22051739463329,1.1577861784084058,1.2550220722424756,1.2275884251124187,1.1658888577923463,1.1598744849709424,1.1537170434410862,1.1672581392920256,1.1914552888242842,1.1805057079884447,1.1435132637770644,1.1343185372505444,1.189545254366616,1.1814788124299869,1.1509895456089887,1.2102973518380458,1.2614025367765653,1.2617637399080017,1.2133256910860053,1.281017841240058,1.248976723189383,1.2719606807877786,1.2734497649359766,1.1995939135893323,1.176984755636112
1.207771098995469,1.2997525840965731,1.2269907873090806,1.228963709731781,1.1819929531808138,1.2987919441283142,1.2491942943724326,1.229679120740032,1.1558685298607994,1.2649818720849668,1.255829126080788,1.1646882745647889,1.1465164341033962,1.137613370755805,1.1496517661135848,1.1787091136926862,1.1779022794371592,1.1373568004072996,1.1301134344170913,1.1842915454881726,1.1791944583587701,1.1586131277513603,1.2011603433479245,1.2499550946921323,1.2407670426823836,1.2151010113918372,1.2613001092203897,1.254050374378141,1.2623561896669389,1.2698338667238571,1.197809504127941,1.1836942287610386
1.203927582913325,1.2937606640362855,1.2421019494526004,1.2281163365509384,1.1772991129381085,1.2857867959106106,1.231520278849448,1.2127344644623466,1.1609947474683402,1.2622806893546816,1.2395480650534818,1.1588239931630318,1.134686159181627,1.133434527551089,1.143447068075411,1.171629633842458,1.1774040287740053,1.1376498426582229,1.1257534620271379,1.1795618947949802,1.1662474377989243,1.1459266654191445,1.182648409671788,1.2296159649374432,1.2364822208697475,1.2044121631028526,1.267414852066258,1.2520813947194536,1.2569032943024856,1.27574270741054,1.1834405173758347,1.1916298851075728
1.2244815860037659,1.255208782606678,1.2636376265148446,1.2195728143843712,1.165457122367272,1.3055296987503404,1.2280453155738562,1.2236706493130716,1.1574828752056971,1.2708667599989913,1.2448739404457503,1.1686936082891632,1.139030579870734,1.1348296245796001,1.1519257785336534,1.1767062554552672,1.1670311156662057,1.131991232434904,1.1292986438963624,1.1789140220594363,1.1782938691893172,1.1678698669444505,1.1998067818001175,1.2497716118423283,1.2377003243545892,1.196451101908353,1.2517889010588992,1.2570799403215456,1.2535548306523356,1.2602936458155738,1.1666627956534645,1.1895707623452603
1.2282588388370346,1.270292331326975,1.2750694352199619,1.2580253465873121,1.174807549419638,1.3054737579477886,1.2400319564066544,1.2074607489368354,1.1607486972961718,1.256710500988491,1.2372339194411683,1.1697972876266984,1.1478511232674429,1.1434250246839217,1.1719090109058763,1.1841041437985165,1.164899991600482,1.119684257052333,1.1088489368163135,1.172417904475076,1.1643781197534546,1.1401197685190323,1.1680785646913474,1.2361784636693092,1.2113663448375176,1.1803974642303976,1.2309771132731628,1.2471409726238942,1.2492940378521105,1.2519566089624055,1.1815769366418798,1.1754776656200276
1.2343759895660362,1.269226715244605,1.275716902073868,1.2607403151743877,1.1698442605392685,1.3260003847750796,1.2397086278124514,1.2080955663126602,1.149614725005414,1.2496573356453247,1.2406513313254595,1.1652035824908893,1.1352563314666966,1.1393934629088518,1.1709497755598945,1.1784629017947084,1.153498918611181,1.0971944853037956,1.0942730159045688,1.1649676670426987,1.1568755142987321,1.1255410104770862,1.1613125742383104,1.238038482643077,1.2189171310983962,1.1804962406849009,1.236797706391456,1.2483008783336311,1.2394880766198133,1.2378297684679067,1.1769277831599414,1.1792737532479425
1.2529694200883337,1.2659799539425955,1.2669883264586665,1.2642946807142974,1.177060733453857,1.309669127368611,1.2411988666843228,1.2114386191877224,1.1436447860677375,1.2492148674055585,1.236990559172755,1.1578971182644522,1.130127847551152,1.1284137678479598,1.1714326669768282,1.1801529349575288,1.154410098985121,1.093672267756951,1.1019571363390126,1.1604377801721066,1.1562976881883784,1.13140447569407,1.1601488905001895,1.2432817070618507,1.2264835960124385,1.1803187529850439,1.2340593547143563,1.2466227180787233,1.2241539317570802,1.242008214101087,1.1836669750605906,1.178477365246771
1.2400757310177168,1.2767752193158484,1.255028441362014,1.264003409734454,1.1770162043916825,1.302698476361929,1.2344161954625792,1.2167548925054987,1.1472484667392535,1.2297995833629645,1.2259834888839771,1.1490239116280725,1.1295388937843394,1.1303277964782044,1.1826232278578959,1.1832275227048759,1.156377472024769,1.0972594972265208,1.1059727573424973,1.1597408581278983,1.1513078903733638,1.1360198709241458,1.1616482942274728,1.229963584206162,1.2208955383385451,1.1861137629536906,1.214089246475395,1.2312309100179744,1.2147192148211763,1.234720113308106,1.1730991087227087,1.1787426036986342
1.257437791871691,1.2703537856704923,1.236288384877955,1.2435458872240106,1.1872427189519819,1.2983588858307622,1.2200314999384523,1.199530133124565,1.149694790983981,1.2077296088291707,1.2146408469273187,1.1549814364519182,1.1488620204985582,1.150454201406738,1.2036382205568479,1.1882541151145116,1.1579125832443218,1.117899385532741,1.1330898616979066,1.1979934904937946,1.1880724239396576,1.1491725164260116,1.1831722643874099,1.2580780990859384,1.2501632256688924,1.2007396069654845,1.2227476978405925,1.2541511705825956,1.2249202263828343,1.2429974878144538,1.1904984802629537,1.1850791227395392
1.2456349705810092,1.2786085099432123,1.2450116575493473,1.2444251654432843,1.2055486749103168,1.292000172509482,1.249847929829792,1.1963129435895046,1.150287348520065,1.2070176081058772,1.218613473645059,1.1549126131777097,1.144037920790084,1.146944522568334,1.2046754620663735,1.185411845303449,1.1585038553024554,1.1179670613584622,1.1294895552772783,1.1918858979107638,1.1782235273777062,1.1469374116345858,1.1630233308412676,1.2566506747927344,1.2182450965252458,1.1932362365787264,1.2112419855738092,1.2321621378575167,1.2162355621819652,1.2346512658757578,1.193288807450998,1.1786360345478697
1.2326840501740572,1.2690600738794566,1.2479847763563978,1.2246560066828596,1.1745510867391564,1.2897146714713759,1.2476507010487585,1.197642020522184,1.1691499424529295,1.2083990175918298,1.2308833619886135,1.1646894535485879,1.1518476339256678,1.1590512579629768,1.2193946764530204,1.1997705712941449,1.1666947174182334,1.1165016202677107,1.1246815376844037,1.1899014595876956,1.1865850076730144,1.1416087692883707,1.165507844770326,1.252882898893463,1.2342984046595828,1.1866887114218867,1.217404803968229,1.2301036363525766,1.2216794202555088,1.2345251521720624,1.175844133876609,1.1739854806018437
1.2531476467775908,1.263111500624703,1.2604811655739512,1.2392158247196008,1.1975354188210048,1.3068249595401262,1.230341932057025,1.1757206901486932,1.1582391149272717,1.1870752978081387,1.2058820372515309,1.1551447710171652,1.1456617354142709,1.1611289163128187,1.22541163254431,1.199030085130969,1.163740469973319,1.121217996359818,1.1331100694243597,1.2052039433454602,1.196897984415297,1.1431779227302272,1.1777335953761914,1.2651872057469564,1.2514733426960427,1.1955210288034954,1.2335141543356034,1.2446525410232891,1.213120367049913,1.2404916991049133,1.1971173872508543,1.1767090726272798
1.2790476790198106,1.257771754160541,1.2731051346866564,1.2590078275751015,1.1958230344283596,1.3072959019371093,1.2380564455988707,1.179122434714407,1.1538057684321794,1.192413403100762,1.2245598715332695,1.1596786361038076,1.1463586587232697,1.1712669579390422,1.234429891820525,1.2060134350677856,1.1738328360478305,1.130996557343465,1.147169049621003,1.2313357624375967,1.2069752056552723,1.1412045715083539,1.1764834033847202,1.2654697675499018,1.241028768360219,1.202608660451162,1.2245293558325712,1.2385117980677591,1.2220934576808373,1.2387127329150343,1.2010543848485886,1.1729620849904752
1.2855262392097724,1.2870383644784613,1.247139522844307,1.2629084384381182,1.2215902001845411,1.2667411860070945,1.227061351966346,1.189349711034246,1.1629859316080307,1.17777694172295,1.2064138946311724,1.1638718607272838,1.1470700462645196,1.1802116991994265,1.2388942767909825,1.2188876843414957,1.1894358638633586,1.132908450277261,1.1444326527879276,1.2180877504059635,1.1998798692451764,1.14221025479922,1.1843760266978274,1.258054006984374,1.266194193521943,1.2174161397654464,1.2316342476821671,1.2326516430562164,1.2501876232074243,1.2437626219083622,1.2216313227274442,1.1728634095117774
1.3056831325966864,1.2906941014258608,1.2820184194015154,1.2677473584270575,1.227061742076035,1.2780228498640407,1.2183873029826167,1.1938563763337828,1.1604389314503931,1.1679360643858816,1.2112460565515213,1.1579906642305091,1.1575659935271292,1.1673338615614766,1.220038328192024,1.2118864346122518,1.189583977691862,1.1535201673528623,1.165463395536342,1.2084878419785106,1.1947885055487006,1.153786105660155,1.1777948220514198,1.2420483361308066,1.2412402670132727,1.2081110884293547,1.2395684515387124,1.2244064072698853,1.2479404211183844,1.2711258674542176,1.2163327692782049,1.1847354586032501
1.307727098889696,1.279496725923888,1.2899718615916917,1.2318912244315876,1.2116169390832219,1.274174504277982,1.217646073883271,1.216531414291344,1.163374286735904,1.177789412961094,1.200293332069334,1.1548954866442007,1.1581660055463179,1.1779156930696693,1.2319461970179875,1.2228032612757618,1.199066799951907,1.1566793416024315,1.167456472479967,1.2080756911378445,1.202243529120223,1.1645838263751942,1.1917582336944514,1.2351789108529483,1.260955217546169,1.2335611705173324,1.2396819273848703,1.2233864301629733,1.2193832570966303,1.2490664003483,1.2012147660648809,1.1878755924853948
1.3020382911389534,1.2957750660460745,1.2821903300377124,1.2353670206154408,1.2208391921188673,1.2710630471523765,1.2071610271797155,1.217840933639204,1.1696503257606878,1.1912684066681387,1.2025722496133666,1.1675339428935367,1.1671080734331833,1.1869923673567588,1.237394634339112,1.2289554991529417,1.2064772585105896,1.166205169926702,1.166336347557127,1.2107446033116764,1.1989606172938485,1.1578559601180536,1.1964582684730334,1.2377645904653678,1.2584828831360886,1.2355830465229503,1.2324280671465357,1.2293342943865568,1.2312896741620234,1.2556279370913823,1.2024640433717493,1.1888041611429843
1.2999755809275069,1.294053960252398,1.289086472098515,1.2371758682576814,1.2201155079700166,1.2881181931270922,1.2119830375868772,1.232858719080087,1.1706165970076947,1.1813213882749325,1.1918865106292977,1.1605748780856102,1.1635696524127297,1.1737040917158899,1.2123293732790932,1.21081394287358,1.1998948207000175,1.1570870173096786,1.1674672111629905,1.2107427910124515,1.1994511349828534,1.162322529058077,1.1951642758876686,1.2431357995339447,1.258814166894137,1.2162431894934522,1.2344499776884226,1.2279591483280097,1.248672676106699,1.249893276035365,1.2073664331505891,1.1760460408577065
1.3089140773748895,1.2693105421067328,1.2808302126136473,1.2462108964177867,1.2046974270827495,1.2877706657632642,1.2061905205129226,1.2326995945620707,1.170384502946409,1.1901173045223636,1.1739631135755173,1.1622938451785716,1.1644936770484604,1.1776810708762615,1.2190857374911008,1.2268628251020088,1.2163447936529497,1.1612398987380057,1.1516380925960843,1.1864845039839662,1.1772702115123426,1.1521722124667237,1.169856236174631,1.215140516304817,1.2401796251789687,1.204575295023034,1.231032602207074,1.2089390569887606,1.2480046649137646,1.2493836719548352,1.1956301629919155,1.182833822609129
1.3188477654165782,1.2744836847026355,1.289926509338753,1.2623364758374418,1.197726737054991,1.2744872933197804,1.2067572989927882,1.2469518425723496,1.1822318426158782,1.1871373775484158,1.1610321136941033,1.1665835683587389,1.181928639355098,1.184369923236537,1.2220846813913064,1.2352097559891007,1.2222947969272344,1.1664011178665392,1.164059927694429,1.1875637195788034,1.1904194138789808,1.1767494993599497,1.198148800794749,1.2125874661160165,1.253081693584378,1.2203369934384214,1.2463878545372717,1.2138904028281816,1.262656214865374,1.2419507171812714,1.2050078942219897,1.1967986453403365
1.3280218939590716,1.2643401544128208,1.2779463818773928,1.2672543829023295,1.1828625563857762,1.2646293939288669,1.202577172727777,1.254895293741469,1.1619879110838485,1.1928636128486638,1.159369253657628,1.154056699287591,1.1655114013027081,1.1725802016376812,1.2144396445090355,1.2277151847229755,1.2172938767924961,1.1696491981941222,1.1728157465185522,1.2022657192109725,1.1976272084121502,1.1788028217204516,1.1955505307490608,1.2125888304487644,1.2396474220713256,1.2079300487598923,1.2525661711096308,1.2098228406685936,1.2541609227752972,1.2282732971987487,1.1946672685848734,1.180416828893653
1.3420949438418883,1.2699555574955659,1.2804801337284897,1.2679248742320683,1.177132268896576,1.2607729831655408,1.207971027439248,1.2623726551167125,1.1641691267784744,1.2045719096235425,1.1701818307740952,1.1601963468460046,1.1677663531521212,1.179917481962309,1.2207651466970597,1.2388985836233775,1.219622200016772,1.1730903327329487,1.177591761622244,1.2094434522026416,1.2089357022342728,1.186370576180379,1.2076814082281981,1.2244212472739728,1.2536684017396058,1.213970762151124,1.2539544190853236,1.2232988263219249,1.2585380960901142,1.2426313094817285,1.196672173068936,1.1867791846720335
1.3265539598054077,1.2778382993440263,1.2782707201120966,1.2523894640344206,1.1884522359672918,1.251711192108559,1.2218396315009148,1.2544069743163813,1.1639468071457206,1.2050964274999023,1.1888033712613129,1.1628651617738561,1.1719077593888154,1.1785929290563621,1.2063917457091926,1.2130802741075994,1.2009831240267599,1.171431522863923,1.1805461476688413,1.2119657068466283,1.2107016540463875,1.1994137317631965,1.20585344436537,1.229358335292529,1.2451979179932848,1.2026135070794755,1.2569188050044091,1.2276420291260373,1.2617862703694427,1.241237048376339,1.2016560143088162,1.1740378576492094
1.319724070200096,1.2694100452863541,1.2797107590738181,1.2610828505355067,1.1815687290738006,1.2651582997493487,1.242218055218174,1.2594232833169388,1.1682982336646015,1.2239861268336407,1.2119651456517573,1.1637915661371259,1.1710587328056947,1.1845244020829844,1.2063266447463137,1.207739102695876,1.1913639048826545,1.166437023634105,1.179392420504104,1.2102434140508231,1.2134530663919798,1.1882984526102898,1.192286023875067,1.2243441576621423,1.2519445304017611,1.1937093588818217,1.2556390724076794,1.2469556126992811,1.2690517825052867,1.2519633395814944,1.1942528836148778,1.186544595404082
1.3163036583803758,1.2747245866150325,1.2416715582440585,1.2634809131811593,1.1790988695888611,1.2900699920462149,1.2485807015211843,1.2813281336326778,1.1715129490989435,1.2623830124150384,1.2145588438791322,1.1721905063986218,1.1708582527358673,1.1832312884303624,1.2023842518079282,1.2024863125895946,1.1934502375245175,1.1733505889372708,1.1864804606368677,1.2197690879672707,1.2227793060992571,1.1958968540422468,1.2123836541528625,1.2355195136553405,1.2489397622628349,1.191153585592311,1.2423388493238432,1.2382129185572803,1.2715133984571556,1.221275944028338,1.1984439072869564,1.1912557257054306
1.2881509654840275,1.292155597636666,1.2369157169731888,1.2699507691305323,1.2064375991056064,1.291552312029911,1.242467023973455,1.249566008409579,1.1960697269017142,1.2492086756780072,1.2272470991605577,1.1964659007198655,1.1835345458134505,1.2044216135646444,1.2151112110625535,1.2015408988251384,1.1958795994535545,1.180472473046273,1.196023760394761,1.2360061829758686,1.2314037711382442,1.196518417868591,1.2140816071630616,1.2463011912914004,1.2401049161305813,1.1975918512102879,1.2495937479183057,1.2467392542055575,1.2603156947078478,1.2407194639220382,1.2069552433953696,1.1905564053236002
1.3038344541515372,1.283620931527177,1.2430999843743473,1.2540227187675705,1.19268983336853,1.3003553283312637,1.267788044339368,1.255378650769299,1.1885086056938625,1.2569667372435545,1.2290937804762658,1.2033842611874412,1.1761993417038288,1.2068828647085337,1.2163345320477548,1.2041460716829948,1.2007383215555545,1.1799191708367858,1.1916491981223145,1.2403229442618722,1.2277629617195267,1.187372025693891,1.2067631299902384,1.2502878767872012,1.2532158848276171,1.2061429246835231,1.2633068556053904,1.2418724031290167,1.2802418455954954,1.230282838991604,1.2034394123154297,1.1936782822286334
1.3148646581472283,1.27673306485648,1.257646287163229,1.2472304140973125,1.1896767444836225,1.2783701074381184,1.2595152258946278,1.2387590264343087,1.167468832719273,1.2452500023760713,1.2147809644667218,1.178859904250503,1.1744586940158843,1.1924680631374684,1.2216021860275137,1.2126726501221714,1.216119649662157,1.1834619029470688,1.2012119067424394,1.2384480113787124,1.2269126829528831,1.1913073122196522,1.2100035843569603,1.2434407589239689,1.2557480674858303,1.2220133832857152,1.284989167163345,1.2486815185545206,1.2727816673185304,1.2280195253371136,1.224831668675396,1.1931117097278592
1.3014757930081435,1.2769403020150205,1.268879250622691,1.2299676371576849,1.195517299141032,1.2853016345852877,1.284852346407746,1.2483502372106527,1.1667924949158437,1.2518825077518647,1.2460453682157195,1.1895044320035322,1.1662374536418976,1.192720555945737,1.223954639180627,1.2077569977105052,1.2087321489555125,1.16627152865317,1.1973586272347672,1.2375031116482986,1.2294957923582854,1.1799328251485266,1.2119021722682792,1.2560895145216207,1.2576913965532701,1.2121221867614957,1.276243669667314,1.2694573054213403,1.2662378963617456,1.247662190450666,1.2069951651222104,1.2007236606509395
1.3212915482405125,1.281494565392499,1.2694970416668492,1.2142385289295838,1.205970609307993,1.2789879414661465,1.2935648107182995,1.247791488818505,1.1825317682933485,1.2722635178979225,1.2674560448332046,1.2033531805391349,1.154502765406368,1.1965689165179376,1.2251009670548318,1.2099703581962387,1.212979645865505,1.1580706565361567,1.182666821720589,1.2259021802771453,1.2129717815448202,1.1829784296762902,1.2041533205632013,1.258258803149517,1.2586352341936757,1.2474460997476173,1.2920654609083175,1.2703814342495412,1.2827436032659554,1.2470739728904916,1.2403421137353023,1.2158828802663766
1.3236555506449648,1.302096954973908,1.2909651473803039,1.2213210273369142,1.2049912315864941,1.2976347558512844,1.3071887566854314,1.251712797679395,1.2000841850167645,1.2885148882851416,1.2787935516037223,1.2112015612728715,1.1499055067776691,1.204022848040272,1.222047962358565,1.2100831402779935,1.2214723531229874,1.1611005115198276,1.1834191795714923,1.2219988451089565,1.212817858598881,1.18568354934438,1.2145395817942761,1.2610079251560737,1.2651982506559847,1.2571854784813223,1.2869025896035489,1.2665906012951065,1.284964588219023,1.2540115519570034,1.2436605178732079,1.2330146988424104
1.3068049910916635,1.2865182666830661,1.271597422022651,1.2302811235814808,1.201124233175392,1.3138985911395964,1.3005221532840632,1.2372692139693728,1.1769032378347044,1.2613799984686498,1.2579185630991234,1.19623750758951,1.1500045515174313,1.1875528393754915,1.2114700567290433,1.2130324723658268,1.2341204431844162,1.1657587038420505,1.176849660863649,1.2114648586424124,1.1902614973210852,1.181558726615414,1.1900807908078983,1.230716223859003,1.2442612570193043,1.2373446443944638,1.2813886085301223,1.2505646389283007,1.2891267747331385,1.2358266245358884,1.2263599570114432,1.2196789277770348
1.2882806945545324,1.2831733756320625,1.2693075779698237,1.233630073552849,1.1932744897306562,1.3088501031190032,1.2933011047044454,1.2509862251358883,1.1950961917035532,1.2822241994711896,1.2532636561940096,1.2079823762276694,1.1511557542935773,1.1940520253787528,1.2257278499608888,1.2374098606469883,1.2613697233653718,1.174582990871453,1.1773541893667954,1.2243343479523086,1.1970930310185013,1.181168965047126,1.1954538926497729,1.2431362997487825,1.2415858105686692,1.2366713347862495,1.263181238430133,1.2458829497243027,1.2945796231833853,1.2370166320845306,1.2373930768245853,1.2243282802876718
1.3006984573573106,1.2706039204162713,1.2839518997905683,1.2518235828131496,1.2009901221407497,1.3049506328354408,1.2963476010945345,1.2449622937763198,1.1910693608251468,1.2712126215435693,1.240943641754569,1.2001653213997392,1.1527344501453118,1.1915710318048525,1.2222456863729805,1.224104621110239,1.2458449911518565,1.166807138542735,1.1688963581112761,1.2196641365418284,1.19672434297356,1.1794189718397545,1.2036145230153956,1.2438922357964217,1.2462052325573618,1.2470290334835568,1.2792910728324474,1.2361355183112481,1.3104541787136643,1.231715097944877,1.2548555306647178,1.240228531336404
1.2855629838181388,1.2568121289071312,1.2860676077245097,1.2372334392768436,1.1852586168621033,1.2893909828066126,1.3128708942153637,1.225005455806486,1.1782320924688792,1.270765924876636,1.2528370089413512,1.195267619659696,1.146383586459535,1.1836591405839343,1.2167705503319817,1.220034760836725,1.2435152764635802,1.1571455468530634,1.1722244279680594,1.2166803643763195,1.1941690107792973,1.1845732436941452,1.2023815622317033,1.2380436183151926,1.2434757178013405,1.2659831579093652,1.289972658853305,1.2348748852248579,1.3212216656165725,1.2418059374823087,1.2561779822417243,1.242724487212041
1.293942766899003,1.2524195298890715,1.2921261828625783,1.236692340422901,1.1805419204697345,1.2932532364388238,1.3033310811300463,1.214192575960533,1.170816302476727,1.2547087640945715,1.2397495297683883,1.1756863029651008,1.1384448345252378,1.1659969815927123,1.1961917478914588,1.2024302536518947,1.2170223958709379,1.1326392215775491,1.1485292860761995,1.1829702967464322,1.1714910631302784,1.1747218398303874,1.1909279974657996,1.217359531386409,1.2246446772663726,1.2493633133296367,1.2680911872375091,1.2142834484821072,1.308815683564867,1.2190836217617607,1.2360463145909373,1.2391255947596347
1.2914080418770517,1.2544425325801667,1.2866588337452838,1.2497969921425043,1.18362076064061,1.3050012056511244,1.279870650765115,1.223104156452831,1.1874483563287228,1.2578827055993713,1.2410145095529792,1.1762869837680816,1.147858468080124,1.166653603117069,1.198945934672949,1.210333521191808,1.218336396392337,1.1469147863156408,1.153863307211065,1.1856005276815924,1.1821431848146253,1.173912180352481,1.189270116373025,1.2208160526037817,1.2204352354574761,1.2410181577671862,1.2623073365208912,1.2120403899810186,1.3082173738018739,1.2164235178090415,1.2410321517950142,1.2374217708823805
1.2875634537951044,1.2565623585529995,1.2688994942795393,1.2397052695392337,1.190441759823282,1.3038615607003674,1.271861108567507,1.2097837962185742,1.1928005175897887,1.246035547569807,1.2491170166602288,1.1857734232046102,1.1378607450036855,1.1680006485239163,1.1893264215459347,1.1918015589302644,1.1905465672465922,1.1336954426989756,1.1446423196181097,1.2029044745005533,1.1894809540568456,1.169985131077726,1.187590906401853,1.2502562103027488,1.2250034978478632,1.2386644434151444,1.26156209395522,1.2091680837717949,1.284168430964531,1.2236620963590448,1.2329645978372228,1.2308936972915578
1.2898049980550899,1.2420982316485483,1.246109527324471,1.2303415534334328,1.1678523104749796,1.2940209063240482,1.26043039063066,1.2162855608547032,1.1956250089929514,1.2689451581919569,1.254974068657463,1.200467555145588,1.1385390739861503,1.1876122584886797,1.205350202020215,1.2066962962309535,1.197557655494585,1.143838507225787,1.147740462650723,1.215778686986406,1.1971080454943201,1.1751599659311847,1.1942278916772175,1.2553275265111616,1.2299317016010682,1.2518571935598306,1.260865052110271,1.2178739147183186,1.2995207372100193,1.221311613513233,1.2230345103609392,1.247555608591335
1.2632258985224376,1.2398278078349734,1.2521267239402984,1.21673000714397,1.1783020647995948,1.2743965434240434,1.2835773468869647,1.20526839475454,1.1949717872563412,1.2327284483627035,1.2479772306181873,1.1876005583992855,1.146508411315295,1.1794581220350366,1.2016598818940598,1.2140101234456269,1.199088802922499,1.143059205315026,1.1479740266697105,1.2133431303714353,1.186562608925647,1.161664579723683,1.1862800646242435,1.2387538240590612,1.2173290908157792,1.2249322828822675,1.2649976333838389,1.194187353642088,1.2817722491696233,1.221996215525962,1.2068432616806537,1.2151129932995215
1.273672487680047,1.2645263310321189,1.2618128285010326,1.2160296077954078,1.184624281086994,1.251902057213891,1.2863612394120352,1.1907759656125287,1.1870829890667818,1.2317308856095817,1.257157194392903,1.2005580168622019,1.14855534635924,1.1817302734925774,1.202359082275851,1.2076073471586486,1.1886902589769255,1.141167647522471,1.1414877501472678,1.2187777601121834,1.2006590618630055,1.1642578479233454,1.202635478472957,1.2462799550113108,1.2225138497188561,1.2374808621915632,1.2647109544857038,1.1962477885848966,1.2903089105403662,1.2217713986920888,1.2230255763274536,1.2192417803697542
1.2489413749275189,1.245074578261479,1.254719845049231,1.2082508474413187,1.183294498557045,1.2465293635199828,1.264166780553503,1.1999547369886072,1.180222708556514,1.2612300100048508,1.271467731903857,1.2096723256710618,1.1400064301241424,1.185687571146489,1.2034679703148614,1.2061989128594612,1.1863915527826614,1.1285600718426916,1.1443923180542779,1.2362391572404001,1.2157648301369786,1.15325042576051,1.2170661125208377,1.2551901632397497,1.2362017843875384,1.2398548769295406,1.2627712672796456,1.1997467763767227,1.3013746341116235,1.2410504934720608,1.2427532573484588,1.2097040779512394
1.2618495559785963,1.26585810244647,1.24806981088156,1.2012407063578403,1.1799886485486497,1.2501080944166754,1.2664167720823178,1.2125083895598945,1.1846061738603901,1.249683262676653,1.2714101874312869,1.1978684753319668,1.142162141685585,1.1768602980190201,1.2000996701507036,1.201835690175063,1.179965648148027,1.1348218828670176,1.1467149981381504,1.2386467966642665,1.2061094613250718,1.1460018094888964,1.2059808338968196,1.2510824902524489,1.2325718231593934,1.2327767870439843,1.268781315280409,1.2021568628858215,1.2825906049800881,1.2419724562539916,1.2228723746987074,1.2072667326946143
1.2745457816199712,1.2830140974747886,1.261482313309738,1.191918436820243,1.1835171985721307,1.245134538772065,1.2756838446299668,1.2078040562493013,1.1875149463144712,1.2545043576789006,1.2889691432412531,1.2207413282875084,1.161718410111466,1.2052496599175777,1.2289136803182317,1.2300016216489214,1.2005385407666194,1.1549210520586928,1.1660520301801884,1.2468761673166886,1.2141352590096741,1.168446837221165,1.2131018454734066,1.2544979147465605,1.2654066008868248,1.2215640306279822,1.2398671581687788,1.2153600333716983,1.297378046273071,1.2563515359689437,1.216911298468392,1.193913181170398
1.2767760829946317,1.2868713561561915,1.2519886482268543,1.2091131835068327,1.1993673722131384,1.2552704387769036,1.2587285957907555,1.2161619196216362,1.1845462104831157,1.2469672137977788,1.268556188797783,1.2093170540153726,1.1505879842241458,1.2030435593951398,1.2312175096398876,1.2249738087543436,1.1928330772685358,1.1443130033394737,1.1595421257139908,1.2486255093705632,1.2171768186668621,1.159016270509856,1.1974214401677348,1.2553430794748524,1.2532731261435452,1.2214678282098488,1.253207086564192,1.216165122990477,1.3025392333820904,1.261382394064185,1.2420773738961488,1.2014900549107173
1.2922758904461185,1.2965393486950987,1.2491854377132083,1.2037740070472025,1.2009308670539802,1.2423106189191742,1.2783333191648494,1.2162600868167641,1.1965451050115823,1.2509150314913415,1.3017001789115878,1.2320632909601354,1.1767567670444978,1.2231751161468414,1.2486719347511799,1.2280147823818985,1.1964873688909747,1.1699016608162238,1.1857032229444837,1.2583488556238605,1.230936221134829,1.1874958352713323,1.224611274514893,1.2620078300043587,1.2812581638623632,1.2284530268730371,1.2561925544863894,1.226931520599092,1.3068893726747048,1.2703762069841211,1.2373284718042847,1.200189591226049
1.2547025460892092,1.3106517126306956,1.2388045113980584,1.2010832549820913,1.1985143640815918,1.2385246010012634,1.2759295377169406,1.2431463867679367,1.2054869451163148,1.2563792121590374,1.3089572426473095,1.2290018528185929,1.1743552440074563,1.2216262541703122,1.254253123229771,1.2328120853462012,1.2001126414688856,1.1646449975303252,1.1742055307420047,1.2543700317510236,1.2197985210785982,1.1730968698987458,1.2022894438314784,1.2633708108076709,1.273290706251777,1.216234711901653,1.250875877383655,1.2168383443364033,1.3107910305672856,1.274079723111842,1.2346150470576798,1.2119303151292742
1.233259331728383,1.3005691558330128,1.245230687684852,1.2057536850441148,1.2006291861204648,1.2255200374797333,1.2982593100901012,1.2142759047922467,1.2119210116458587,1.247817874502744,1.2994816454747484,1.2238441835321225,1.1794593882276638,1.2256379880051942,1.2653944913563833,1.2584702528868859,1.2311319126495675,1.1758050674801583,1.1771840535339586,1.2398394814404217,1.2053210028026968,1.1614140700194266,1.194176915749084,1.237908753835495,1.2687479807018534,1.2182619902136658,1.2433510302911477,1.2152074961056365,1.3021312145707449,1.2508796201396282,1.2323189842960447,1.2036687279846254
1.2427130372354023,1.3022416284449807,1.248513286742755,1.2362120283388867,1.2055388840216665,1.2516226972681859,1.3043211553764946,1.2180524396484975,1.2064557494481105,1.2397940027292464,1.2968930643053387,1.2301299539028454,1.1877196524852407,1.228763660876003,1.269000686240152,1.2613935871011115,1.2386186318798975,1.1921975472133521,1.194640974296775,1.2479161090183932,1.2065758025155406,1.1774060671449857,1.1997212760699767,1.2300435693070844,1.265433180917264,1.207374782516568,1.236584087127411,1.209548473413518,1.3153021548490527,1.261003479220237,1.236610141161107,1.2115130688744826
1.2570136603438826,1.3107844970144562,1.2508204553706153,1.2505299549083562,1.2116458389813731,1.269559461254153,1.2919513619524445,1.210081095758545,1.212430151110462,1.2376177517501425,1.2798400867594448,1.232358242548737,1.1800161775399105,1.2382544617788858,1.2765648636598053,1.2534542766603405,1.2239419357192691,1.1872172427394974,1.1851385536639136,1.2346666869739733,1.1987442328838898,1.1592197301783789,1.1825602069339398,1.2356631049476525,1.2603970340351323,1.1939402692378982,1.230226678367492,1.2259950310646004,1.3159849570130855,1.26444976743038,1.240932422034398,1.192677664283162
1.2616264079301744,1.2989947838251639,1.2446307413152462,1.2484577041525955,1.2186252595046523,1.2682440222233202,1.2732993707612283,1.1991276420534522,1.2044480811372582,1.2271948944597089,1.2664723438820829,1.2088142804977082,1.1784957396627922,1.230076823852137,1.2742684672654876,1.2662366512393795,1.2330411105394352,1.186430330364982,1.1777684109967554,1.2237305238065592,1.1996461166911654,1.1608668571113772,1.1823859316993406,1.2400745143017802,1.2685255606848662,1.2012030461369767,1.2371896374428955,1.2260430346114675,1.3143211059969155,1.2450493299806011,1.2323656330463233,1.1910563260366105
1.2935864328699958,1.280563825599847,1.2322989505065154,1.2480041806861508,1.2055565652101465,1.25296514345497,1.2680684304123186,1.1906483587911307,1.2095352058084607,1.1983110724895267,1.2429083272151586,1.184850607898687,1.2009438748796109,1.2248373220038449,1.2805836181457073,1.267970672513414,1.239025829575295,1.2086388960990857,1.1860224405407156,1.2160333732748316,1.1953470896428038,1.1666038192109798,1.1879296552457197,1.2375807898635165,1.270733179064638,1.1973223521478162,1.2426252961824298,1.2465115003792777,1.319646514498583,1.2406935708196323,1.209511375674546,1.1841170561950627
1.2804436875254186,1.2983361290160098,1.2493634459367124,1.256269472509356,1.2104417257255167,1.2513603543365261,1.251212277165914,1.1847806079574392,1.1966164311354437,1.1942960487279597,1.233772734119184,1.1802201712065234,1.1849585055083,1.216520355435994,1.2632731477333816,1.248846632646353,1.2243339439104033,1.1961812638190172,1.1754565100114762,1.216233948281336,1.2062163035003954,1.1572513013764174,1.1887612348842729,1.2380454121045052,1.271139949031216,1.1888507643147024,1.2388437107942674,1.2534408946240774,1.321714230861796,1.233167282815171,1.2088540098346798,1.1929315630104187
1.2858657418763357,1.306029574750212,1.2591137152878833,1.2636116315904977,1.2281719773204416,1.2521437351796478,1.2600488282352236,1.1682671583495134,1.1863046510836173,1.178617048015146,1.2427831261922324,1.1694792868724342,1.1894774509034307,1.2087391254239133,1.2553819210133426,1.2437483911783525,1.2236495689454423,1.1962588610119544,1.1952027100109164,1.2268259648449131,1.223159494643813,1.1752248821386053,1.215189428538407,1.2465788071073023,1.2827890776781228,1.2245931513977146,1.281201639141673,1.253022667890723,1.33655309854665,1.2185509022710141,1.2365320803233284,1.186918599473041
1.288686881172982,1.2978579940256116,1.2804006739059837,1.280269095341919,1.2215992071266168,1.2755391427495781,1.2670216872156421,1.1683754962519048,1.1972455026384785,1.1941498217191557,1.2511601940371369,1.1827784766244969,1.1889874289278495,1.2016242768326668,1.2393985988813134,1.2368313656978223,1.2246329741644741,1.204414564621133,1.2034672997220066,1.2226037378791785,1.219845193969653,1.1778500290657594,1.2014156589602498,1.2413543249004484,1.27139138802275,1.207592227867234,1.2667021336550914,1.2491403786552746,1.3431444779435526,1.2436307594024147,1.2354596435429488,1.1883469153163777
1.2970304651961302,1.2807002360613378,1.3053752362200435,1.2827527009401876,1.2365109620310661,1.2523833888933478,1.236162651288783,1.1650290988302705,1.1776083222801375,1.187496236814947,1.2063538522114061,1.1523448807420542,1.1872245382551145,1.1809100745010186,1.2184786883343168,1.223344068100682,1.2164553356722951,1.2001176019584139,1.2157149361913349,1.2296231024883006,1.2251646090003618,1.196122443380743,1.2214709210739183,1.2488681741157726,1.2744098597548574,1.2140472658896175,1.2798455062240162,1.2653734624352748,1.349935034895832,1.260844597734664,1.2417732500105725,1.1836271992184804
1.3014457552725027,1.280732242106686,1.3136598111379527,1.2947527316662413,1.260338972735259,1.2746636287058237,1.2632856727061255,1.1814489650984692,1.1790533839587014,1.2115994546117255,1.2348347891086937,1.1665650311914335,1.184237731260639,1.1945663170196363,1.2307178083103594,1.2273758150006426,1.2153300500006383,1.1877081398001086,1.1965500387524175,1.215942505896496,1.210355848028748,1.1909121818595014,1.2077012630112558,1.2433624938036951,1.2633877929275017,1.2234033355837075,1.2621834086162487,1.2510466048067115,1.3569137460113905,1.264302903892716,1.2527910676221268,1.1884975084305802
1.298659911917869,1.279069709582081,1.3103001290718939,1.281435235192719,1.2535284686759902,1.298306153251272,1.245062025341095,1.2121891351910623,1.1677043369994606,1.2151261855317061,1.2142084507680622,1.1537036950180966,1.1742992559059096,1.166638351479804,1.2076992621837264,1.2065860396725012,1.2027051009471448,1.189894585285142,1.2050213159863674,1.2399835124939296,1.2256366531254288,1.1924623570091972,1.2176570237365496,1.2690219757524996,1.2757564995010788,1.2345930718504134,1.2546833960053783,1.262419609807542,1.3669121832164095,1.2529427547475707,1.2431904907836284,1.1988291730040324
1.314654460870185,1.2704359665200207,1.2860932463217802,1.2749473650976775,1.2461980237252206,1.2847029658018938,1.237927696248815,1.1873545193458126,1.1715577099366856,1.2115736228410217,1.213393033234885,1.1535112780528272,1.1805402426554588,1.1675009687172042,1.2113111090071866,1.2109697927266283,1.201820735565019,1.1807099849767295,1.2006644404549853,1.2383484406621048,1.2226765614676187,1.203261902430061,1.2464578091412397,1.260989143349377,1.2886543816620466,1.2617929345052825,1.2693368881315594,1.2589449516386655,1.3637893935058316,1.250050289484041,1.250156324432734,1.2094755447760346
1.310167677690402,1.275855064249306,1.28725682562008,1.2695205657850226,1.2352928605060494,1.2819440683505787,1.2665854085953132,1.2020588687020315,1.178913819444227,1.217120540356452,1.2354476133822991,1.1643440618511407,1.1949144160306489,1.1741005624882999,1.212581544275293,1.205537983025827,1.1973044132831758,1.1800525497343508,1.2092876191685935,1.2362885492461875,1.2158901295441602,1.2107722507344048,1.2402380796435108,1.2630143150785074,1.2957232270017058,1.268544041979037,1.2907245372168492,1.2742172825053415,1.35804815664094,1.3021853409852446,1.2466427794727524,1.2308300943721115
1.3008485832845127,1.2692960297983453,1.2871542701493601,1.2943201890975837,1.2175311039718815,1.28555274324679,1.2730165660996826,1.2198123115589168,1.1897260812815336,1.2321256530099485,1.241537172667337,1.1740518440974212,1.1922266284729555,1.176975950678066,1.2215790847784704,1.2119466778966124,1.2048726549737334,1.1891767613078381,1.2059353211098482,1.2377574075954356,1.2115693152842297,1.2039130891581433,1.2243937883517384,1.2625206933518347,1.2812793441121146,1.273190897507742,1.283947689162415,1.271801570044408,1.3527570126641713,1.2899384458970364,1.2536615357570184,1.230077505284703
1.2784924147004977,1.2784891126066737,1.2868565937785588,1.2882345490282154,1.2180192871449536,1.2895490862183665,1.2662078419224954,1.2223488229527049,1.1828810528930715,1.2271290433443023,1.2323173255751518,1.1830154067770986,1.1965731452011348,1.193179895044598,1.2324007681766544,1.2198880338773603,1.2044268482093807,1.1781315847896028,1.2158401759810515,1.231770574296577,1.2109323453827767,1.2125706436871675,1.2352312948491408,1.2507257937899925,1.2868524860835158,1.2723333349362098,1.2628622811469645,1.271006321646025,1.3510732617352,1.3028294452856668,1.2384905102145864,1.2392330122242237
1.275707262159027,1.2728072790536917,1.2844011091787522,1.2795519471674457,1.205370521367014,1.2885834131971274,1.2885719375862374,1.234416494838701,1.1776696528190929,1.2429795382951356,1.252430879091023,1.1792512931209944,1.1894172583139375,1.1969120242028637,1.2572500838349547,1.2544749998484603,1.2401929795002071,1.1907386182913442,1.2178138021991762,1.2527301599567777,1.2249391737873614,1.2210131980563819,1.2506416921817665,1.2609026451388679,1.3104971263520089,1.266015094835807,1.265336523544238,1.2619194424130065,1.3476805133311163,1.3167671515404151,1.2177797394706262,1.2451704236397008
1.2863217571166317,1.2675014293768088,1.2879977029832572,1.2605233205873478,1.1957960359661892,1.2703953295133612,1.3026449200535428,1.239533730291116,1.1731372668096076,1.2498931090090144,1.2480834001536225,1.1801058512778428,1.192029064437237,1.2091246331696235,1.264529477714701,1.2468977530514453,1.2292676538079834,1.1952618367707213,1.2128845138517088,1.267801502140467,1.213424490173342,1.1995997775310083,1.2265493973702566,1.2721131631776175,1.3059922315318726,1.2680404893113233,1.2754857915396933,1.2821182696248066,1.32758719636729,1.295880488207066,1.2232170502511115,1.2489914801848938
1.2763032575062465,1.2672326895064465,1.2748981459454414,1.2436476438543098,1.1780602895155305,1.2823448887643145,1.3127796107107448,1.2469968386071613,1.1842696645369175,1.2575887055204678,1.2674430564925674,1.1935869891925754,1.1887694559768542,1.224099699029419,1.2695700770141827,1.2443411282085945,1.2308320003806443,1.1884261568025376,1.1924078406007335,1.278326316463079,1.2336999300559939,1.184423965106716,1.2256297364955275,1.3011565309186512,1.302088362698766,1.2737037939411175,1.271275612465108,1.2878215367965864,1.305850448837951,1.299972890417623,1.2120294227654596,1.267123843495758
1.289109040594798,1.2795802157747587,1.252206001569167,1.2679694604354026,1.1776345509873176,1.2850103952276828,1.318795830823277,1.2300579583186635,1.173241165352482,1.2344611553209848,1.2683713329754973,1.1772393771039993,1.191412201461944,1.2076782513555486,1.2624202163641938,1.2505134803963616,1.2385155435650856,1.1932780412481017,1.203538161313346,1.2977304799168734,1.2505222144970873,1.201670987032164,1.2530475789746707,1.323533429381549,1.3538427346019293,1.2933957775677802,1.2923876231044071,1.310030485611556,1.3135145927339011,1.3111932849810526,1.209937357863279,1.2810892228885866
1.2804503437725197,1.290464901784329,1.237296678991346,1.2681079433763285,1.1751386709734202,1.2823820103316723,1.3315664357178059,1.2292025382179899,1.164360049277583,1.2245675437560088,1.2704548094608654,1.180631352534101,1.2021825498202003,1.223157909553542,1.269163070047039,1.2553780726716188,1.2372109976737766,1.2151669794753086,1.2060568069519766,1.2930315926910687,1.2485584967292296,1.209980255217545,1.2452665811040635,1.3075168752148199,1.3269699057112956,1.274423260198736,1.2691106843284985,1.3075249449112176,1.2947158173927356,1.294586179691914,1.2036329809399513,1.2663835162955839
1.2748509842514608,1.2961850471176037,1.2434158008844436,1.2847225273392333,1.1695578567871785,1.277286342776098,1.3297149985141878,1.2284913587044208,1.1808040998171772,1.2376802615947051,1.2892982877736756,1.2075595878581518,1.203092056141356,1.2527930579902053,1.2853613882736563,1.258598403193268,1.2353031402476051,1.2050637472285939,1.1970788099220953,1.277177643189607,1.2380228615008622,1.1876595158284442,1.236572621260842,1.2986975276551112,1.3270928276952432,1.2695772021698422,1.278191360758202,1.3002520070035333,1.3139286330055406,1.2924604996564508,1.206184216201148,1.2615323383997599
1.2731063082653564,1.2790940065867507,1.2454062622607798,1.277443197114936,1.1714752301125384,1.2733316512364479,1.3306160952541684,1.2351242791693813,1.1778222586385791,1.2357704924353692,1.275269570781027,1.1978841994193283,1.211257071888758,1.245452922446658,1.2713793981084673,1.2631959536183173,1.2508057340590093,1.2121394480303227,1.2169192119248937,1.2812346594318296,1.2528680402533243,1.2052818476949154,1.2358235655768564,1.288272310300771,1.341026181421976,1.260309970250142,1.285611641671482,1.3056059114328338,1.3381530126852725,1.3041324592660164,1.217158985582654,1.2587575293220687
1.2829663633244535,1.2940868130802512,1.27661603711508,1.2817027743890452,1.1915376729213256,1.2471342349766739,1.3248315860576887,1.221156570633479,1.170354146888029,1.2301705690605316,1.2627369335456509,1.1968004723812202,1.204309578697149,1.2452265786001302,1.2817746204417657,1.275560262665921,1.2612634627152866,1.2156109382427975,1.2199159892289806,1.291394680048261,1.2556388485939067,1.2075876313271985,1.2361844877820882,1.2920415108859975,1.3401130515597848,1.2493524463470316,1.27716808726629,1.310532847362405,1.3264278083168912,1.289908335297571,1.2226289267854848,1.2437519779384136
1.2836082848166002,1.3076088789352047,1.2707154619478827,1.2725081929647823,1.199080770325277,1.2574286408680293,1.3254566172871443,1.2214946892433103,1.185202573684123,1.230329663945751,1.2563205091260459,1.2032300671780514,1.2218802788587717,1.2551818087075641,1.2858774161268576,1.2845681615596882,1.2715056304802423,1.2387869699791199,1.242198786778969,1.3067327406156255,1.2656233570012874,1.2146194688179828,1.2396775842476544,1.2806531336424674,1.3450512576335631,1.2696509446236384,1.3021340357344713,1.3068093590488217,1.3267675169773423,1.2897003147156314,1.2379396233887558,1.2489791713384522
1.2770024373043014,1.3168571365504804,1.2759809635868777,1.276294908453636,1.1982222996514096,1.2582433821854193,1.3131050254291001,1.228917258173031,1.1928814594196944,1.242202220413023,1.2614795239130079,1.2084407183075379,1.216907135751992,1.2477807098979397,1.2676298965722848,1.2659826006530546,1.2545504037069155,1.2287204405112102,1.2355369992045673,1.3198649727965568,1.27096732429455,1.210227569508949,1.2287544424259629,1.3123062952639126,1.33865230352224,1.2778106586554137,1.282717289812518,1.3141000255618311,1.3211762050190348,1.2696634000805618,1.2389582405954298,1.2672099676729807
1.2663248939266827,1.3257794784654082,1.2619748721402555,1.2974538362441317,1.2252133798691984,1.2676200406412241,1.297700417029397,1.2095745050067206,1.2074774989692112,1.2478334295222369,1.2576110003915406,1.2156244108171796,1.2115184200999285,1.235819160857268,1.2538471492518248,1.2554287780872646,1.2475136771220738,1.2246487737714364,1.2291129698154528,1.3072092606578072,1.2604654868948804,1.2012617365516993,1.217435033955977,1.29711262438998,1.3246342725536298,1.279973813804665,1.28543079340407,1.2975109466572161,1.3347398447641716,1.2756100328012574,1.2606090807698795,1.2629034870916485
1.259094427508899,1.321137491444199,1.2579345653571745,1.2893358314341554,1.2225906658745662,1.2667449492991232,1.2847256325258585,1.2287937703713798,1.2084074368821849,1.2543000972360103,1.2565278448715302,1.219988551596845,1.2267500774563518,1.2251182897645645,1.2493398430056675,1.2555347885444388,1.2462970934351558,1.224326037647846,1.224562906645297,1.2860835986831336,1.2490571136451938,1.2066288869376474,1.2117695997407338,1.2849345559257053,1.311556716780223,1.2681287009455704,1.2911113548397612,1.2920362046996356,1.3406300251601375,1.2685396601686383,1.270045393463248,1.247342290056671
1.2579135081700692,1.3134615075678002,1.2574727447337393,1.271990262243441,1.2171916901178543,1.2459902789688446,1.2768137349007525,1.2157930812688347,1.2100898496280208,1.239912566128842,1.2421720778663328,1.2219587184453742,1.2301738838762093,1.2424462898174418,1.274914450102857,1.2749685467335814,1.2674671326388423,1.2331462946212373,1.2423233420729018,1.275078648568402,1.2476041310848898,1.2071435897393543,1.1980064621852644,1.2778064017384363,1.2973685766782652,1.231537833300665,1.2677807459835382,1.2751115385773455,1.3168327951206087,1.2356766198332738,1.2383893188317368,1.2304832065752445
1.2699637184523829,1.299756724829896,1.232355143759134,1.261736513192492,1.2063779593112476,1.2618983001235695,1.2639641100731638,1.2140658520000425,1.2044233339758201,1.240490658444819,1.2313031482689853,1.2271064441900623,1.223407571367641,1.236024690912449,1.26767360653385,1.2602984100974375,1.2488959234322237,1.2296435434744446,1.2425881876930094,1.2806675753610934,1.244387267497256,1.2105188747255113,1.186512335625253,1.2750543459095571,1.2962955205882591,1.2371633502245065,1.2630489585637206,1.2862661652486092,1.3392909899431145,1.2328695045918203,1.2396186317376618,1.2336849618728498
1.2459431152032499,1.2938166814985423,1.2474802588845129,1.261462889383296,1.2093769116833057,1.2621834397580507,1.2485297008588643,1.22596803033581,1.2060954705137064,1.2462696530657698,1.2101643647768805,1.2226615804332988,1.2025355369557607,1.2332807290477812,1.279009672258959,1.2699774320845685,1.2527081835028084,1.2092994762361182,1.2207005014889667,1.252948106613708,1.230242332164957,1.2010596085805858,1.1851355829303123,1.2556972185694117,1.287429351582338,1.246095850888943,1.2499852701715946,1.2595743269157127,1.3094450365824764,1.221571224785173,1.2380766508576135,1.2467422375254604
1.24865455248748,1.3102667844438112,1.2502036148625828,1.2591731545762566,1.2110309964562473,1.2419633529368683,1.2485505592169552,1.2131263088465454,1.205171714065226,1.2196528038917975,1.1749204542300389,1.2022739208513744,1.213067752471923,1.2156874707128245,1.2662804796410214,1.2796128348455675,1.2676107156271312,1.212498954075339,1.2434955925130553,1.2827255860453428,1.257022605714983,1.2273591197419345,1.2070385778431323,1.2722370566034327,1.28207912157301,1.2392271548003868,1.2401855439064102,1.2448008576470562,1.2935358834684108,1.231953015522795,1.2497558010437695,1.2431003445532365
1.228373153533848,1.3118453933383423,1.2424587849171098,1.2538608192299174,1.2113460984075648,1.2508336299026925,1.2668725708298885,1.2236500560618475,1.2213698690115724,1.2289861465750198,1.2065135357307388,1.223622046647942,1.2229039579913883,1.2305157375694196,1.277987261868552,1.276957274177258,1.26249188176621,1.2131204598002152,1.2360467967790594,1.273834933406038,1.2439871196835657,1.2250974288655616,1.19230847270981,1.2588528431474457,1.2636079283431885,1.255254305214708,1.2520429567666982,1.2325555315165584,1.2923159264253286,1.2584191538050333,1.2448725873359128,1.261678290976243
1.2335763019543,1.3089410596635092,1.2418464618228542,1.249560368609182,1.2033420381303672,1.2681737273932028,1.255221354123289,1.230079370895312,1.2365764933653243,1.2418180666283116,1.2076642954608345,1.229610117901844,1.2229139515287482,1.2111698845515924,1.2493169313083918,1.246574372903427,1.2331524997152787,1.1892640731511546,1.230638079040472,1.282957727586148,1.2537622965113635,1.2464411032975857,1.2054217277694295,1.2711692751091836,1.2631312532260073,1.2815351116303046,1.2713179224100954,1.2483656819606745,1.3133076776989596,1.2841436717091372,1.2562381914865677,1.2800344282341742
1.2243871776674236,1.310112352354099,1.2482914278749846,1.2624809920868367,1.2288391453951912,1.2630758890333027,1.2506042696648625,1.2372352273333767,1.2415527082253923,1.249400768430352,1.212866831418322,1.23324588104742,1.226397022792024,1.208286852398553,1.2526326794155465,1.2476386801590553,1.230533680306349,1.1908196286211823,1.204428472373759,1.2527664435194885,1.2342963976746943,1.2172133661446114,1.1958699384786315,1.2499886754137053,1.252927386079665,1.2666570484651865,1.2592520092004522,1.2297295263525032,1.2991142072439619,1.2820810247182115,1.2576699763415007,1.25213884822381
1.2377521043477135,1.2975332928916308,1.2335161260988177,1.2698450895130242,1.2375813262565236,1.2536936481792467,1.2555643533086553,1.2343020030501792,1.22436577971276,1.2411334640969585,1.2077483438591876,1.2337770841663667,1.2265033379037817,1.228028281801802,1.2725831168660822,1.268419483208601,1.251661526377578,1.1919174206953138,1.2031327016836995,1.2260202510111364,1.2187762796345896,1.2216256305616828,1.2084613124592969,1.2336026176983177,1.258432751465581,1.2758844111563905,1.2674883471108216,1.2180236022306958,1.3086420028050427,1.2771925806151072,1.2629509619669348,1.2497657347999864
1.254591704923889,1.3084839945443432,1.225819860246751,1.2584859233690167,1.2241869807286916,1.2552427203087888,1.2404457785683238,1.2284989121755303,1.2277986629528979,1.2391096445702052,1.1943747788404706,1.2367657390234799,1.2237927119155507,1.2213108647456168,1.2750885687061002,1.2729640787257426,1.2506573744987288,1.198342778397433,1.2219379583144714,1.2432474799161368,1.2518371242055908,1.2388627113680817,1.2318962466162084,1.2419151774929924,1.284722063399976,1.273996439866315,1.2813399624694077,1.2209586312416922,1.3177556919672437,1.3119080616164402,1.269787911946223,1.2363375197077
1.2501838890308663,1.2962397304164992,1.2316458921592432,1.2620324217677246,1.230334070032224,1.2615605949829949,1.2515512054338211,1.2288123524887178,1.2185210564940805,1.2380233054618395,1.2111171482812875,1.2294497493215135,1.211870637191448,1.2205661101471315,1.2775951864111874,1.277887962974317,1.2544733114471935,1.18737805299401,1.2045107874644732,1.2334489883404043,1.2307939091468405,1.2161714654534017,1.2160954788400449,1.2327111551567183,1.2843367939519748,1.2850972239210263,1.2723534352279313,1.2242182531638226,1.323339587953273,1.3039153303385225,1.2678300800660214,1.2351068704136954
1.2529516853468219,1.3225571369269047,1.2430546786332144,1.2638434588622047,1.233991092701267,1.2620100056715378,1.2767435298236995,1.239659193591938,1.2228009688750938,1.2461000766544845,1.211918538268729,1.2338382815001434,1.2256548711445758,1.2197018179717167,1.2711769500906775,1.2709935573657494,1.2437134475327385,1.1807034624494066,1.1956529229272332,1.23072263890752,1.2246616351124189,1.2185491069822503,1.2153697247965387,1.2500514413716957,1.2971165093128432,1.2948097192873513,1.2873574116771875,1.251076552607165,1.327486254431773,1.3308520207832326,1.2831350348018702,1.233257510507854
1.2605159264044854,1.3246790850936785,1.2426974716520323,1.2654160304034459,1.2252143747878015,1.2612072241842165,1.2814432846371047,1.232271401120638,1.2265011287981455,1.2415620720834033,1.2327028287130655,1.2358717368065821,1.2310247162273813,1.2325599942239733,1.2775333463778573,1.2680836764830397,1.2443073645418297,1.1831750601893292,1.1924727059444884,1.2350090214843636,1.2232935751387854,1.2154424400808244,1.205905401678558,1.2583595376704781,1.2925766677836072,1.28147165575687,1.2912133068265728,1.2457126877323235,1.3323688972894046,1.32434495194417,1.262633824864983,1.2308666329582434
1.2642572928956195,1.3372168953391583,1.2369940156913095,1.2471033160776384,1.2157877125584158,1.2828999651388076,1.2609744312027729,1.2348513972756385,1.2293494377957934,1.2452247622807553,1.2304353056676458,1.241767554189819,1.2392826202113953,1.2360569282533518,1.2772506965598618,1.267077640406001,1.2474027167526534,1.209116410871762,1.2185539947305104,1.2651456177766203,1.2439512053149284,1.2163690102189177,1.2140294471324005,1.2898773558950927,1.3001768991355396,1.2873100978236438,1.297267421218998,1.271967991195582,1.331651538379858,1.3352575156622333,1.2572575774433503,1.2328440472910798
1.263532009251368,1.3429324359920105,1.2618045945641632,1.2550806150239169,1.2236598710297137,1.2957897676669659,1.2567952700167793,1.2318638488415619,1.2417739560331735,1.2692373748923258,1.2516225525490903,1.2600654170297585,1.2448506382883486,1.2601966189802145,1.295821122299585,1.2809425887098222,1.2550251467803502,1.1978971012758073,1.1927884971446663,1.2334418399110787,1.216309956021822,1.2034673915167773,1.1906603857520563,1.276312289439691,1.2959980648046918,1.2801239157417077,1.3111884394922322,1.2848688434070685,1.3531850233706706,1.3548727969324457,1.2574969450208655,1.2258286476242652
1.2611818405054707,1.338850406139701,1.239306326899912,1.2415492745155694,1.203646916230185,1.3084198824058013,1.2421595563493055,1.241530519746043,1.233489460165815,1.2547633361253445,1.2242158572487598,1.2538891887972048,1.2541430229279718,1.255262673710217,1.3022946008785363,1.2894689729086304,1.268616104150631,1.2020401955129894,1.1939559171570027,1.2233854582089887,1.203903887589618,1.2014492195632,1.1926229966269213,1.2602348952387001,1.2954062818233956,1.272352761473493,1.2989478367451235,1.2805090726381536,1.3492059506058556,1.3278954901454898,1.244208231128901,1.2206662277782514
1.2539070462399469,1.3460935406940633,1.2321214562583096,1.2396898779592374,1.197462540080376,1.271984821810162,1.239129383383821,1.2291114699522327,1.18889164417771,1.2531306626076752,1.225273192544435,1.2128843880855729,1.22919052920976,1.2274328931641267,1.2853417367611175,1.2827212662071026,1.2600943516392962,1.2183501732562385,1.214259630815271,1.2413934455816908,1.2244764138662263,1.2106682124681791,1.2121354555213266,1.2831083394217624,1.3056038314054252,1.263840471526491,1.2770669649476418,1.2825553395994063,1.3569522213141234,1.3071195404484903,1.2309402456415561,1.2051117451008657
1.2712772396723546,1.3352838786524543,1.239179452687381,1.2081662768524184,1.2155166739506729,1.2570250434040935,1.2326389071205137,1.226564339193826,1.2031288094988621,1.2560585436721992,1.2318577962150168,1.22759061305176,1.229213146581885,1.2429408790354601,1.2961323966289466,1.2870384691414378,1.2700504115009354,1.2179455073330974,1.2196454974608413,1.2512427947067302,1.2272426073723903,1.217547188372645,1.2154207432072814,1.2885752714985,1.3075049360305646,1.2668489540622612,1.2573228063639779,1.2840844041788684,1.3515435146247723,1.2962650963466673,1.2287204109551793,1.2284423510256948
1.2754305278496738,1.3331913338885455,1.2250643767853697,1.2081932497165833,1.1967279590523727,1.2750279673325384,1.2366233479123407,1.2329804136761457,1.215957020088836,1.2644338872372873,1.245934320839459,1.2314794684741066,1.2328163239457854,1.2317426502897153,1.2699909198109707,1.2644086230165983,1.2513213264688952,1.2154432131593031,1.2235704809085977,1.2592436950182795,1.2311013430353432,1.2283511310307555,1.232313748919727,1.2916131758378766,1.3037395031486902,1.2649191256668584,1.266894181129333,1.2999625944018,1.344705992474292,1.2959836763898613,1.2190559099279852,1.2431198675706565
1.273157970826473,1.3259415942605808,1.2401675380750847,1.2168143567561602,1.1951108193183295,1.273032923701839,1.2377216748042312,1.245195057695569,1.2141641918947619,1.2656459157514535,1.2533353746049685,1.2228821972212283,1.2224024261361979,1.2117272652548494,1.2521628294416547,1.2524178641104164,1.2409706292605838,1.2129883915520143,1.2282642942125923,1.2749383994577985,1.2408051842616996,1.2312916924001958,1.2390180188575888,1.3062357069780153,1.3040452150036856,1.2703148427317208,1.2773953668344826,1.3032087462050717,1.332472918612414,1.2854912023196343,1.2152920037748915,1.2619271526789242
1.2797190077160487,1.3145696291817042,1.2319142714470412,1.2278768078332947,1.1941118998388718,1.2873792412456213,1.2469948456149726,1.251438654917733,1.2204800149189459,1.266545595156166,1.2558000142148862,1.225527394970142,1.228775994601902,1.2198951933618276,1.2648572924644113,1.268107277672671,1.2594373101378213,1.2290168054718162,1.2411557733796872,1.2905038521341818,1.2574828975569905,1.2524120134267887,1.2580746637107578,1.3111538732106014,1.3056409304668835,1.279372338733444,1.2893625395113621,1.293981462312234,1.3258521212855763,1.2810772679800586,1.2162311279361455,1.28074199850341
1.2971922308688242,1.3200779862063567,1.2232465283185603,1.2161971578765807,1.1963937163109368,1.2756010993769378,1.2234987120489418,1.2259834414522888,1.2152225490436557,1.2629199715574513,1.2524708596392342,1.2124513327414523,1.2228174000167473,1.2102269075968652,1.2580820011568787,1.2698353505006788,1.2650004452843908,1.234598048556316,1.2366541685545434,1.28915435580856,1.25529241279552,1.2519005287555596,1.2676666533656473,1.304451415241961,1.2935283946098852,1.2575737444855153,1.26511620597951,1.2848159287402432,1.3433621523198755,1.2669727783693627,1.2010318971105771,1.284511712512328
1.3003161629113096,1.3226112671857506,1.2240502731561616,1.2336617580911322,1.2085870736847293,1.2744804610082845,1.2161322646729398,1.2264637466436814,1.216553095196141,1.2589998967415654,1.2521625469125413,1.2131009485096178,1.2286022862640675,1.200195970943604,1.2498502089790648,1.2626127700350822,1.259564528931907,1.250313775089084,1.2647390363858064,1.301124553872414,1.278908168678254,1.2727352212665883,1.3009362915673897,1.302065267044501,1.3118096988480015,1.2742278815441819,1.2792321055468678,1.3014609444470873,1.3463095128129166,1.2588685674020634,1.2121519001519372,1.2798717312479186
1.289597868823307,1.3087014705767757,1.2194487797400697,1.233180201498817,1.2009536339899383,1.2766524510391692,1.2133167558061695,1.2331791708968116,1.2109147619483829,1.2617144369236175,1.2572786468048398,1.211045152265027,1.2116400161017085,1.1973464018099524,1.2509263276427867,1.2543490976273353,1.257747695839022,1.2525482160850658,1.262651329363272,1.3077235334575907,1.2743833844483434,1.2586414260039736,1.292633206647553,1.3061909263659988,1.2965627555800412,1.2377572102465668,1.2508327060228088,1.290881590805073,1.322857008121601,1.2522553452582563,1.2004453111248563,1.2677007413891546
1.3027345681501714,1.29308509828255,1.2171448140208172,1.2097652199449542,1.1911169404717241,1.264105010109374,1.2167692275425515,1.2265265752815129,1.211676195434965,1.2551294513119118,1.2667392741042527,1.2116568446938407,1.2251349517712171,1.199245352927217,1.2497979994682529,1.2631120364926258,1.2636608889775753,1.26534124334808,1.2614610105590094,1.3028898414493706,1.271053591012496,1.2548439835406104,1.2893784204552619,1.2901353476264183,1.2942955620221053,1.2425914412276744,1.252374284793375,1.2650089252197638,1.2977009387373593,1.2387227658980733,1.1969121658512611,1.257258170959881
1.2790958369093388,1.2749735630096657,1.2138273000847881,1.216676085514025,1.2142036630585964,1.266986671132579,1.2388036799752273,1.2113422309836344,1.2234885907747268,1.2643660319319365,1.2829500964524223,1.2144755319234792,1.2111259652305084,1.1912541190755914,1.2346913068924776,1.2534341278056094,1.2549624387053038,1.2556394419357244,1.2709655229409347,1.305913986998363,1.28176682632754,1.269186586213733,1.297155898075565,1.3013905026911687,1.3049361478651886,1.2465955361811638,1.249409144380241,1.2701687282217278,1.2929606904560906,1.2399898377822216,1.2073352092256477,1.2662701897666278
1.287383373092861,1.2871180753523561,1.2232069063975315,1.2235145360958775,1.211118244254681,1.278453223536511,1.235890099850581,1.2249286046335444,1.2239660195678765,1.2621981912647757,1.2900966952260196,1.233925221788312,1.2031026019573372,1.2137640043515185,1.2549669771070373,1.2536410660959083,1.2444282759020708,1.240606476564328,1.2523490617474788,1.3101415562537577,1.288523612196759,1.269347571851443,1.3146354346358835,1.2987821195530143,1.3132299269519847,1.2640224134517686,1.2632500815075838,1.2795233547286817,1.2996491799552345,1.2573070949172094,1.2272379055967595,1.2796957151496622
1.2597606927407092,1.290779365492695,1.2049384934360732,1.2279675317403047,1.1977996932232369,1.2870083489261694,1.2447791749155037,1.2255989167429469,1.2254261581497141,1.2542957843059641,1.2950119912147924,1.2296927658234287,1.1920773676035428,1.2108067622191645,1.2519515832011334,1.2549553051431321,1.24429780517984,1.228328113948937,1.232385773244761,1.2796904734671275,1.2658552818718047,1.2526331094880951,1.3018874827039464,1.2770076828199217,1.3066751479556753,1.250049092125299,1.2648754690916892,1.2489667222375045,1.291697647647413,1.2443192271078825,1.2088865864541323,1.2656907302869431
1.2666553251068375,1.2964711277040133,1.208855000507918,1.2412456619386867,1.193169713234169,1.3089496826681737,1.2386265049433556,1.2112009283128293,1.2051000463221841,1.2489744819548785,1.3034302536033908,1.2288135716009732,1.1938050931584576,1.2143689977600904,1.2567322417276596,1.2645486691475205,1.2510694229348343,1.223283945631615,1.225383106395416,1.271181169770327,1.254328662442316,1.2251691619210738,1.282100214724956,1.274501674193013,1.2999866366111879,1.2285807588327293,1.2602661945024451,1.2506823931622317,1.2895671416156362,1.247420591909326,1.2074535357030656,1.2328878737349702
1.2412988704950954,1.276541658007996,1.2058515800487446,1.2414430874773978,1.2077622376538548,1.2803546061534372,1.225476627926526,1.1993932571773012,1.194449658282899,1.231743275416128,1.275550016939866,1.2175319794473887,1.1889823265565984,1.218977314573662,1.2517190159906495,1.2551622119779788,1.2380955169912398,1.2210533838209912,1.2002185432254426,1.2536217194648558,1.2372243072538023,1.2108253357050014,1.2611250826686813,1.2549609649752773,1.2876689569532875,1.2109394877272917,1.2456356584591342,1.2314129538389587,1.284683077305382,1.2454395050734475,1.2019062202585302,1.2110666362500575
1.272618414594697,1.2741033284652767,1.235937003864024,1.2409532433583432,1.1968531259164554,1.275229058863759,1.2327294050983257,1.1984888185348974,1.2169526139862383,1.237501078382656,1.2789352710882282,1.234625223953729,1.193246196227195,1.2163911713766586,1.2408990406309506,1.2374775773716216,1.220730205908834,1.1978548275494245,1.2015545612745675,1.248340316882044,1.230474697104862,1.2083882090584972,1.2621886179744204,1.248630563065431,1.29232823071677,1.2173292284175319,1.253230897238959,1.2256479113083547,1.2907941867455472,1.2539607626544105,1.194074943632718,1.2112816145061467
1.2519587837942399,1.2722830989481275,1.2365643155855877,1.2514919912966345,1.2066059708978822,1.283623311329474,1.2315283695949677,1.1946460033188142,1.1980818457445204,1.2429771380501369,1.2729624359530585,1.210476537765151,1.1695176512374195,1.1932455835379907,1.2161855376542843,1.2092495858592218,1.2027309619443372,1.189156295790831,1.196941910116411,1.2455703072208608,1.228527126840425,1.2171631525544058,1.2547577924202444,1.251855887178494,1.272227756426401,1.2096815803555045,1.2420146124471847,1.2133074697617157,1.2715642470391797,1.2341597199257874,1.1995550202812908,1.2174116523280956
1.2499793553445728,1.2586475380686346,1.228901437797854,1.2248034348900925,1.1793921242918317,1.2789143465883404,1.234177152934899,1.2055077155358769,1.2053746832191439,1.2451871394517244,1.2804887651068901,1.2098024276914665,1.175827490374212,1.1958142554411737,1.2181907405936034,1.2231671355163536,1.2210702291329538,1.1944937778791163,1.1933867837407186,1.2472737901826154,1.2212716114955662,1.2333982549829299,1.2805691356566782,1.2709975669486144,1.274576853823183,1.2247112544116134,1.2586205484459672,1.2219226342813256,1.2776285583879232,1.2554177273617886,1.2006397120771164,1.2439027560419829
1.2571119028642448,1.2512098525851614,1.2393258393632063,1.2316327882652145,1.178808821809712,1.289328857710239,1.2395735515342339,1.192304021306383,1.1849640399348647,1.2261173702807635,1.2717852937040217,1.1895809893910443,1.1750077148554015,1.1726445801736787,1.1964248010424021,1.2126669459179307,1.2052185431859601,1.1889000237694731,1.2039932465007095,1.2507809897855398,1.2263421261795195,1.236704861490204,1.277341700017089,1.2651566046448048,1.272174838055286,1.2348470421472004,1.2594039702939455,1.2342186385687328,1.2889619707217002,1.2452366923468101,1.195688185401572,1.2621196125117415
1.2313544924735853,1.2499976932560888,1.2443284269221395,1.2438263808575025,1.1805891130902606,1.2995977541341819,1.2357947906635711,1.2009858585233635,1.1712638197859095,1.230400094349536,1.2546617025661262,1.1727012017120224,1.1655936202241477,1.158617615764241,1.181059681580609,1.210301010002864,1.214904892262194,1.1902874600756348,1.1850384034537547,1.2337002740954062,1.2043399457586927,1.2226325017035773,1.2658674734800226,1.2504907008401127,1.2638821053510434,1.212457160052973,1.2337003470149654,1.203661986630275,1.2704652434459127,1.2188191811570128,1.1740323578415803,1.2444612509286386
1.2579357136966285,1.2417120268168265,1.2656460068897724,1.2478277004738492,1.192989978393744,1.3120228674522494,1.221316212758277,1.2040506810537706,1.1740511513632792,1.2282635607093828,1.2482017971111095,1.1806420520260321,1.1700202182545334,1.1600388950446654,1.1764195940222826,1.207714048904029,1.2086084918404143,1.1670284950818548,1.1783620056875523,1.2249172029461075,1.2083992582048126,1.210793571404686,1.2558790837765836,1.2619975204328278,1.2603286830404918,1.2037058893467547,1.2497264633254215,1.2216671988000651,1.2723534705324602,1.2196580274434254,1.188224543234137,1.2391917496129345
1.2676515876100136,1.244197964058274,1.2776956114284692,1.2619294909869336,1.2111029672379916,1.3231767615285446,1.2153653035369345,1.2169813234814182,1.1981891260802187,1.238421332966646,1.2468557396868458,1.1875579748702234,1.182722405644937,1.1521383835436416,1.1646471348861367,1.1976997335974435,1.19423093475238,1.1557467113008404,1.1887530026617443,1.221299282412991,1.2133340692243382,1.2184104984039748,1.2543346350828366,1.287086595707657,1.2716012813098851,1.2287987769731243,1.2655990586621801,1.2535300133839187,1.2875636157437447,1.2515671704995919,1.2083789962763616,1.2477473913604151
1.260161772673389,1.241703169190274,1.2827274741071513,1.2669998424792301,1.2139556296281415,1.3198164440451852,1.2143586470278154,1.2036611973856322,1.171097980728893,1.23942792550983,1.246687840462592,1.16575913380888,1.1803088182299637,1.135132219233855,1.1490517376984943,1.1888479832256156,1.1954775098141215,1.1666228102509102,1.1883174410577204,1.2237862139265903,1.202955179176634,1.223979819760389,1.2434049195968424,1.2682311814904244,1.2598145872303508,1.2108937933938675,1.2409359757723957,1.2242271604324693,1.268175592635273,1.2198376117201102,1.1882942328818218,1.2499280911905384
1.2757744244831297,1.2670554155235916,1.2803324557017977,1.2422700178721082,1.2090409360146608,1.3178014578987005,1.2482027416571655,1.223334198685357,1.1823325524122585,1.2400684220087044,1.2308823929809372,1.1725587874702545,1.1841685119723049,1.148634864253466,1.168022262091764,1.188311599766834,1.1784628411090248,1.1472164318770723,1.185463302811126,1.2228249198912977,1.2061941551379922,1.2276081678695365,1.2473031448794243,1.2734793063157344,1.2666568360092367,1.2157613722191067,1.2519849013048678,1.2501447480720622,1.2624289779629199,1.2298060045989836,1.207529953411846,1.250507538170655
1.2795426405760235,1.2622932463377434,1.2871911839351984,1.2416382934403112,1.2167354630484724,1.3400480051974404,1.2624526206805928,1.219452788881095,1.1754537361214585,1.2368120893469994,1.250511509199513,1.173825024408596,1.1663228235181642,1.1503821412319437,1.1799179481779707,1.198405614609093,1.1898556609861781,1.1451801825638692,1.1842142116457275,1.216980061850101,1.2109305348648929,1.2130971698539328,1.249503975459993,1.273215629122653,1.2676159303716654,1.2078622354468453,1.2469870429780023,1.236150322759314,1.2587755841993413,1.2233816145479295,1.2038706499066854,1.237841914162097
1.2759449838867043,1.244203816411806,1.2756922901668566,1.2480432952967069,1.2074732654820646,1.3651170135755086,1.2819348145672538,1.2286862988339735,1.1783040368208517,1.2458505538284554,1.2406175941580198,1.1633359479055303,1.1710924906570839,1.146211839685453,1.1775267103393507,1.2103949631171356,1.1890021456019109,1.1375117722522177,1.1691165282334501,1.2010177303175114,1.1985237602362162,1.2030396371637404,1.2424001414793013,1.2731340337426311,1.2695826983291747,1.196074122601703,1.2450579812153693,1.2305134036476968,1.2524232844064158,1.2127306251496446,1.1936082467888618,1.2431266644703576
1.2770045560880576,1.2545209616047024,1.27578866366256,1.2401012075562412,1.2025560195016407,1.349860688831462,1.2999876000176354,1.2281161564974954,1.1684174611584524,1.2342968842343207,1.2415348252289873,1.1613949360753075,1.1602299907160816,1.1305675296149718,1.1556794044147236,1.1899007087864226,1.183036323385939,1.1394810930414212,1.1806321275484493,1.2126879256929113,1.2171380600134378,1.2123537004569622,1.272726513040633,1.2756177533672548,1.311946567192248,1.2235185496096626,1.2718160607902025,1.2501494488075533,1.2721147709494556,1.2261171272111289,1.2107273447064917,1.2313373552599105
1.280364129371228,1.2599695355401466,1.2896387458976426,1.2417025211136206,1.2213413190455487,1.367180022320501,1.2862677483018516,1.2230016408278168,1.1639012317931379,1.2380505262204458,1.228265768735671,1.158455161575124,1.1661679706590524,1.1346703048515316,1.1589378265949113,1.2059469284520812,1.1940868471573387,1.1491668153419128,1.1847622748195228,1.2081609362550711,1.2134016991495826,1.1964961123637492,1.2471426633477656,1.2625065243099967,1.2918712701243886,1.2125401151992092,1.2603005172232238,1.2454211005882205,1.2802069418143143,1.2329161511611075,1.2047706641276101,1.2138970904137032
1.272279109947207,1.2767154393259579,1.2809020348818965,1.2308074736347365,1.2046730804017334,1.358394405885474,1.2881584928059149,1.2344148450460757,1.166627387215462,1.2298653477261363,1.2305797243272296,1.163925457133428,1.1599626621037231,1.138835389009123,1.1605598603052318,1.1934135307707603,1.1779902435800245,1.1358508217283358,1.1714315650888938,1.195901684630935,1.2055101404612363,1.195588290040563,1.247144594511994,1.2675775159722704,1.2993780885611872,1.2282052305277842,1.2792588220805008,1.2559472835540602,1.2730266813543285,1.2565667369677842,1.2165563363894432,1.2288524523754998
1.278407338938719,1.2830720623409455,1.2885866579447804,1.2485367715118143,1.2200239521000689,1.3670320288984534,1.27379313673161,1.2650845156558579,1.1760370002510467,1.2514295358622176,1.237994431112405,1.1732741862420766,1.165102650205954,1.1455202440554137,1.1696045399938664,1.1967908608593099,1.1921873968811274,1.153479198575939,1.1853053730599161,1.2264620955946208,1.2229272233715067,1.2102043596961807,1.2517578232333053,1.2827177453799998,1.3098870660501722,1.2497104915807007,1.3004011857510813,1.2721996389684385,1.2736298661915872,1.2692698362215353,1.2396832419359753,1.2435907528269172
1.2619041877752548,1.2778428455549495,1.2616950294624758,1.2536004474611404,1.2066857655545469,1.3547865041733997,1.28326666086728,1.251680681445761,1.1751160336191364,1.2356009964632837,1.2170761774648307,1.161110793831489,1.1521591500244646,1.128601306150083,1.1538810987138006,1.1811437386228665,1.1780615593898087,1.1466805442688321,1.18770908367462,1.2435739876426952,1.234640167644597,1.2089682869611813,1.2749545699686804,1.281113186518842,1.3201137918971193,1.2486211949296737,1.2852516998467431,1.2563357636155223,1.2706993706568388,1.2688901610821604,1.2287093525993877,1.2345792915566738
1.2590410275466501,1.2736466077614905,1.2571375323584313,1.216256152980774,1.1805903961132473,1.345274802237336,1.286567010066,1.2383957219256871,1.1917636826425995,1.243649747506616,1.218381828993106,1.173773088915658,1.1463075739533484,1.136556018713372,1.1509169454006767,1.1660875394908632,1.1688503562968648,1.1421526539378677,1.1823024271343023,1.2240948589937122,1.2276012599565347,1.2095695816393786,1.2758696279653967,1.2612210741612162,1.3199938250614658,1.2642446422201241,1.2739896176245262,1.237920417455224,1.2598329033976723,1.2558580795785843,1.2205494684342804,1.2221682151018924
1.2666820729979285,1.2868352156287737,1.2653070308052194,1.2152329427885515,1.1841903529178812,1.3498316457044177,1.2722717008497733,1.2443853254157276,1.1850365974326869,1.21737939156291,1.2172450548423113,1.1628772067585071,1.1436844799943764,1.131461479887356,1.1494324671386562,1.1706945648780294,1.178919125515306,1.1521214828963142,1.1834270158796434,1.2227450107329147,1.2333454119159475,1.211697902889688,1.2861298206796885,1.269393616964061,1.3197413289319133,1.26666378702984,1.2870240823709294,1.25172423727025,1.2814846565824385,1.283723120022965,1.2218925581317153,1.2167006251829002
1.2682987966594297,1.2759759463374374,1.263017470859025,1.2161748401999548,1.1952746864029264,1.3468730286375328,1.2734679761331928,1.2223451291268461,1.1925502033227977,1.2247873744150037,1.2223814743145651,1.1717684802443629,1.1468729082461335,1.1376859019393772,1.1527685651024,1.1759905312427752,1.1778030283277674,1.1430991721096644,1.1781551119005425,1.2265894682038572,1.2337470315558137,1.2056447249673787,1.2668252980681842,1.269090669949764,1.3054134413512284,1.2550643072095626,1.2758875141950965,1.2454939166808674,1.2831866210671707,1.2615719920328308,1.2252773415206766,1.2115308750075582
1.2718097017785355,1.2733698776023807,1.2507275637449482,1.2189289061505464,1.2104754023192876,1.3139295068562664,1.2539069858450724,1.2255869144562932,1.217460839260771,1.2443477671024663,1.2209025494852555,1.1952543625636654,1.1608751774819266,1.157714234197068,1.1592916531768978,1.1675735058909267,1.165952325925827,1.135417527757392,1.180595844758103,1.2188180435589138,1.2258468584929312,1.2088014202194857,1.2628029376549874,1.267520800103364,1.2924107055097314,1.2611390483197389,1.2843394006000046,1.245924819597881,1.2900429399028897,1.2665973603393519,1.235753289756214,1.206546382452995
1.2624534831226648,1.2759487580230144,1.2441308802386066,1.206415872740315,1.1834897864891474,1.3088845521434946,1.229820075297594,1.2183183854540707,1.186389696592426,1.2152282944487984,1.2128548442037301,1.1760095549134786,1.1494883818020618,1.141623833740824,1.149433368451644,1.1578058808609675,1.1560445552385785,1.1287187931246017,1.1961093090531119,1.2272450520439737,1.2543169876680968,1.2180325564664205,1.28891243561748,1.2840264671976391,1.3002681496390696,1.2628558166322041,1.2688063183932048,1.258530201489589,1.2878002528379562,1.2646727074165254,1.2276701077546572,1.2081456582777912
1.2648897099291472,1.2852296326171357,1.2512476115998468,1.2253540431015089,1.1872849359069428,1.3249282776191795,1.2498778201359357,1.2259818857978626,1.190628679066816,1.2192717849903538,1.2124049260244156,1.173563161773691,1.1519294684870398,1.1432845899550663,1.1538409077120395,1.1637994381976728,1.169991625504752,1.1396412948704973,1.1916633400209526,1.2271982200766185,1.253351670376419,1.2096701373440877,1.2780107956277296,1.2872638669596856,1.2893241295805347,1.2691112623747085,1.2696836456004446,1.261618845176223,1.2895369547670572,1.2689669788820042,1.2361585773720176,1.2072840236696094
1.2653033846244952,1.3052900508586267,1.2686427655786463,1.2230080206414857,1.1974853293928318,1.3156461354473268,1.2538537493363127,1.2283182140496112,1.2062296307633904,1.2121467542231674,1.2175871621167405,1.182551057169886,1.1755659456729937,1.1489745430067249,1.1547691211242326,1.1609095548761315,1.1647267426419958,1.14563556764974,1.2007289653730995,1.2261374464102408,1.2592100255521106,1.2196329605742522,1.2720370056585546,1.2902973121863675,1.29631451498429,1.2556823987204375,1.2599838350364583,1.2594587586391057,1.2919843620154567,1.266073436541032,1.2355767322937448,1.20101437099034
1.258382105734899,1.2596596692575592,1.2472972068376684,1.2048257309829746,1.2050752482722924,1.3093561135966318,1.254772225278948,1.2081445458795468,1.1857811045656685,1.2026538229673702,1.2181903056901642,1.1769899543130078,1.1703197870255704,1.1549808952016574,1.166654516193003,1.1720556304493026,1.170431253262349,1.1428181988840063,1.2120860656363106,1.2308583914050792,1.2741432921057136,1.217234984771818,1.275953883549447,1.3064558266837418,1.3068478653449076,1.2413410310444837,1.25134188913772,1.264627985385802,1.2774851145790425,1.2574427483698485,1.2110059100996875,1.1887429769665157
1.2475653563441123,1.2505906167333594,1.257841300102042,1.191385404354429,1.1891385972338688,1.2976518240293164,1.2734607199909462,1.200073626007422,1.1984052720202945,1.1990288752395255,1.2338430398824602,1.2018208814354936,1.17022439003667,1.1819729678994102,1.1984071267945209,1.1939466602645754,1.181710420336906,1.1325251036786417,1.1750286152608398,1.1971745689814306,1.2490170117005457,1.1869841027660986,1.2559963706356032,1.2996326101230535,1.2787544144736172,1.246652629254118,1.2385534158526346,1.2617717827239534,1.2786347465431516,1.2278033008601883,1.1999611910659633,1.1993318287074446
1.2518176572683148,1.2530325950477559,1.2605396332793426,1.189059920545166,1.1832971548639308,1.2982106137127576,1.2684942710246712,1.2014767044392227,1.1932290467349962,1.1969441798391178,1.2115967097632758,1.1843457060283542,1.1511264743781773,1.1667311353496135,1.1818890279012313,1.1912448789629846,1.1829480843618982,1.1397722065103952,1.1595827935967222,1.1860804123229702,1.2288315491095136,1.1623195056012265,1.221730985370599,1.3105995562984238,1.2640289606266621,1.2144955584498118,1.2252522240394812,1.2610058760335918,1.2913242303074475,1.2276360645588424,1.1912497956903685,1.1694159676922946
1.2378930298913025,1.258075604877515,1.2676028972909157,1.1931936810491366,1.193878921884795,1.282175729580312,1.2695900009051917,1.1933169703263635,1.194027428871747,1.1817286718721929,1.2076544513481917,1.176393685639686,1.1699375084130832,1.1687411820427434,1.185468223130611,1.1882108197833565,1.1781773728050458,1.1348419851456886,1.1650664628366145,1.194589691819343,1.2402406679332325,1.163873550062172,1.2159461438708483,1.3093966876155314,1.2532663898528937,1.2284139036736015,1.2312289796924054,1.2611583514815157,1.279627243664047,1.2278830719259115,1.207257347292996,1.168352029873638
1.2303775425306827,1.2526181237277576,1.2836210650937525,1.200220638928799,1.1867111620946647,1.2876782716300768,1.279222533741374,1.194330640922779,1.1966494717885743,1.1769352995015956,1.206180432468289,1.177741923228927,1.1610949635148597,1.1606562831889928,1.1772096373527938,1.1814172351860914,1.1773415973645975,1.1454026080778235,1.157493153187672,1.18912226166476,1.2432169132417745,1.1715252379055077,1.2355934609460268,1.3202509305679737,1.2567755690871307,1.2228111746304278,1.2425051948857029,1.2733195845687304,1.274331955222748,1.2451874175572755,1.205711901772465,1.1633166189720787
1.232161943891821,1.2401502883178614,1.2758917411947353,1.2047531831265377,1.1809937779133706,1.3011563126502788,1.2990711533848973,1.1894658390854884,1.1919742843517998,1.1727366200436038,1.2218702165140776,1.1845759930992972,1.1714041575377216,1.1771891511080166,1.195093654610726,1.194767327097894,1.1808924878900755,1.152625935077084,1.1597698222148627,1.1884896417590476,1.2285633828783682,1.1673947799933586,1.213340875955893,1.297771683040603,1.2403744200496762,1.2258378694173395,1.22209124256828,1.2606144988058319,1.292393873553562,1.243153499192607,1.2127285573201807,1.1592053421117898
1.2126711146736469,1.2178600426303818,1.2745947737081667,1.182322186284501,1.1650191168696291,1.287948404899693,1.3007730003491818,1.1926707829782988,1.173069708282815,1.1845315066369189,1.2419768915487197,1.1788892372103112,1.1651843862013052,1.18107129152207,1.208132237113637,1.211995610059979,1.197760475677074,1.156049864854534,1.1543637262726298,1.1859220279238276,1.2214094726534848,1.1652211884788826,1.2050161697127886,1.3087369156944808,1.231577464391383,1.201957091276426,1.2087126402092687,1.2492236320494567,1.2287622238014133,1.2133124735906473,1.176940014570839,1.1724922412632148
1.2228664196447885,1.2173204058291012,1.266061326342643,1.179653088215817,1.183776364088343,1.2842529973352517,1.2797333152638606,1.1718399628942089,1.1745192402084264,1.173518372496706,1.2235556154497207,1.1786629483780362,1.168984238851185,1.178642960612579,1.1973819063203968,1.204185017019674,1.1916934037376332,1.1575613734365264,1.1547071665168476,1.17657568568719,1.2076520338096572,1.1621752507004273,1.2094365865642005,1.2846175953941765,1.2416338519341958,1.216087183065972,1.2158617198519195,1.242064123702919,1.2359899383964321,1.2206380733438713,1.1928000769706608,1.1791929212844157
1.1993899909297159,1.2025636845495251,1.2570238257211812,1.1625606919764389,1.1665504918986578,1.3021786167195126,1.2792506097907201,1.185610759421911,1.1704832760494055,1.1997033344917094,1.2566838343880107,1.185525910882538,1.1561651670936577,1.1804485411557202,1.200880192016926,1.1996886928747263,1.179557964013251,1.1333817415215217,1.131638142391957,1.1742434697007185,1.1995263872052262,1.1516666814876726,1.1903266769286958,1.2937726211892084,1.208963706283707,1.2054084399994605,1.1900844013068002,1.2155541721686425,1.2259447342898169,1.2073903265926378,1.1670626386537737,1.1846909872487141
1.1901938974481436,1.2186239298102814,1.2603441592400089,1.1785578368138532,1.1679744559999505,1.2895163603517406,1.2645930080447463,1.174991129000343,1.163982570608691,1.1853772180241815,1.2299834621614263,1.1655617324771599,1.1539178081336876,1.1714710391384306,1.2022866194728847,1.210770781340671,1.1831566352474645,1.1320664108559664,1.1418696050828843,1.1718929790349075,1.189737915808055,1.1538791725086237,1.1861633048515274,1.2821244438126234,1.208621986633907,1.1878294866806567,1.1837746694879936,1.2147105379308862,1.2188854791207493,1.2162986103982705,1.1714937471094216,1.1730810076969598
1.1850252861979753,1.2283556638634534,1.2553835981919388,1.1859339964636868,1.1628926905739898,1.2888733236946677,1.2427143689399585,1.1918873471902613,1.1760878131990702,1.1926988404041756,1.2161109255772231,1.1680743739969668,1.1704725278935788,1.1583690395074728,1.1775383745531014,1.196880977800125,1.1696803262012347,1.1230356103206758,1.1372616772451132,1.1712474461257911,1.1892698229413705,1.1637255527205121,1.1872860142293722,1.2625812044184543,1.2138854427788048,1.1853312762138428,1.1777477601034778,1.2054943357322403,1.219844680465975,1.2032716292548526,1.167356244864797,1.1856616600642391
1.2029880739239138,1.2214530830049868,1.2637885645700146,1.1969704514314636,1.1692111765335502,1.289585959650059,1.2512586757823876,1.1859337971818589,1.1644579608633223,1.2021612499558938,1.2436341889307885,1.1610044366533887,1.1727784986959615,1.1501271979099115,1.1689480771029646,1.1802876689674437,1.153792303750735,1.1303452016035214,1.1504249436907623,1.1789705444372485,1.1960261612446002,1.175953783729274,1.1890418754715604,1.2715941510389623,1.2136468858490226,1.1827133790041677,1.1846745934116851,1.2166587416126127,1.2398682486533537,1.2217509737604324,1.1775472656848995,1.1984500622732965
1.1994379790979421,1.227403584017494,1.2624274039870427,1.2063160950006349,1.1770115623595332,1.2902767125253227,1.2448366828336639,1.1913840692310742,1.1404970211351029,1.1941058608477109,1.2389381576178329,1.1509089642833534,1.1543800512260385,1.149037029549486,1.1786622188093576,1.2031901959302058,1.1730688411051617,1.130842795826009,1.1455357870066367,1.1706203731691278,1.1955927358998597,1.1756741089231715,1.1966683693594522,1.2548580308357153,1.2230503843704277,1.1820725951267266,1.1892418031047352,1.221016783700271,1.2323652026116774,1.2287216431521568,1.178946845498745,1.183811975399809
1.1983165608188784,1.2002217833280329,1.2639859993790046,1.2179905798506538,1.1668927235125974,1.3111552312922652,1.241652288148537,1.1949435260467143,1.1416967692240951,1.191666237149594,1.2510252422670682,1.1503454709658971,1.143864852870941,1.1365135882402329,1.160502811355993,1.195444206571866,1.1663186639886196,1.1246200166090314,1.1486511793349383,1.1801078149472786,1.19225452297268,1.1680952272035061,1.1853986325770594,1.2543640444791757,1.2075881545961955,1.15899938607303,1.175917024382657,1.2124179001551265,1.2341177087373882,1.2212068576153017,1.157592659675412,1.1763416472380022
1.2064549588979834,1.2176223910917012,1.2550628845018212,1.2225220794643226,1.1710147015778467,1.3132555477767736,1.2424134685828734,1.202278351694358,1.1546510834676167,1.2140085909208373,1.2544124853425342,1.1676055062368167,1.1548330357522256,1.1502904331222632,1.1753732258862386,1.2078857557175315,1.173913725011337,1.1367346817081743,1.1452750061350345,1.1897614866220942,1.1835701050763294,1.1503514502838725,1.168542477310271,1.2572186493906763,1.2119465595139727,1.1628551904995261,1.1889568426851034,1.2237404747855785,1.250341694634412,1.2255400027163175,1.157280669868748,1.1770821271458576
1.2217490502332289,1.2360345658389689,1.2472787680507345,1.2244733260504104,1.1718799044000447,1.310186174130749,1.2366196368537026,1.2093049611783377,1.1527821388223356,1.2087467161456755,1.2374411449606777,1.1525243981043378,1.137292486535925,1.133712430349283,1.1601024228291203,1.1977406135184285,1.1670781647311173,1.1095134034839982,1.1254809798183478,1.1884481488042844,1.1815306631571323,1.1382280535708458,1.1710856215906804,1.2782435146521307,1.2380583505404357,1.180285468081269,1.2060305017500716,1.2380290177248119,1.257678739610526,1.231867421125003,1.168174998781915,1.1894928699718732
1.217860225492959,1.2479004261087585,1.2488700682137566,1.2350741550805167,1.173809223290353,1.295109760508645,1.2312472284004938,1.2056089791152382,1.150483450076173,1.2101190753704465,1.2355411625163055,1.1469140322827795,1.12507873076869,1.124816548013705,1.1482700341790986,1.1861794615395092,1.1587799102440957,1.1098611800106595,1.1225165034446563,1.185962399221281,1.174430649264848,1.1297555043626892,1.1646246087488485,1.2703459102895172,1.23571959108258,1.1717857906373323,1.2020706405283346,1.2306419193182263,1.2668769261514,1.2274066675885984,1.1697586734448215,1.1709495402671628
1.233545252233056,1.270269005820049,1.2410681560252186,1.2654916444712694,1.182172659931713,1.310119657337634,1.2274240849047793,1.2063291492008124,1.1522613825107901,1.202423395041905,1.2360899236273493,1.1534660726162371,1.1391018776073303,1.1397625470633879,1.1553216229958134,1.2051341627648298,1.1741187955129928,1.1168260226466595,1.1310252759598685,1.189366203420915,1.1915492353915376,1.145167672041486,1.1824260238364714,1.2811970677269737,1.2555020453245174,1.182169760640309,1.2312263678717976,1.2573644707519862,1.2896523537180868,1.2481744686405603,1.1846856240632095,1.1743741526798261
1.2215938261909547,1.254448739260675,1.247146548462503,1.2589014546432153,1.1667980926969532,1.3045066411566244,1.2358107499122877,1.2070062692961034,1.1381140690409313,1.2088474921853265,1.2478108409637285,1.1475142386164414,1.1285223116298118,1.136925732500014,1.1577253971113202,1.1909787637451803,1.1599947919343419,1.1073719102648854,1.1157204020185372,1.173223316690273,1.173808876043609,1.1268957679731888,1.1596533426603584,1.25807135561045,1.2489254799500045,1.175743074495139,1.2214549337216416,1.2552282875763232,1.2746195422875573,1.247424377350893,1.1698974483006104,1.1801086085180112
1.23015261255568,1.2660136804756785,1.2600871428761204,1.260425672615823,1.1666891609059848,1.2981576661392455,1.2411546739380699,1.2154490283774888,1.138330194854142,1.209145636744676,1.2490696134698498,1.1469792006066906,1.138480055917813,1.1412932784885343,1.1566909194905863,1.187645960892736,1.1543251804484567,1.1150942509099155,1.1137674822463803,1.1717752444326603,1.1729425859600784,1.1239009878279809,1.1549932146332755,1.2522319629159595,1.2460981469720285,1.1739879353142182,1.2216657843904974,1.2504397250156722,1.2983528490368,1.2646581540529533,1.1702478690073224,1.1729463822394717
1.2325571978735266,1.2690240637668342,1.2392586370713259,1.2573771412922088,1.176046421704672,1.3008139967807966,1.2479017671801682,1.219525544202538,1.1355024422922098,1.1923231167457977,1.2343918679386128,1.1446567432361316,1.13703306429828,1.150908984456672,1.1665324872844047,1.2005710497403337,1.16181708366508,1.101889906556462,1.1060510652872038,1.1833671310583076,1.1811880457174375,1.1215095174639078,1.165251308215614,1.2709906916831897,1.2599992502717727,1.1765008443845852,1.2243257675982382,1.2783391508596618,1.3176945969179021,1.2605409762426132,1.1786459416930146,1.1744789400381748
1.249757151502114,1.2904165725291297,1.2508187375825903,1.2653682126595776,1.1925870778062666,1.2763695939568818,1.251249173914637,1.214551720396908,1.1521524065168207,1.1948512440519803,1.2174514272940824,1.1488731682249578,1.1380307704837733,1.136975200313644,1.133898372372111,1.1763936391495273,1.1595292158082637,1.0981713793885954,1.0932881109182329,1.17627970487928,1.1687424832886792,1.1101510532363184,1.1492192700557595,1.2549422379411952,1.2583970929077752,1.196773883001056,1.233687573530038,1.27544671329597,1.3394425109061536,1.2476672624853216,1.2023794360044187,1.1895209298235676
1.260132190930975,1.3036941947613492,1.2465589856853858,1.2569029167607848,1.1993676138084388,1.2901471701315463,1.2706300399642472,1.2288813398376182,1.1552339947282388,1.209437371249475,1.2160540491306469,1.1528081607078249,1.1438385445763195,1.1491953217851405,1.1390718138737421,1.1879541140897887,1.1785204995810277,1.1237436465184125,1.1059559114327235,1.1817223392444556,1.1766679369280795,1.1191307275884728,1.1547188756576392,1.2508750210954063,1.253758773042185,1.2005801333273178,1.219062562047524,1.2688658625214444,1.342234533405582,1.2445327584526429,1.2188011823983167,1.1974832013473349
1.2389277536893202,1.2997948522456404,1.2370788555643457,1.2381083583714048,1.1951480533065053,1.2609734304463478,1.2674514443700446,1.2241060134115684,1.1612789220052173,1.205324716809458,1.2104403880044712,1.1513627690913992,1.157824012284134,1.1452844429897797,1.1210686242622334,1.1599711919652527,1.151304786360747,1.1029233939802752,1.1091034489820248,1.1814684135512887,1.1791143581009755,1.131832670809714,1.175676487235924,1.2591143701740877,1.2735928678287418,1.2049951641393426,1.2291824609886366,1.2453084246211374,1.3252276060150256,1.235824003382567,1.2053740252120781,1.205912768797831
1.2457656675921942,1.2986214214397198,1.2307690210780837,1.251207105510461,1.1857177794384757,1.2478378187307402,1.2477397326116153,1.218962924772204,1.1482364643640304,1.1908258177756803,1.1808104390069032,1.1373647928785715,1.161632739636523,1.1397436879184408,1.1195684258507441,1.1582640224637382,1.154029914808764,1.10777982402841,1.1308889669179787,1.1930327875402438,1.212976944045841,1.1542379151239892,1.2196930488708924,1.2688001591295228,1.2881776097126882,1.2288341367575237,1.249637417490758,1.2636055359537388,1.334701728004591,1.23995214101244,1.2104864909127118,1.2160623673624782
1.222574366189799,1.286665105186392,1.2382369532753181,1.2528539156985874,1.1852830917371133,1.2354370610699377,1.2433376678003851,1.2251051986383916,1.167183603405851,1.2174691936884035,1.1889051218695887,1.153520635756855,1.1811535093085068,1.1369094904219712,1.1169044414267608,1.1515842489505916,1.1436412661546542,1.1277125053540626,1.1423099546631854,1.1902226899635793,1.2227581281160131,1.167616560668816,1.22405077046846,1.2684193071301006,1.2806244242333675,1.229631862939033,1.2387185868356572,1.2553946333595847,1.335372506302968,1.252530758224181,1.1966080625214595,1.2282803513940015
1.2236407328294294,1.286370477648518,1.2591868035660914,1.2656150474277668,1.1964802485751487,1.2244199598311334,1.2394995653406033,1.2321540040020116,1.1750343487539618,1.2114885001501505,1.179180260871906,1.1504803402984614,1.1888705528421097,1.1544002134329614,1.147452989872747,1.1822811853797721,1.1751566072584763,1.1406924756016092,1.1567244909528074,1.187288926344381,1.23275454525263,1.176675407278569,1.2513252235553707,1.272150704862747,1.2994764079485084,1.2414915882001885,1.2485814452107236,1.2559328587593919,1.3332751788492836,1.256202158452921,1.214397329745081,1.24061769646784
1.2453854468597771,1.2948576780384369,1.2695892672897133,1.2677428395476118,1.2130255612486012,1.22603551105804,1.2649164391837497,1.2214013782061999,1.1873415302646466,1.2140757902695833,1.1806942874975863,1.148732402326405,1.191059909057062,1.1564715070531906,1.1462324617309745,1.1699123389368582,1.158848019917422,1.1393818328685106,1.1766839500995845,1.2279348228686895,1.2599211546209932,1.1996338209306918,1.269519180230579,1.2967434831396514,1.3094223360306916,1.2420294467123099,1.2481042587770577,1.2739846079113661,1.341487379880042,1.261586920412157,1.2148085477146529,1.2326533039002125
1.2454098580026665,1.314613166240171,1.2708661808729962,1.2676814323780083,1.2178792796119813,1.2060845187530886,1.2608795250014766,1.2399624735303607,1.2212316696214076,1.2525145045787904,1.1958747283978872,1.1768991329717449,1.1830007684651735,1.1539667048420732,1.1416293660225585,1.1678228757843556,1.1558733079514767,1.1432937597363728,1.190766472972083,1.2369883784842681,1.2767847325682642,1.2061940237449182,1.2874674791450877,1.3015769412969236,1.301730880852907,1.2540422886170057,1.244432759662515,1.2635770762574665,1.3416768008606674,1.246466339605207,1.2230801260938566,1.2274166742905683
1.2545389869738501,1.3008084924824357,1.2593675124543355,1.270063424663546,1.2321697997230874,1.2032383702585818,1.2650895026950815,1.2545693265734703,1.1990750418282943,1.271995310486911,1.2090740205795365,1.1770491706019552,1.1662971761919436,1.1514418327408882,1.1431740295786024,1.1584271605144736,1.1528912933539677,1.1328880899391227,1.1919867993753008,1.236637915167722,1.2802307522829088,1.208392031896707,1.2973761701227333,1.298759085921983,1.311646600193285,1.2733574176458864,1.2669615833950951,1.2538191684142048,1.3303192348301272,1.2478649192099558,1.2421954939740056,1.234347566532808
1.235452313845976,1.3010764489618032,1.2514367697978601,1.2551735663477452,1.1911268608217684,1.2081057163328053,1.2326169262645963,1.221627977086342,1.2075712716717273,1.2637697096506428,1.1933657083137192,1.190869093238577,1.1764111573300489,1.1798623247200861,1.1745693835289766,1.1827351178550394,1.1683152982942495,1.1468418496688273,1.2094230028517,1.2643824789069769,1.2963652730752173,1.210612305753093,1.3051848243777189,1.319779511770936,1.2883342177378438,1.2396185043507035,1.2457154836999427,1.2440779518611313,1.3097935946365573,1.2409552818489271,1.2048726922988342,1.2230358130454664
1.2309757319995545,1.2937519891203206,1.265022556321134,1.2534417768086776,1.1771083502975386,1.202079993521052,1.2235285049970008,1.1972632058948933,1.1765805369864257,1.2583762983422653,1.1924469160908648,1.1563558402092555,1.1555879649904226,1.1544206074794903,1.1650527872370569,1.1623915697685059,1.1401155777882084,1.1305238837073068,1.1938493688202765,1.2634892323757159,1.2955110147274675,1.2143568225918677,1.314626694740766,1.3187804358572535,1.2949911603317148,1.2259360420182859,1.2335754953478049,1.24065696265769,1.3014070844868972,1.2246860998323423,1.188912775271408,1.2297608412904613
1.2415905975943236,1.3075170249439672,1.264174510461477,1.2462727106758407,1.1768508097674188,1.216336804206054,1.202764178383485,1.200421805872171,1.1671497203862782,1.2309498032150064,1.1859523866800223,1.1452116633631024,1.1442312973110884,1.139919275446966,1.1602215291090099,1.1681643661939427,1.150333363331727,1.140253676111499,1.2034360804972655,1.278582445175327,1.3029490972580828,1.2280649988294312,1.3025015431537834,1.3291035439933154,1.3015433770208937,1.2327948832934912,1.254349766503155,1.269703258528255,1.2922382409784583,1.2370357019339377,1.1889996420199103,1.2258289107863245
1.2488744907642741,1.3022413206689385,1.2687496575803123,1.2372680499395412,1.1887977701677586,1.238208798884834,1.2066541176653718,1.1872327661045308,1.1655346395928743,1.2365543034958069,1.2031151758131358,1.1539065653094058,1.124902697810876,1.143478123574463,1.1796434044043376,1.1786769101769752,1.1599463957554177,1.1355727222336813,1.1886705354058344,1.2745562973716835,1.293165933335347,1.2015722599469816,1.2840361050874274,1.3172296001149129,1.2812111691461827,1.223828540767814,1.2402691331618247,1.2605686374042258,1.2967142166202026,1.2288873781617293,1.1985146088040728,1.2124382716011652
1.2280155301623168,1.287441564833662,1.2784582532214153,1.2323528990120778,1.198773457313539,1.2598132144791012,1.226847875250185,1.1907022361550426,1.1666107353448583,1.2314518451385779,1.2183249145661434,1.1440178537974024,1.1246830613433558,1.1347960620848265,1.1790949270156272,1.1690907556150227,1.1502677650465911,1.1367698497791012,1.1977400325263525,1.286151025790245,1.2986997056259226,1.2100833172915866,1.2715323951366062,1.3366839961560741,1.2677331411067705,1.2023121988316718,1.2195655488002968,1.2573467363019184,1.2762977684824528,1.2272581167910408,1.1756141554545778,1.1956447127664143
1.2246547955565477,1.2923462032090103,1.2642620092606474,1.2325072993577666,1.1772092629008102,1.2542049740671193,1.2302228958004133,1.1981983248365915,1.1525138471596088,1.207279883970422,1.2099713397384406,1.139222895152356,1.10896378368251,1.1189667437101807,1.1427667619344688,1.1529712466284021,1.1523755405130558,1.1299029057782222,1.1804176703155236,1.2752869701305527,1.2762363039593951,1.1919775242007906,1.2596192281025134,1.3241353867482102,1.2619097927329122,1.206913945786535,1.2171523308969687,1.2611354754811221,1.2855068291659808,1.2289723742573169,1.1714823041722127,1.2053826579736786
1.2071100450575212,1.2988444156352685,1.2614590827603414,1.2191030339193272,1.1704374475415373,1.2583074085279822,1.227720820760931,1.1939259147722876,1.1515820320263153,1.182105805925113,1.1796753925952945,1.139844783686129,1.113890715073302,1.121421608032271,1.1410049329842042,1.152610676267564,1.154479467707505,1.1256641457612286,1.1732163713960926,1.2540859403652664,1.2665373362188301,1.1913910199793696,1.237074680072868,1.3182282784264472,1.249200354138546,1.1947697606192187,1.2063240218194655,1.254094955925246,1.2966799841463434,1.2069330487503533,1.16144301302438,1.1956736684359868
1.2171685995054202,1.282752606138277,1.2446109849889921,1.2315775954138823,1.1662593679786868,1.2496204297929159,1.2062667581687254,1.1872787984465327,1.1304237020936172,1.1770424335919563,1.1804830455471114,1.1351915060501196,1.1079142310733647,1.1236270118396954,1.135302831458278,1.1460180828852924,1.1575853402682033,1.1358099287407302,1.1745237770489463,1.2316299062878364,1.2601483328851262,1.1767400733421933,1.2417844231245543,1.310767968155362,1.2694994674045947,1.2095841475127027,1.2147935867445,1.2552486605540718,1.295231316464866,1.2032924183254972,1.1684308571782,1.2060846335493305
1.2032960234183454,1.2793764553102351,1.240855319903788,1.2283813916445026,1.1608993189534937,1.2751485889756322,1.2104886804300472,1.1725965528207687,1.130106330684782,1.1692076838717462,1.1711021259177126,1.1332966969748974,1.1151558781931157,1.12671314047679,1.142248651898337,1.152071624894927,1.159538490762214,1.1416839959700624,1.1803166474963387,1.2296186647730398,1.264106798660303,1.1881709378763243,1.237839895192527,1.3202407623567252,1.252983645246167,1.1909828194764889,1.2069915109599108,1.2574847809416703,1.2746574523069993,1.206596158399193,1.154401724233351,1.2087286257347851
1.2043683943730232,1.2811341382223145,1.2399091471443864,1.2311146047201236,1.1879693535835223,1.279597792722284,1.207728078835636,1.1720372161272474,1.1446706640701132,1.1610901887581186,1.1627548503212626,1.1510029645787936,1.1379963407269122,1.1373682336954734,1.1452328449447478,1.1616592682756026,1.1717841037783447,1.15236338761319,1.198663687699407,1.220939756208658,1.267276203485031,1.2099457319407585,1.2505835583863443,1.3071842235847329,1.2657823308533334,1.2230974496357745,1.2235311165457616,1.2557259831035334,1.2796512143417818,1.2172308097308357,1.1829726968347396,1.233361167604272
1.202377502375978,1.2709164354919718,1.2344704052079005,1.2260268775897964,1.1926609602117277,1.2586834038895571,1.2141528374177057,1.1690290562381997,1.1440332898372012,1.1493310616702936,1.1714608587738995,1.1495934643605936,1.134696079290527,1.137211372288064,1.141435419038247,1.1496629406468855,1.1640273241378927,1.1529447251265679,1.192327644365045,1.2104038129836883,1.2515867023404208,1.1917245412481199,1.2266568573028513,1.3015918239525501,1.2581062103213898,1.2003928719593606,1.2057554662528434,1.2620709075644243,1.2806273183878005,1.2364120960305598,1.1744598156858934,1.2113460450778955
1.2274478502242634,1.270617286901066,1.231765217911892,1.2356360512946123,1.200257728378009,1.264967425627652,1.2156492094350313,1.1741485555806623,1.1349077887109644,1.1577336730816667,1.1694320763619388,1.1446541175469227,1.1395694935836551,1.13823853735276,1.1417591404108731,1.1393685310437454,1.1536897704123545,1.1512008380300098,1.200566639443016,1.2070111752582051,1.248230416274813,1.196190518409467,1.2254265592584526,1.3022826515241583,1.272330175296709,1.2213982547749693,1.216116070232443,1.2684633307633617,1.2950549858584028,1.2615392587132728,1.1858706499266565,1.209213648193894
1.2237990961651473,1.26865860923978,1.218573481545721,1.2431463992624314,1.194613523021317,1.2695532051326033,1.2373748727696408,1.173939155373019,1.147731554879664,1.1686824270883474,1.1790755426862098,1.1554312982429344,1.1484507112673916,1.1453796198987343,1.1479772691637296,1.1496699894238978,1.162143646347688,1.1540709961076594,1.196988411282617,1.1975160527629973,1.2392916467300785,1.188942743665805,1.2320742844462926,1.3084991197107236,1.278218680180626,1.2101486656634912,1.2070553853951744,1.2541774717700018,1.2838450988148067,1.2784252426655693,1.18056850854425,1.1922804213521323
1.1927118960413647,1.2743880337270637,1.2194138841190607,1.244955158984217,1.1918641453277408,1.2643407828227242,1.2483611851066783,1.1730588927874623,1.143868987219076,1.1740773890951464,1.1981897891452424,1.1556356523252835,1.149660457213679,1.152826385758268,1.1487700774905114,1.152751286479168,1.1644489195994818,1.152575711614119,1.1881873603409023,1.180634774650514,1.2193738271534174,1.185857835883174,1.2186136059840915,1.2938122656579687,1.2746896269609613,1.1964736843163715,1.198248196520263,1.2390733387116601,1.2722307669788047,1.2670521980124783,1.1760504398198264,1.1868439299752667
1.2247561460439882,1.2954960878847928,1.2129580880465807,1.2376943203662305,1.1781633760103902,1.2676925074438175,1.2401228364679693,1.1682696850936025,1.1484631396819351,1.1655807957999076,1.2026898600510938,1.1622058170642138,1.1596230297972727,1.1612387169297118,1.1643925013865875,1.1760857893732009,1.1841973562924188,1.1582353890756687,1.1832572291404158,1.1793669028804075,1.2062478821441864,1.1782448581294866,1.2023821325959534,1.2765581901464718,1.2597616301296783,1.2030476693021965,1.200174061412556,1.2342780082041818,1.2888037088345836,1.2696146697707509,1.1877714337471894,1.1843668397625995
1.215934680568978,1.2788350232551107,1.2067983642602957,1.2170008624799642,1.2012222602564464,1.2680099729527015,1.2353827775986375,1.1708741990198885,1.1642185415573916,1.1959296238908768,1.2148773833054414,1.1736847608429675,1.1752475616179707,1.1675598937306586,1.1686955001328034,1.1789632491944375,1.1881363920447348,1.1585585011372566,1.1896025673945807,1.1784085230420018,1.203329219951494,1.194152666199104,1.2183452604607479,1.2437887884866032,1.2472289656432483,1.211675303357576,1.2004552310153964,1.2049593048120073,1.264566909857977,1.2592202097012521,1.1989963209031278,1.1946623085063222
1.232245101613922,1.2666376346801256,1.2154044961528094,1.2125574037146374,1.182640312591107,1.3093488828331095,1.2245465839274863,1.176083819977469,1.1487216066440646,1.1897131869362696,1.2164225824025927,1.1479791995322208,1.1616451610478402,1.1508678913951311,1.1685095365790534,1.168990132312209,1.1707157995856117,1.140875218963696,1.1554084086784968,1.1808038977500814,1.1895330193457225,1.168174780029218,1.1803011107891002,1.2538571457214676,1.256735409928652,1.2017432463902886,1.221018502069999,1.2267592118023358,1.229790920303464,1.271768393626803,1.1778489666781857,1.1759893225464984
1.2165019165044526,1.2764479777122755,1.219927304522458,1.2197202526607471,1.1688416484119994,1.3371232256159429,1.2192682690798786,1.1687359190020157,1.1565364385482402,1.1969615270019465,1.2080138093481032,1.1505949166152991,1.1440018932508655,1.1446001993927524,1.1599191103650257,1.153713673962994,1.1510321008332172,1.1201290166668787,1.143701408857895,1.1863609076639383,1.179010865286165,1.1719248726508382,1.1705510968871944,1.2378469710831177,1.2423974397629916,1.1914531262157606,1.2010704181665461,1.2116108128219123,1.238281417844931,1.2515469424783736,1.1744289939214863,1.1595133357084637
1.2404840351967241,1.2549173791515307,1.1946010722205758,1.240448308622262,1.1602170770582052,1.3352233846410613,1.199099388673689,1.1638702123475029,1.1331539263267107,1.1679676043668712,1.1896174223122993,1.1148123025837775,1.1230269515481748,1.112540611493342,1.1332934263961019,1.1392235983601904,1.1417493731283135,1.0991035752835503,1.136312152463122,1.1849267674515995,1.1787391595506547,1.170917797725603,1.1743789832206362,1.2399509314277775,1.2597219023469146,1.210220585553486,1.2344861332743424,1.2184587419174817,1.2600771447791994,1.2512994094015668,1.191245642321427,1.1605696849741534
1.235186039761688,1.2522593519842786,1.2110617056709327,1.213379878290958,1.1358729620952415,1.3167996879452704,1.217140833956797,1.165064514911937,1.1531919925432743,1.1740976385969164,1.1964904649998584,1.1278248335448227,1.1401753383325062,1.1191474476230157,1.135515508434142,1.1454679737657478,1.1449032639153947,1.1104792722339982,1.1396439962907927,1.181236866060924,1.179115255340528,1.1750428447587646,1.1848179543420638,1.2343150851680653,1.2461059163097048,1.2081340383634656,1.2416941912421045,1.2122362679170857,1.2257471910195532,1.2278148597791954,1.175699689017118,1.1608373745107021
1.2430690147034436,1.2623174493601717,1.2108295928899797,1.2276275971370816,1.1307928438664112,1.3304025254390641,1.2034172440521522,1.1682982037741383,1.1425482986619135,1.1758532709196745,1.190316620439093,1.1236539907533465,1.1270735184030074,1.1150115592478522,1.1290860302569465,1.1469910033881165,1.155143486207035,1.115701123869851,1.1355226514542025,1.1805176303134197,1.1769206813750632,1.1618193677368482,1.192918012882393,1.2337786586219468,1.2345099227597054,1.2178908528026817,1.2389125827054208,1.199865548807385,1.232971906687212,1.240722780687813,1.1781380065071632,1.1507279576447373
1.2524927272191944,1.2711465848656363,1.2007913143623243,1.2407664961666662,1.133368317648118,1.3402585214905083,1.22207940549827,1.1857046340162314,1.14405306636892,1.1842484047411146,1.1937598837947185,1.1288736814849407,1.1293670470182364,1.1119823163927605,1.125710216622708,1.1379788938662807,1.1361377334922098,1.110286575350236,1.1254533044719257,1.1666723947518909,1.1596102144237437,1.1668092948441668,1.188678311900894,1.210670861428332,1.2283771620267767,1.2272457937107266,1.2378224981232753,1.1850196902584882,1.2320517509482696,1.2253357064621933,1.191086501248448,1.1830446989699785
1.2513314660332377,1.2571638311547237,1.2056267249111772,1.230904475112694,1.138001876654329,1.32837416662214,1.2179869595043682,1.1864172246029867,1.1428949892114981,1.191244598409353,1.1976527152470697,1.1309037389314671,1.1319433335240157,1.1139849516342282,1.1339590992211546,1.1470506461654761,1.1472057935080424,1.11544463549739,1.1322313631961627,1.170082424029549,1.1712661838000744,1.1694653341227816,1.1890332629257496,1.2021962499313958,1.2218064651402232,1.2262578785433047,1.2487470009765451,1.1894476058014551,1.232583899066034,1.2225862450092382,1.1905475886402266,1.1748322275733383
1.2719901035413401,1.2449511267334854,1.2039700750154594,1.224119707149904,1.132188282728513,1.3260295929210204,1.212791428597369,1.188130138635519,1.1303461711590104,1.1880461179846702,1.1875838024957193,1.1162222294930453,1.131825883905775,1.110172246826615,1.1261203250670715,1.1415962222513547,1.1491674416594109,1.1231169257976408,1.1293452484671394,1.1677811159185292,1.1713299717559944,1.166798094191853,1.1956514684169686,1.2093484001608963,1.2282106996342426,1.2288606602610568,1.2502884126613212,1.1937765931232496,1.2353975134016226,1.1991530894257034,1.1866949937413502,1.1814351730624242
1.2677367313196053,1.2430419395313204,1.224632439076514,1.2315188221279172,1.128698349612709,1.357698298668661,1.2371525553037683,1.2127919344740978,1.135092407181707,1.2062605719901192,1.1986509236000178,1.1243907991444646,1.1355145910275901,1.1145125798031668,1.1281810534933996,1.1351320036794434,1.1431856410089214,1.1317384648378637,1.1482586391954417,1.1861962044954146,1.1897193882695667,1.183364980086516,1.222744937585926,1.2244090478179497,1.230965661983442,1.2388471809831592,1.2443994177462774,1.1956635145393542,1.2363482608328702,1.205568733381702,1.187776976976033,1.1848517120708544
1.2741381364509317,1.2771327769022447,1.2373620943257229,1.2383671870771396,1.1515039082754688,1.331718660598012,1.249803582326168,1.224011966994344,1.1511140987365054,1.1937178564027011,1.1931239824266835,1.130648249190875,1.1400724202612644,1.1096550578595452,1.1210063983686842,1.14501998990421,1.1549649848436545,1.1351414240137274,1.1445288857581197,1.183161557334881,1.194660502491752,1.173566327894719,1.2274024650639281,1.2258597044594386,1.2373113253165788,1.2496243785301053,1.2606826375488898,1.2009652396650266,1.2530177284847763,1.2001784228807864,1.2086825470894773,1.1865609781531885
1.270940877212916,1.292516336791791,1.2608801163300618,1.2537377682432291,1.1504526821874281,1.3174587090633647,1.2611566941735237,1.2390748064507844,1.1554669933619068,1.1998379003544613,1.198098217722665,1.132058196048886,1.1599728398086084,1.113280791515559,1.122210318244662,1.1519789382405594,1.1635561695578085,1.1502196595388037,1.1608867302002805,1.176047186009078,1.201665465967726,1.1987974055483068,1.2410442316307928,1.2102395733959304,1.2319201575388434,1.2408236156461139,1.2619546314546157,1.1948073148910587,1.253274002245098,1.20085178577752,1.2165691265027045,1.2028195797521313
1.293215424746647,1.2752781073262551,1.2718797543836349,1.2497892915193538,1.1553388903839714,1.3074900997201222,1.2664045060590485,1.2672298309047865,1.1568638167309635,1.2227339548962428,1.221332311199896,1.144879454663153,1.165066957528569,1.1205114958135247,1.126087142761039,1.1599908763457123,1.1758422661074737,1.183701329477317,1.1801610233676085,1.2031259342365623,1.2200342791527128,1.1961785228496131,1.249014792499526,1.2295232387106934,1.2295901814944958,1.2287567810719495,1.248379640988959,1.2051198567148986,1.2357397519257687,1.211776420402502,1.2067988102152143,1.1967019473939775
1.2959041415653443,1.2773254805982521,1.2782613773704006,1.2498677521699455,1.1667620537609766,1.3041472020703,1.2687958556954455,1.2570174678671606,1.1628391832676694,1.2223323871143492,1.2243217594922369,1.1460050438134242,1.1645215652225682,1.1190530690268585,1.127677072018929,1.1665213894005075,1.182646458158531,1.1817978042488695,1.1679110739921323,1.1908429975390447,1.2062325174443729,1.1884202323478221,1.2385878723027548,1.214027594933376,1.2261856723361115,1.2182645414923698,1.2466074758251346,1.209718141947184,1.2436664358679723,1.2278620277667263,1.1972206982658289,1.1964819639579733
1.2956310472773906,1.2965421761377107,1.3174108254407586,1.2464703065808942,1.1797557065766409,1.3098483030917407,1.2714776539962598,1.2943375810535187,1.1679268193808519,1.2405493614112995,1.2271828960774007,1.1453815960551328,1.1659380792467529,1.1209090618343858,1.1364857517670588,1.181842015946145,1.19473451384326,1.18489212910356,1.1775609260579094,1.2003393551007395,1.2192613383167086,1.2143718680290252,1.2614885165066616,1.227969489783169,1.2588192030438914,1.2323252002962661,1.2485596946405098,1.2144335504853603,1.2623724179758038,1.2387431728069869,1.2130647828390815,1.2267156206275651
1.2727667640612963,1.2808906218355272,1.284504555810406,1.241960078818387,1.2011442611635146,1.3159466114955525,1.2947597490090204,1.2793950696145977,1.1711980338894177,1.2514541823083425,1.2436919153465231,1.158027872890129,1.1587550105042748,1.128823932827829,1.1439031172185485,1.1832096552805522,1.18613813952509,1.1763173678437584,1.1766547238692888,1.2151207587791601,1.2334905715490458,1.2100078428561871,1.2592727407457318,1.2348884384289274,1.2561977727491882,1.2324309029529819,1.2555741942706509,1.224312753050627,1.2698932053252874,1.2405463289843497,1.2276929132041872,1.2196121933972053
1.2693270586740772,1.2698218478660195,1.2917373293652321,1.2376218727421504,1.1759651167718086,1.3185081230974438,1.2932420943525837,1.267347645321937,1.1842070125295743,1.259268907815284,1.2455029374306283,1.17310724702355,1.1766540935073886,1.1504479008859587,1.155870812861189,1.1996224583778556,1.2110034821114959,1.2023682335182309,1.191078135262443,1.2327412692995037,1.2383237328114285,1.2158118934856579,1.27079405365004,1.247733065361299,1.2647028891194159,1.237651507447392,1.2583227640653092,1.2371283522620629,1.255207146382465,1.245862245045707,1.2198880401159706,1.2213197542918464
1.2787967062660979,1.300510366016426,1.3211077195830216,1.2800646147963355,1.2030648572636107,1.3507851911029758,1.274477750761336,1.262669028444792,1.204913475116284,1.2562100617378378,1.2437124518362979,1.1698902199938337,1.188213226761841,1.164514353938383,1.1728174211601012,1.2150777015736902,1.2140614743045817,1.1978847579516054,1.2034799405826213,1.246780557596456,1.2525063622608172,1.217626595338616,1.2732760150037303,1.2467607365242053,1.2527393439356216,1.2446142318046718,1.2679253246797215,1.2405101552617679,1.2498387043219004,1.248343192037844,1.239774381585797,1.2260402913175268
1.285158615012267,1.3122188270545423,1.2991935465205953,1.2957038364363722,1.2006460602522881,1.3538829345570327,1.286376501467239,1.2501399081628706,1.2028766079952657,1.2772329768469535,1.2783438919081205,1.201904512666173,1.179831183180168,1.1896477904085148,1.1919435860966971,1.2121184426079166,1.2098976867405522,1.185785631394351,1.2153469761598439,1.2755382553788683,1.2732803607687941,1.2391423787044342,1.2887720579551811,1.2555736620390305,1.2613035626014009,1.2512599870945698,1.2667824795801172,1.2510851941127283,1.260593480318418,1.2557420384873945,1.2432508787384544,1.2269506217069992
1.3036542284376587,1.2994899738360322,1.3003825434649017,1.2880405761397098,1.2182668472813065,1.33994228362402,1.2918342621613128,1.2233324264731187,1.2104940758137381,1.2600882262044355,1.2676969174049821,1.2025376262108078,1.1868258710320017,1.1991554117775816,1.2043286822837027,1.2118325768325406,1.207308720505974,1.179459976417817,1.2192712416297127,1.28030462760464,1.2828629305093664,1.2366146794615738,1.302652904752788,1.2627854555610636,1.2811206969019422,1.2557485480822668,1.29230189171968,1.248555334908714,1.2681508100694074,1.2658621133807508,1.258083577537688,1.2211177417819226
1.281668490013896,1.2906747784354098,1.28022454888387,1.2722704602982053,1.2214049440112027,1.3287018256327539,1.2560906669190977,1.2089439320115136,1.193497382387828,1.258700815429326,1.2534259568252943,1.2021296169531313,1.178229757876839,1.197523758187041,1.2118660341232346,1.2079939684467556,1.1995794042681067,1.1740952244083325,1.2062415816455148,1.271849484660936,1.2678698039826133,1.2252513105478258,1.281953146369933,1.2671387675863923,1.2813753376627508,1.2582627150469792,1.2775220330530774,1.2488190221300515,1.2731015396276502,1.2739266072507984,1.2493155640225748,1.222098781749166
1.274963853962791,1.28415863588854,1.2817071229982995,1.2609104472755934,1.2165450943540435,1.3263707385808845,1.2518604034835932,1.2096429269613727,1.202007022017732,1.2723598419418785,1.2560807124151607,1.2003130464649292,1.1681762013371764,1.1935506428446148,1.2120282456967246,1.206500971357166,1.1989752408414849,1.1632857045328047,1.2038541587178582,1.2807963644358362,1.2715957086385912,1.2158277617447444,1.2863470426093069,1.2844265834547137,1.2944675679006323,1.2559388962711313,1.2759869550592642,1.2566601716617363,1.2618316146177624,1.2619164005002719,1.2330591919802922,1.2266121724673609
1.2552460023905696,1.2978264204444099,1.2931563675920716,1.2544578594537885,1.1937424636940315,1.3300952343891133,1.256816567250986,1.1986075619152416,1.196512519423554,1.2513418385379738,1.245867469442088,1.201026680577273,1.1807760983271847,1.212304786694361,1.2220070771557328,1.202880882650933,1.1980442906505757,1.1692602652543798,1.2156193106767401,1.2970473308391417,1.2940254288004989,1.236513898746769,1.310529854596814,1.2987215099437321,1.307775887647825,1.2700122683181325,1.2723888428104375,1.2402513209072223,1.2627678583739577,1.2407742508357913,1.2194735574163003,1.227797168515206
1.276463276544283,1.2967729246858897,1.272038052020298,1.244125107572546,1.1982741402164767,1.3354659868194414,1.2326735540644762,1.2071255863269676,1.2076539320191373,1.251224162918368,1.2274553017137175,1.2010885519523948,1.1808224217321504,1.2013824232380637,1.2152900583889539,1.1962354396729082,1.1894672646926239,1.1455477714606543,1.190025591107332,1.2934553443742631,1.2820264515372914,1.2127438672869357,1.2896548472999243,1.3276193732225319,1.286208186497785,1.2742346848800756,1.2897587883842503,1.276593486329549,1.2935340476928077,1.2519765330576407,1.2362636318647493,1.2329449735186018
1.2663086466226265,1.2810026552985518,1.2640178126817712,1.283044670462665,1.1977369501547779,1.3241837526036897,1.2194524472954429,1.1857350872815997,1.1936724239538417,1.2240516751544464,1.212131396740934,1.1783959365131025,1.1669168772018286,1.1805942222335613,1.1947266135188555,1.1773665975013183,1.175117801003498,1.1372184450548688,1.1780463778867791,1.2744268052440484,1.2649565634951347,1.2141042146922882,1.2748310381306165,1.3234914805809734,1.2910443947102053,1.2823937815156383,1.2910722798491037,1.2820536000838467,1.2910179856056379,1.2329405730283924,1.2316137581121471,1.2202982506493072
1.2652952884074167,1.2944881198715794,1.264226740091984,1.2721447761195233,1.183213993486598,1.3091224150296072,1.2088732799976527,1.1804875295932866,1.198458121960833,1.2279129971279859,1.216424534251528,1.1726912944786068,1.170797225584105,1.174549670357022,1.1869713839032585,1.18433086691631,1.1858206329160255,1.1482505468212285,1.171151599631844,1.2858902125930292,1.2538676346345936,1.2077750436194792,1.251992681989572,1.3368387519848337,1.2717442310541027,1.2618037451853217,1.2791682465633247,1.2774743975954381,1.2877492933526107,1.2274966165402907,1.2219707774011535,1.2058634031757995
1.2525859953365344,1.307886336180096,1.272357069178231,1.2720018059239808,1.1806718013382271,1.3207277421096029,1.2259375610834247,1.2241694509088332,1.1829341601113514,1.241363576014832,1.2320937661474436,1.1640774929555011,1.1427588486123579,1.144207309636509,1.160797394063377,1.1677985092268202,1.1730034005634873,1.131670319230973,1.1556388936505362,1.2793206997176665,1.2518791591228815,1.1947326969199425,1.2378739844944737,1.3445656964961936,1.2757773587275254,1.2703502570369503,1.2825009556319706,1.2657646015583712,1.3030312426391084,1.2199025624907034,1.2272343621114052,1.2082487838167189
1.2499883471100992,1.304552147831919,1.2658318329248734,1.272762896532695,1.1913407602680237,1.2913897015166844,1.2108782436479655,1.2115067716421264,1.2075618927041811,1.24684975620368,1.2199555905291668,1.170078897315439,1.156608533722291,1.1509784557499183,1.167595848495391,1.174329324053459,1.175993114286346,1.1344545747190438,1.1536959562835216,1.2598725556549064,1.2270770322796538,1.186486056824538,1.2164933183005235,1.3305918646887673,1.2638980874722758,1.250513346711889,1.2639433781240115,1.2609326701509718,1.2990716412624816,1.2165420633497273,1.2302918830055665,1.2017202939115657
1.2510042729497708,1.2695847654404149,1.2657553092807141,1.2637488606052645,1.1695144303726646,1.2820711683195458,1.2072907750841928,1.2133745933894604,1.1860440057591786,1.2322621211441294,1.196483665383258,1.1484733255385013,1.1556876014040256,1.132930057713318,1.1481065469304172,1.165964395432182,1.1645458259426955,1.1349131309801768,1.1458243223622557,1.2452948890867124,1.211033067226612,1.1740569741760187,1.21126675826227,1.322460718132001,1.2690689748566828,1.2420828377846433,1.2449697319738025,1.2656972824574726,1.300973765867922,1.221026384363188,1.2076965129125137,1.1915262094983843
1.2481791098804094,1.2810525351642352,1.2844585840080553,1.2815546592717444,1.1760833887353503,1.302383880294741,1.2275783552251391,1.223620467447824,1.1844667972277223,1.228289947974639,1.2025907904143087,1.1550596451101605,1.1448721355022984,1.1332701386128503,1.1534910759063746,1.1877604324105704,1.1798064897898484,1.138364641526427,1.1437362515505447,1.2365211949342738,1.2023072573031106,1.1476957956116793,1.1914374925065967,1.3020483042504711,1.248927554569775,1.2194735547362017,1.2161864069154378,1.2528280956165607,1.2769876378118878,1.2106148159196273,1.1911382269652435,1.1765924496896503
1.2543291595416053,1.2581713565840709,1.262801448896047,1.2554406925839794,1.1677052320531975,1.290995307871833,1.2037252380965193,1.1999294706744406,1.2024864756697018,1.2160211138973602,1.2039414905634898,1.1489178253846553,1.151579854288669,1.1356708184443387,1.1570425269074138,1.1968332178339796,1.1924723387697878,1.1354711740401688,1.1369722941811258,1.2277927891901304,1.1932779642873894,1.151136259722307,1.1880325035366475,1.301279378124627,1.2572295382067247,1.2053229552525981,1.2412765655041664,1.2684367066071336,1.2899749195070953,1.2343997776862448,1.1982009813456533,1.1645210782119575
1.2677087051212577,1.2588029208292255,1.2481441730907952,1.263411211435245,1.154660898813731,1.2923616204350215,1.2281557023080376,1.2043159935807375,1.2046847526808968,1.2163963154819688,1.212528222330564,1.148344762197377,1.1445805647088991,1.1288584898257665,1.154113652878606,1.202691978390561,1.2010659541106166,1.132699268469781,1.1242273240254441,1.2095168484441163,1.1755237877599445,1.1368803509076923,1.1739439596521546,1.2847609999668421,1.2500121638994721,1.2220768037260374,1.25353251307637,1.2657845125395875,1.2870704390655456,1.2498925687136881,1.203194767443426,1.146788556741208
1.2653501263447569,1.2473139429684081,1.2536943459437941,1.277040366148486,1.172132078035353,1.2984712296182217,1.226732294850175,1.207083197419583,1.2140504777097125,1.238798423246843,1.2243911048751581,1.166078724969735,1.1471819719325727,1.1430538148152474,1.1695881214890587,1.22241075216065,1.2128192741378938,1.1390023588718303,1.122284696411693,1.204991627860919,1.160045628907727,1.1184207593367443,1.1471266797685642,1.261570805684432,1.2198302543675716,1.1834134291962255,1.2140338235126538,1.254562556648608,1.2732894849125798,1.2445508263657628,1.2057028708896407,1.1557920186685415
1.2514807596382964,1.2474309986711916,1.2564456373135697,1.2765784814825802,1.1604504441545158,1.2833087588652046,1.227525764789632,1.2079635046936035,1.195435798338317,1.235288986455241,1.2297779506509878,1.1555992383340388,1.1535875458648748,1.135861167381805,1.1575319236657957,1.2202137143977438,1.2118561764918867,1.1557456543590927,1.1377673676200584,1.2137206336983124,1.1816614399098966,1.1367788902753304,1.1573833764882067,1.2594435823706513,1.2401271568891867,1.189914174904512,1.2412426686714169,1.2348187565221578,1.26323474792257,1.2526996279771574,1.213256243070774,1.153527473096702
1.2399960605442477,1.256046494953966,1.2702188585878325,1.30013944324007,1.178520645392937,1.2630043736613004,1.2378868813685426,1.1949972939293834,1.1936897742384203,1.2322429215914552,1.2175969639688762,1.1690858016784134,1.1660483936655712,1.1540952683434904,1.1805699393079727,1.2488777638679815,1.236560995585559,1.1764718750037233,1.142817347807087,1.2160672020154992,1.1845245129800808,1.137671825095877,1.1563456129047847,1.2495421392388086,1.244904622125456,1.1895851563236113,1.2366124718651073,1.2285004301565818,1.2558445699385783,1.2735922548304055,1.2277951255039212,1.1529236184863703
1.240207988718492,1.2500606340227487,1.2601707206330022,1.2911631692675631,1.184273439209093,1.2722882873172985,1.2398537135879306,1.2006660112965306,1.1930347772126626,1.235852235195628,1.2332559969188113,1.1736980678034346,1.1692409845554628,1.1497178659037148,1.1699284177268012,1.2387799471119016,1.2287984062198685,1.1704520112529355,1.1526665881582323,1.2196910910572627,1.1912930686080885,1.1525236687119897,1.1661495939890307,1.248456789410175,1.2641201588500897,1.1980159000776294,1.232731998294552,1.2234113544592633,1.2474305087248516,1.270425965619401,1.2088602113575853,1.1643055198836985
1.2314845659913156,1.2708393745279876,1.246319321713541,1.2992664061355068,1.1764521047561658,1.2676649897327488,1.2275213226531831,1.191699932704741,1.2046868205673413,1.2183951495958218,1.2158872650542656,1.173939011931023,1.1798058976433008,1.161285765104724,1.184663404263612,1.2373207982460217,1.223297643368115,1.1701770965098166,1.1496666143506327,1.2093588469910916,1.1864944890641431,1.1452613407968044,1.1619003247556217,1.2411080414452307,1.2519919036925555,1.1803215620399663,1.2264928778309128,1.2186174422254699,1.2537488603668883,1.2489192731142205,1.2030897755037941,1.139871305920438
1.243999713019082,1.273071803986742,1.2324888097161613,1.2877220358616845,1.1894409858728856,1.2559568276178235,1.221700952168979,1.1818811211865374,1.1984200534655913,1.2172420171903027,1.2226067902632076,1.172419012686403,1.1893592889714364,1.1601799957928929,1.18697129150416,1.2527733534164116,1.2520019122512547,1.1851992703780885,1.1682440265099745,1.2056905331233785,1.1907335713504104,1.1576728165286039,1.164380169509801,1.2378485300359725,1.247442416063873,1.1903109102268496,1.2489387141144137,1.2315186585566016,1.257453361542837,1.2781877818684158,1.2222555431932918,1.142378698026753
1.2212935738803,1.2869896892341948,1.2376337308974015,1.2843059378575323,1.1884901473044098,1.2397563301741197,1.2248320116942888,1.1858389355888281,1.1885684195523187,1.2292187948927782,1.2330565232534347,1.1602896680658854,1.1850458669270818,1.1540611485644072,1.188744063648115,1.2406219196952668,1.2368346234098273,1.1664205668626202,1.1466246099138795,1.1942233217544513,1.1704030749170908,1.1482132734149728,1.1512547927776713,1.248938079889252,1.2328834147526084,1.1786820343225495,1.2381951161045675,1.2211418558952307,1.2567870642298955,1.2638753808437815,1.2148669826108769,1.1545310116554963
1.2109865070669132,1.2829555614157697,1.2512251465891226,1.2575436118061116,1.1761287851812707,1.2374893299779604,1.238652004644885,1.204246303458014,1.1961529648846911,1.25504783630077,1.224346092093081,1.1663423420045727,1.18124263718203,1.1569741811607628,1.1836866855974377,1.22548260171954,1.2274100277086104,1.173838616727688,1.1493252785645625,1.1910014403017464,1.1573847817895042,1.1542028150557495,1.1433431790195252,1.2239805089489022,1.2270641388795727,1.1791982974910746,1.2348363244314318,1.215281558509417,1.2610780382385778,1.2611294984221502,1.203322249597017,1.1730205721621045
1.229741546282133,1.2726848931096812,1.2439908325972593,1.2860142456069212,1.167887503560709,1.2194917989239562,1.2488991497336264,1.2060253318912921,1.1961783686810679,1.2461975841374493,1.2194477529360748,1.1666851909209952,1.2036075357248068,1.1586190362639321,1.1929762748884252,1.2256269776828426,1.217210812232201,1.1900034848598173,1.1898922899854325,1.234506947901537,1.1963639732574851,1.191869851845925,1.1744466873750758,1.2527791259466101,1.2366972084080206,1.1985595587727833,1.2334871796840132,1.2259886928782417,1.2753864054534296,1.252415016555054,1.200959561980639,1.19668177916426
1.237292287505427,1.305218226404985,1.2647458641944307,1.2736213955772817,1.1754875065999513,1.2240311403818713,1.2583847108832802,1.2088216624015533,1.1920896671974452,1.2483771430426465,1.224350109626744,1.1663254680254347,1.1975810041399402,1.165923896385602,1.1961505963011152,1.215994628377533,1.2095732213234733,1.186641522794175,1.1920532714434287,1.217165799943274,1.1897722109812017,1.1962437623021647,1.1768284772690298,1.2487340401185192,1.2351570566278975,1.194751328709038,1.2356311019363475,1.2271986733142786,1.3014774995625098,1.2599838019662721,1.2171375492118863,1.198611918570321
1.2576529370690754,1.293650471392505,1.2846304650777882,1.2744377341241528,1.176442844106798,1.2725503426341371,1.2627372200790132,1.2246191762207246,1.2031467518132808,1.2490598512141458,1.2340497273577757,1.1787779719163456,1.2071121814784234,1.1783032033003866,1.2033677608550666,1.2195104673625738,1.218613329834632,1.2050333805819065,1.2044468765017406,1.2396371724454807,1.211464284882769,1.2087494816238915,1.1973636631526396,1.261170625269322,1.2637725276718514,1.218347126630327,1.247165183852196,1.2429987537645544,1.2917368970295142,1.2653054737809275,1.215949329325924,1.2087018441137978
1.2571784948216902,1.290010572802642,1.2883536911538498,1.257740899814344,1.1868274334104538,1.2864760723103947,1.2705450929911095,1.2186973845962064,1.1943464352730817,1.231583440244365,1.22451330506725,1.1656313031040997,1.1902387300744528,1.1632144277010423,1.192963685158833,1.2026890369103989,1.198994068221368,1.1709065902378502,1.1726833132909544,1.2100196143523412,1.1709584161258888,1.1909143460445475,1.1813555412420422,1.240338413768414,1.2365819294975173,1.201775811030678,1.2127694233488724,1.2207030418114169,1.2988287958796954,1.2351559585874552,1.1996539138831281,1.1966096785617608
1.2576298977165394,1.2876403563982706,1.287306964199609,1.2518655961713643,1.1823387785131907,1.3188150060523984,1.2614279702435789,1.231688831042811,1.1861551436555737,1.2519990654096447,1.2471658183249437,1.1728176868382332,1.1819377408688714,1.1830818386582755,1.2195166494609695,1.2179012186790543,1.2127471081244925,1.1844278189310196,1.1821779808670734,1.2235194216055352,1.190124867548073,1.1897009407248234,1.189112700108341,1.249123288163485,1.2381257496049314,1.1906353085149288,1.2103208083598072,1.221417669787484,1.3076463146680384,1.2247118564548476,1.1933218093499718,1.214017074852673
1.261100544627907,1.2700849441827962,1.315588738033919,1.2519961003780968,1.1771509973775809,1.3156631091779103,1.2893594160135875,1.24457860277652,1.1896600355837283,1.2655684199242678,1.2430804917680647,1.1772465112189487,1.1848731359787046,1.1901667763702026,1.2212790616589564,1.212387642830348,1.2135285405945053,1.1878619897982967,1.192147856448983,1.2219821201739178,1.2038501492401152,1.1987891257818355,1.2099842350374306,1.2466399151891812,1.2332109146427817,1.1985059064858405,1.2034788207275802,1.2205347898799657,1.3171728736552069,1.2221027694083608,1.1897103906931925,1.2251104440412353
1.2702956997736772,1.237945476497209,1.3188251642017919,1.2457574763191404,1.1664461259961343,1.3455192704118701,1.3115231955564781,1.2532897138755226,1.181447022937857,1.2624159256092782,1.2620546149587937,1.1740794019396448,1.1848666680087585,1.1945952188166211,1.2325999073717375,1.2188823396988062,1.2135967577970919,1.1798528155367707,1.1842867662739553,1.21890790578189,1.1954404296134402,1.1952509077664337,1.2169219971173335,1.2352510565913268,1.2469382518350696,1.2191122048781358,1.2227335250970364,1.223553900861279,1.3069755260374027,1.2454827884193707,1.195578649041503,1.2545970074408572
1.2658780747029905,1.2310751288474329,1.311947759035625,1.2300844696171709,1.1631513514141127,1.339501726295262,1.3255923766046451,1.2562418508906645,1.1710057191969794,1.262644893623729,1.2613756470185529,1.1793028604347644,1.17111607859414,1.1844554965018024,1.2294147192887246,1.2143477152123816,1.208027335626143,1.1710902552253262,1.1913799749710683,1.2405622324865597,1.221622637046545,1.1947208373189533,1.2282159690241332,1.2514407490238604,1.2500506176730886,1.2291452383311499,1.2166727173957086,1.225890455051662,1.2989988673578778,1.2349486996571446,1.193282287928572,1.2417605963944958
1.2981838739856755,1.2286279370688933,1.2978631948897053,1.2552372308191342,1.1718244395337456,1.3441598660192933,1.3273016983803794,1.2595277603691615,1.1559988312863876,1.2508140924248075,1.2438497943362223,1.152424037058149,1.1383959848477003,1.1538707941781152,1.1977885145976137,1.19097218706527,1.1845356047392777,1.1421812078695577,1.1638340542692638,1.2212695951253134,1.2072836448257955,1.1724425783871633,1.2288803911025101,1.2271489903561277,1.2692853878431902,1.2445270345539448,1.2229280065127857,1.2239524665035109,1.316448706785829,1.2516987671590087,1.2032531804618503,1.2291917860208548
1.306886591602474,1.2506910574677013,1.3073542142330643,1.2660074218143826,1.1869582560834422,1.3326008821500444,1.3416802289141991,1.2411756724091056,1.1425562190766174,1.2338905325302565,1.2772576112607534,1.1474881535110468,1.1416490284076128,1.1574543874672651,1.199625003070686,1.1913980355209801,1.1775349173369687,1.1436419378559044,1.1674428208661631,1.229424009884201,1.2187785265599806,1.1789918038996863,1.2338251948840546,1.250244342105992,1.2784139464219273,1.2631382842776497,1.241892741206937,1.245357105786231,1.332094241282366,1.2731988821596967,1.227836800105177,1.2477713680865925
1.2903856091618053,1.270580382693755,1.2999409119131176,1.2715088020662793,1.1972285365122801,1.3372367193622918,1.328601105832557,1.2465096679587546,1.1383457942334543,1.2312823624992046,1.2708054549180787,1.155649922053707,1.1311524328611144,1.1489286203395939,1.1847689658004752,1.1824680348292345,1.1742936189452176,1.136629062150638,1.156622248776358,1.2232314565088371,1.2235305701734343,1.171602155589279,1.235069827684984,1.25404495546489,1.2805825999720006,1.2654054325966904,1.2529084416285694,1.2483551069414878,1.318451351769182,1.2670168746496637,1.221347307937636,1.226463248434605
1.2660852378778715,1.2463076280491636,1.2830567453402995,1.242867839175983,1.2050546219603326,1.3400689248689481,1.3216190607348024,1.2576237641634467,1.1566792585818702,1.245523021782506,1.2693699093899893,1.15947939333071,1.1416310097502569,1.1484095723448549,1.1790262201299715,1.1845636038524874,1.17923065133231,1.1405671786055052,1.1555438045984456,1.2126235947082482,1.2082423126678306,1.178130428636925,1.220612002668291,1.2344169933384506,1.254332992932474,1.2503473038096893,1.2298175626798389,1.221911962958013,1.2880792416745048,1.2514188843215954,1.2084876261300124,1.2224457126541517
1.2684187976365817,1.2533654772574492,1.274479569406428,1.2379665638284523,1.1994989880376872,1.3395088547435197,1.3272346192020554,1.2523937254802893,1.1428216932066917,1.2390873995756098,1.2799550698283495,1.1515154015631641,1.1365836123773145,1.1405638260665905,1.168670483011091,1.1782781735313672,1.1749905419611315,1.1399292672977681,1.155292444443795,1.2081574283377705,1.206004085322379,1.175018575763869,1.2162269888768786,1.2258996422015962,1.2442956613847889,1.2447119382242182,1.2305990471694148,1.2266238079948188,1.2956452323155179,1.251252989028054,1.216134676444033,1.217264904669256
1.2641740408016742,1.2384313716622237,1.2486019058048967,1.2242592008332938,1.1784395079694228,1.2953554050752825,1.307364388046877,1.2401507577576214,1.1480848386645308,1.246613743041829,1.2619975944188333,1.1603697426588393,1.1478693455049431,1.1403564542713702,1.1627234577931334,1.1766633250424567,1.1691808306964528,1.1390114616248115,1.159487961658521,1.2233466565942868,1.2170220171200452,1.1775778321041672,1.2234569838773048,1.2223799882690591,1.2511948295821924,1.251801252405182,1.2245481561073905,1.238809204354362,1.2971142976998467,1.2611902336384366,1.2104479476951815,1.2132083968424598
1.2488066241802265,1.2517289369064908,1.2438284088785125,1.2167714698122494,1.175645751121595,1.278974554203174,1.3082228509347487,1.239161239980807,1.1500911770434883,1.227304166430293,1.2603192643150738,1.1564211056540372,1.142364188774037,1.138102317228886,1.1594988339714905,1.1725505192939438,1.1604379331490726,1.136169435049121,1.143662649719323,1.2035849635696434,1.1948273750908243,1.1733782683325429,1.2102180854395914,1.2075721791984013,1.237062827262557,1.2513955796920357,1.2234790733680567,1.2221552987811823,1.259045392931512,1.2597459655038146,1.2049627746802993,1.2113765296354095
1.26148957340339,1.25171745357014,1.2389503223625826,1.2036317955464304,1.17715723652958,1.2943541851983993,1.3020516159707145,1.254144873892043,1.1416043796660127,1.2411304829570693,1.2597117051566458,1.1386502608792557,1.1247448096907613,1.114672842977848,1.1361754095404044,1.1590317949867732,1.1390547582835255,1.1182898241771835,1.1528889960797122,1.2122950928141807,1.2134274102043083,1.1843594195174083,1.2303134376013518,1.2339123974227784,1.2581546888867146,1.2592585899386113,1.2362354176399122,1.2374072881265072,1.2467338219993664,1.257757243325712,1.208763543642488,1.2187785418663601
1.2574558380407388,1.25080096712333,1.2456759957126837,1.2229532978122557,1.1635042519426386,1.2740128282532304,1.2782787628772034,1.2629653262868785,1.1536672982640603,1.2453199296274318,1.250788633125523,1.1356316533379176,1.1370183291107192,1.1064531826337245,1.1329916828264015,1.1653765635482278,1.1430098017316548,1.115860541112982,1.1553469448231422,1.217675329025516,1.2176808250133657,1.1876614667774887,1.2110792855921635,1.2514820120558499,1.2487874555226477,1.2407038542155502,1.2396505440543073,1.237599142430428,1.2299216270549924,1.2409706830491083,1.2012146008693154,1.2019356835886175
1.269243260631655,1.2732025706032692,1.261083988258593,1.2326629214917468,1.1697113493598674,1.264739294425827,1.2868534417540036,1.2573653709629824,1.16249109408119,1.2497382737872413,1.263871458525926,1.1408255217821854,1.138341518506794,1.109990553695566,1.1318951162692068,1.1696852921645315,1.1534458759147923,1.1236808731221126,1.164229166491375,1.214513917271193,1.2143750683808525,1.206886396877812,1.2175932073509266,1.255021771152502,1.2546464861737574,1.23735866175489,1.2402645765745262,1.240455796239285,1.2586269368651928,1.245224837311273,1.2134965444552284,1.2225409646724024
1.238684412971819,1.275717085786008,1.237389671681978,1.2277085525925446,1.172438149156351,1.2680186678921255,1.2655479317100975,1.2470085506787218,1.1639224500443865,1.2374624765207818,1.2590511986681867,1.1432901235673643,1.1521681989273798,1.1072390751380263,1.1268937698531174,1.1675140901391379,1.152356347329541,1.1265454088691846,1.194649757288313,1.2327938458790009,1.240785274464168,1.234005231513282,1.2312536538410292,1.2704562241085449,1.2306493710574244,1.2241011891165436,1.2311703299418209,1.237518581359847,1.240021739328187,1.244949619135542,1.1956146773577407,1.221545450979638
1.2889849318971427,1.2722181780002169,1.2678728565069572,1.2364843137574768,1.1673083657625345,1.2741339981283382,1.2542724243892376,1.2532376590855256,1.1751174039046035,1.2347074024071316,1.2517275649452517,1.1509731764649727,1.1536857757228982,1.1103427575947633,1.122445289915146,1.1653884393539449,1.152901386070173,1.128727661740424,1.2131441713849866,1.2482891739588504,1.2611465951834075,1.247826452989271,1.2566444347838799,1.2816871654312154,1.2647176975232648,1.21703005075823,1.2453080501815146,1.2541917008877883,1.2494563073441747,1.235325162538845,1.2068099887165413,1.223222825484781
1.2778779340747892,1.2681499563741006,1.2527654010074982,1.2152819133968158,1.1529914565026003,1.2787591186900737,1.2392296579438202,1.249243170528979,1.1669384202774953,1.2402657081868902,1.2505902478781377,1.1409627871376196,1.1344599133899063,1.0969107638417093,1.1061618373590447,1.13420179178542,1.1229830287987619,1.1088415018676039,1.206690422786049,1.2463136406614161,1.2630545147822398,1.247729168537596,1.2685228955679528,1.2884306727828683,1.2896482923624075,1.229856080153181,1.241022080031216,1.2657693191487747,1.2462712956370114,1.2330251144933637,1.1965770985384896,1.2338909204099142
1.273780427959574,1.265801670736066,1.2701336940942327,1.2459534355664212,1.1591546170962488,1.2767036904503846,1.2726196878543208,1.2716031278981408,1.161212283513553,1.2578561325571314,1.2588543445250497,1.1437750015664543,1.1381416524489671,1.0906120910885206,1.099236053272903,1.1376738552289414,1.122643814608243,1.1071228929664034,1.2175762333782065,1.252505305565621,1.2865280459123596,1.2508994076812623,1.28889612736958,1.301678445254955,1.293995461862983,1.2318035860250678,1.2320950270815965,1.2452025174589547,1.2387901278660778,1.2263213295837379,1.186832580106529,1.2423712368457853
1.2817314960057473,1.2983609302624097,1.2753354829984072,1.2505094372462155,1.1612058598606592,1.2631154538191618,1.275428065929184,1.2833336551310282,1.1639117866551378,1.2639814631906956,1.2573903658092709,1.1317473641687037,1.1411442369929743,1.0897448150832862,1.112563823819945,1.1577432995634078,1.1421924021391943,1.1253265106782124,1.2389463462027763,1.2608604201625122,1.2935407488007722,1.248657213300143,1.2951065962762667,1.3122265689062784,1.307148737844486,1.245525012992032,1.2665086723240457,1.2744979774117906,1.2546073478811162,1.2593380498538174,1.2108514491517293,1.2409880096920978
1.2934473541885079,1.2898775317443112,1.3035138916276772,1.275277274672195,1.1598425401697634,1.2902429290825106,1.2904917984514854,1.302564041970564,1.1651150523338052,1.2742131308538676,1.2703093283281544,1.1469238103282378,1.1575824865033206,1.1087916960625523,1.1328708168453705,1.1710354131605036,1.1629025141396034,1.1431756840479992,1.2686035896393832,1.276998537433602,1.3072059858084921,1.2572944574663985,1.3143119980909204,1.312950315254045,1.3329097478549397,1.2480863576150092,1.2682251820228838,1.2719796188400794,1.2523402369808305,1.2563342669924897,1.205128351121941,1.252323331620575
1.3204388826294433,1.2866098849518015,1.3232748693799163,1.2829537072761272,1.1740670297348825,1.2830757182864856,1.286738863902607,1.29419652240961,1.165355387790271,1.260530235659543,1.261168369747105,1.1579427786107412,1.1919419323561078,1.131194771111542,1.1498690440723893,1.1865555978243933,1.1858657529324161,1.1759899765819783,1.297589138009209,1.2960386080974635,1.318629974847371,1.2597311611874311,1.3002530436290616,1.321380681821266,1.3219545474053749,1.2557124942124132,1.271172566535922,1.2722052725772288,1.2554363514910793,1.2502902962017988,1.2287846347598672,1.2506606078169509
1.2897464550237023,1.303618170678853,1.3193766160477742,1.2849955604169123,1.184151171000232,1.2773193588144247,1.297586113465361,1.2793925212988742,1.1610164525879239,1.2542440731447175,1.2607741946383026,1.1567354972547266,1.1858512678977826,1.1162809237722238,1.1271383302855422,1.1542912093493207,1.162175878014113,1.1577434142532157,1.2732631009615454,1.2899474958331187,1.3008874500124243,1.2467369089605744,1.2872239781542907,1.3064211237703665,1.3135529910829933,1.2356401312097745,1.2598286062029718,1.2603141460425846,1.2692203394307326,1.2616203989885424,1.2117380876994521,1.2320172896433548
1.2977164120762812,1.3112227551060776,1.322049514890862,1.3105315548324379,1.2016380280035779,1.281099620987642,1.3255127157647466,1.2929762976432195,1.1847159891721033,1.2547539372392875,1.2720147717332722,1.1874805613768067,1.202003912422327,1.1381679891101846,1.1330933980575628,1.140481944041384,1.1429121250307455,1.1387156939831193,1.2500645572434994,1.261018472534726,1.2741924464084298,1.2385423325296367,1.2782275551610425,1.282503247936417,1.30806669826313,1.2311894854334875,1.247974629068353,1.2442121461457156,1.2887065845132897,1.255745497423496,1.2111514720999907,1.2321524640582697
1.3014298095618295,1.2839324954229472,1.3167070864116512,1.3005689065901556,1.1832878543965697,1.2820960125228273,1.3236774212122702,1.3027691177739507,1.1719099089645995,1.2716812338554275,1.2768127922687262,1.1755789978709268,1.185089887798062,1.124283576373758,1.1353984081975268,1.1532015867825665,1.1584879645165744,1.145825084979859,1.2441008044145985,1.258351761331188,1.2803812757050543,1.2389574207318408,1.2876522057885091,1.2903180357860262,1.3211817158611086,1.2214858567805262,1.2352053826232747,1.256985262717199,1.2973256390202328,1.257408753222801,1.190964927033352,1.2307254432981876
1.292837871752766,1.2852071212731508,1.2980928432852419,1.311381105803751,1.2190452751174952,1.3081231049072328,1.3242865002869562,1.3154924012887128,1.176698935214712,1.2738465653262503,1.2754816189944578,1.1797571430209863,1.193705415806683,1.133924640818328,1.144702007995677,1.1569173475734689,1.1580994932121789,1.1572040649471385,1.2510692042021336,1.2589149645210653,1.287607441774307,1.2358064298840772,1.2831773123513146,1.2986342431961233,1.323813641337898,1.2332122868185484,1.241903310501793,1.2612925902071235,1.3178216160218583,1.2504106444425696,1.2257934693142358,1.2298424882890748
1.2418203723630463,1.2660453555676436,1.2957441913954737,1.2959607576041117,1.1975652145325437,1.2965132695242696,1.32427717362328,1.2958347538577883,1.1702141272706315,1.2861166504995796,1.274086262597596,1.1856714104480897,1.1777741142713904,1.1394557046805296,1.1519512533475211,1.1679899307515524,1.1713635235371391,1.175201563552427,1.2357220173872416,1.2196780694040115,1.2427907811136591,1.2147877647037397,1.2479002017311873,1.2451247027532149,1.2811357875640355,1.196421791551127,1.2086685229287346,1.2073319829689164,1.2806862253779667,1.2269546743833415,1.2064499121178123,1.2058485664968512
1.2363623297486208,1.2688915934312635,1.3125629550854307,1.296174868238785,1.2022454916192424,1.2860830510014432,1.3229787710045642,1.2948193160376007,1.1752048702184315,1.2777807755503703,1.2871254264462832,1.179703149865275,1.1864589167749475,1.1378833833667858,1.158681426860325,1.1869699029257113,1.1989114183081884,1.2050117665115712,1.2345425796440068,1.222995198732232,1.2381771176635041,1.2024869981493609,1.2390498275928108,1.2411565062563013,1.2690709273067347,1.1918012589375617,1.215788752402057,1.1976020174438071,1.266847322617064,1.241872747027644,1.2153087568246992,1.1985534336657537
1.2224239741127458,1.257758715004116,1.2977067722736904,1.2903067077919097,1.2094270585179216,1.2791079097873526,1.3168865634439042,1.2815998077232638,1.1790445095546653,1.2550661938574594,1.2678476942120993,1.1894918166071995,1.2039197039323828,1.1443276951197139,1.1747699798914546,1.187366535128443,1.2045208330676993,1.2067467047465708,1.2401982616924552,1.224705260561001,1.250216798383543,1.2103646531771688,1.236142932272678,1.2524327822874035,1.268927082624613,1.1896395414741772,1.2213711392145044,1.217940830477213,1.2818341633621297,1.252197819197322,1.2272398607857713,1.1831172500102853
1.2196826812040995,1.260477732687366,1.2890182323152515,1.288331559840683,1.1977951118173644,1.2825925589335736,1.30039640508381,1.2614902663100682,1.1520521227970293,1.2641344101353804,1.277275976470421,1.1827843654006105,1.1722184202984351,1.1348331674247893,1.1628433945109036,1.1769015009788273,1.1867109353210288,1.1748496849246592,1.2113725931361532,1.2058993283996733,1.2240338661981502,1.1977143247596924,1.2179871565642333,1.260239224246879,1.2421142791992923,1.1766603696389033,1.2075128486925688,1.2281012961695008,1.289566628801788,1.2440956889534156,1.2257868020553246,1.188297885633106
1.2270733105732399,1.2687325598447117,1.297486464513894,1.2680516112805957,1.1936444064023137,1.2561237321051553,1.3174157346433346,1.2536122503522633,1.1701402385611586,1.251973489176129,1.270621802084224,1.174558247190007,1.1582468530190912,1.123550347565514,1.1513274770824553,1.1860518378557185,1.1975132510260094,1.1588646709927635,1.1913827907600878,1.2037319567957356,1.208860846082357,1.18496141331329,1.2106339444453085,1.2519911011033755,1.2411672237363607,1.1863405780224854,1.2291981823491687,1.2383846943297399,1.291029209814232,1.2365977691345231,1.2246202056293876,1.196375865199524
1.2299814646900253,1.2599420541974904,1.286371587152785,1.2460203747015368,1.194595996763915,1.2615558309383073,1.2808340750679426,1.229734710586721,1.179188709613739,1.2424190192720257,1.2537930717854522,1.1826945022916233,1.1597649071833462,1.1272935484315936,1.156599837788048,1.1844056061493364,1.1910374100096603,1.1527364753759761,1.2027010448158189,1.2106582169715865,1.2155370524301892,1.180554525741354,1.211037493393412,1.2604866885042916,1.2449218387311431,1.1855091911566193,1.2320739297024812,1.2533351976110099,1.2934172533283654,1.2478927170202863,1.231853124244672,1.176505604439811
1.2221472559184905,1.2790104419542787,1.2593324041870022,1.2517722303584466,1.2111770360041236,1.2508657485765173,1.2792600801169711,1.2281419890213945,1.191957538689099,1.2407761585709745,1.2357492897830582,1.1923122089942424,1.1821571773904198,1.1436679133717793,1.1675748453325006,1.1960325958927494,1.2157053302158636,1.190819509039121,1.2297197306336063,1.2292974171143405,1.2334837093610649,1.1955098722440627,1.221069378268823,1.2729457472663726,1.2327089513571476,1.1755383799932944,1.2176947617828142,1.2619065344592006,1.2904927647470583,1.2486959862521458,1.220657698301938,1.1812089263407775
1.2226372665519996,1.2669903044892423,1.275466574499399,1.2335688704858223,1.204768472699334,1.2346884192438143,1.2465543617000712,1.2139153388367563,1.1802448427808667,1.2199630595400892,1.209844703488495,1.1847152646948593,1.1753782084242315,1.1514094723105628,1.1778869104956857,1.2135781318183692,1.2278699643562547,1.1846997197160496,1.2000605871062655,1.2133672116845753,1.2220083918607645,1.1815771920946054,1.2090517002324224,1.2564178518419222,1.2249557111822382,1.184196484055839,1.2151123569470907,1.256503359444101,1.2714460989820402,1.242225894225198,1.22947830588107,1.1730692865276422
1.2059477321251981,1.292451716326597,1.3156909617382397,1.2375401271381525,1.19517492010233,1.248450443875419,1.2486581550124372,1.189027936223865,1.181350258049925,1.2115247246010858,1.2171015062560178,1.1774261556966117,1.1656819036482502,1.1543139170800747,1.1683303789718225,1.2016959391944806,1.215076994207445,1.1670189095099712,1.1835694398095369,1.2107482931721745,1.2150081607173044,1.169291543446354,1.19968001062872,1.251833859264872,1.2208676845683137,1.1793027058256491,1.2110886735163102,1.2521387980359202,1.2720422636704987,1.2323918180340279,1.2273921419614722,1.1690575170046
1.2329425118231574,1.3140730984904865,1.3095383283486322,1.2303737519928237,1.2070603199641277,1.254085407613367,1.241286177793326,1.1939556105331248,1.182712531943868,1.2149376565861962,1.2078926688303437,1.1637783169101241,1.1767579294320338,1.1368938208755397,1.1578468198252514,1.2048681556953258,1.2258647543143277,1.1801938975052313,1.1870533954624023,1.2184322682706692,1.2169231094548731,1.1733234009010327,1.208466836718922,1.2479644365816323,1.2194120133310546,1.1992533182034613,1.2295540030346825,1.2641296420015062,1.2574873448159103,1.2521543476398902,1.2376898585899918,1.1789754696163333
1.2396098763404446,1.3347400528204112,1.2993950525790645,1.2281623067414658,1.19824537465633,1.2443920028050175,1.2305304927642042,1.2044133103216677,1.1961936889778857,1.2316672841957552,1.2177359775788736,1.1734656843616857,1.1729526385758218,1.1481748718425866,1.1739252796587287,1.2112398777962117,1.2250228819978046,1.1847594346935129,1.1878025458276558,1.2261311981951746,1.2173059613107589,1.1758506814974747,1.1966883179060623,1.2547649174489983,1.2213947729451988,1.2032606493356546,1.2229011238937442,1.270405146703195,1.282755467973707,1.251768824556181,1.2385752821225826,1.1819265336989913
1.2428904671662062,1.3008088329408196,1.2721174061288927,1.2093031975697568,1.193429160090398,1.2387751208227475,1.2369877928107331,1.2048392815117084,1.2076524143860734,1.2192819596769469,1.2014982044694642,1.1801831665037914,1.1840332591596754,1.1651143630331267,1.1891877172629854,1.2312812007573863,1.236777120484802,1.1882124934837663,1.1925969347730851,1.2230863579626106,1.219306331274677,1.1788504249728282,1.2047271579187018,1.2503651005846237,1.23761290247382,1.2050606266505812,1.2243087607539158,1.2485910997215814,1.283712528870668,1.228477717761709,1.2225966081994,1.1770481033628124
1.244386704650051,1.3068471023528978,1.2802880160578745,1.2117681649056493,1.207096631739602,1.2471669492481317,1.2408963374299629,1.2125124145395962,1.2150191311015184,1.2198909400754023,1.1990413712604817,1.185297868227938,1.191131303302443,1.180558701035381,1.1915234538169235,1.2278087608221684,1.2359951823952473,1.194133011823008,1.196557583165509,1.2298858397633399,1.2185524460856108,1.185037045207449,1.2107260251834757,1.254100819250957,1.2508590373850554,1.2170782454141003,1.2246346445144163,1.249251178081439,1.2776234845280638,1.2240445699317275,1.226418495077568,1.187764824996285
1.2422163311664973,1.301773583104354,1.2679851230390113,1.2042129323597381,1.1994460229645891,1.241121638277684,1.2187214560379085,1.1986973192439145,1.1934995170577671,1.2025436045085742,1.1924311633035658,1.1726533059171012,1.1901657805362351,1.1842184327885914,1.1944076486691368,1.2334097242080584,1.238911632776063,1.187141424240904,1.204987373519106,1.2326574734561233,1.2344125018333532,1.1978963351715024,1.220371804052493,1.258907720549056,1.2585376789782456,1.2191965521279542,1.2278549303561686,1.244899763612571,1.2720842738451161,1.229296041937805,1.2187204401747787,1.1844568789283743
1.2390351537268292,1.3113387642783145,1.2707134093393955,1.214585493547309,1.1912347204926763,1.250628805123932,1.2330510981647511,1.2092886884749872,1.2018053189168365,1.223238012058327,1.2056839930198493,1.1812188108083044,1.1861254311117473,1.192513133952998,1.2041273504046088,1.2287380077051382,1.2272342986314828,1.184279682335823,1.1965903090871508,1.225556315233505,1.2414311575429078,1.1965964465877514,1.2288123521738779,1.2463053273369498,1.277063404964409,1.2402572614102751,1.2406633972696168,1.2316473615623007,1.2802723201967232,1.2479637446125014,1.2236496383724558,1.201566363985683
1.2304277967164463,1.3236084310660279,1.2676232097448343,1.2100889646209665,1.2052812690203325,1.2436047010657099,1.2288560472802927,1.226683983595907,1.2058914773704663,1.224690924108739,1.2036735853384912,1.1903280798595672,1.1932843226402066,1.2140844134768332,1.2260794735584932,1.2516009427763333,1.2430854290281421,1.1844676483148677,1.1961580377233354,1.2429137143685693,1.2560728498041527,1.2028023732149946,1.235632405758106,1.264961836775783,1.2840694794677554,1.2513214321018373,1.2495897803291927,1.2252041361426458,1.2934015467287463,1.2350257691113604,1.233881877070811,1.2008201440679434
1.2463501863114836,1.301926402102165,1.2657739043599876,1.21137845262253,1.2097846894267628,1.2623968932811669,1.2430175381369133,1.2370346256927567,1.212280722683709,1.236368896706929,1.2260510689208581,1.1908751316541049,1.1930177802910042,1.207766067225193,1.218914551867087,1.2493041020539524,1.2383387599470752,1.1771992960742281,1.1981576789905608,1.2410104057798383,1.2627040634414326,1.2158245951769497,1.253436642366235,1.2613589674230274,1.296291649739479,1.270073589104144,1.2585785328077606,1.2209197527761346,1.2781353431138878,1.246075434517194,1.2339194544005578,1.2216720380069486
1.25232247202267,1.2893522520449003,1.2601003347580042,1.2269239815895103,1.2226512659208557,1.2567510727640487,1.2399300113925829,1.2432532495193183,1.2356244701819596,1.2451332890366977,1.2163668943058559,1.2147443792717396,1.2246638252312942,1.2199260425329739,1.2223891021135505,1.2574684487037002,1.2469634965533876,1.193057368741364,1.22594210316585,1.2315080026698557,1.2653883220246305,1.2472938531270725,1.278677184868657,1.2590686772945405,1.315010931862524,1.2779349265186841,1.268088619015161,1.2304634180607719,1.2756952895538618,1.2509261132565017,1.2438144907472688,1.2279394709293268
1.2291474512916878,1.264053844942832,1.2088249396502853,1.1998588618404378,1.1757648603726556,1.233485885537615,1.2161067794615246,1.2471009509378133,1.1777398548524123,1.1990723935946965,1.1585286456983723,1.1652805294506636,1.1956819486066084,1.1802782664716636,1.1928322023443676,1.2483909138082103,1.247923023253189,1.1873056016444112,1.2201687820924338,1.2281989491434417,1.276690177408262,1.2150925884173016,1.2694632090443292,1.2646785651721097,1.3035721904753126,1.2584520217771678,1.2456800809263042,1.2169685379186859,1.252632754732896,1.2256091306127472,1.218059549402167,1.2261242752174644
1.217506287819599,1.2422679017215128,1.2063966099727148,1.1961146814360086,1.1735024043386841,1.2347101860129777,1.2056184958979363,1.2495224315673428,1.1749104025234065,1.1960594610537967,1.1558823938585967,1.1586105705263314,1.1904025540884984,1.1643014751697012,1.172399125194415,1.2251792789522604,1.233723696750633,1.1932000750344829,1.2446489390724276,1.2650764705641597,1.3107028553801445,1.2298223587676202,1.2859244684401239,1.287931199159643,1.3208048299907917,1.2519145512028644,1.2505002784252441,1.2350640243301323,1.2449549680368464,1.2338213823281377,1.2127222011001337,1.242688976448491
1.2086444798424993,1.2602076402631694,1.2112151819284822,1.2121542548088635,1.1747396831079073,1.2409522731820701,1.2133768987992086,1.2246800641090014,1.1652907653980655,1.1775172138883032,1.1368484682202564,1.151590724886414,1.17204187569497,1.1520366065546144,1.1642986054257474,1.2136183594743306,1.2111986435326785,1.1480833283284975,1.183722351956365,1.199284553239646,1.2520390465425397,1.1901170832615162,1.248193439050052,1.258799774860095,1.2814886588321117,1.2123971700426786,1.2251313297233701,1.2144505270993704,1.2453388957594875,1.2161492669629435,1.1953934340915973,1.209979380094473
1.2123531140089796,1.2595588880170683,1.1915449507496665,1.2275019736894788,1.1950204853444804,1.2378306826030698,1.1986155602009536,1.2051001442154055,1.1563739922954392,1.1621587297364335,1.1338724788050054,1.1380459138618042,1.1614785423523686,1.1347588900015881,1.1420770963276887,1.1845311871977067,1.180556476353277,1.1316124718061473,1.182420325741796,1.2015496368872705,1.2687307379349406,1.1928385241354733,1.2668992602219904,1.26573138878179,1.2700926647380315,1.2092678755227846,1.2165525416738168,1.2180748016041758,1.2342707159194946,1.2177937897871502,1.1983083193876218,1.2163065068561834
1.208080338265345,1.2397961640763366,1.1853127403249253,1.2120925262682596,1.1651359229352223,1.2320247358192815,1.196103080434137,1.2143484571506007,1.139825192518715,1.1645464157050787,1.131623513045006,1.1270499991848408,1.1385197643605436,1.1202627575387933,1.1311370265996605,1.1786062357466092,1.1747229059526667,1.1203811977813922,1.1726978014185911,1.1831945825546655,1.2518995083870852,1.1822229908104236,1.2626560056209641,1.2481902823525668,1.2582312218848537,1.22076514635415,1.2130108505109296,1.2039684802288257,1.2275010659378627,1.2276352221909617,1.1936446959529292,1.2239257259515173
1.209397461712906,1.2343657478525756,1.1688371179306432,1.2257931970197347,1.1790486716583213,1.2442632473629995,1.1977957825485313,1.210110974449886,1.1491637789350457,1.1773583490518509,1.1360476985306127,1.1290572711708229,1.1420876183402364,1.1114728789780637,1.1189033548973675,1.1702266994704145,1.170668524148995,1.121405200420041,1.1483523151204997,1.1810065969999584,1.2193817960146491,1.1542609531918464,1.2225051069587147,1.2453964201919026,1.2461679366308611,1.2127700854412455,1.2149205129303948,1.19290141944422,1.2115867426474973,1.2034708604174071,1.1860626960814402,1.2146232906569019
1.2077750459174554,1.2090752745756719,1.1734127365206948,1.2206736366527038,1.1520823300103733,1.2495991348662208,1.197805660858116,1.2036466287587304,1.1287572209980397,1.1675266382178264,1.1419718531443237,1.137395023790791,1.1457191304050536,1.1268847800765578,1.1330903969053154,1.1737522289761784,1.1756835451561216,1.1390917082623861,1.170384053175825,1.1848970229197089,1.2200838839125137,1.1707323035731525,1.230858675936117,1.243029979158625,1.2514913146516604,1.1925352108633585,1.1980974616841649,1.188192212268511,1.2081033933917105,1.2012320285409723,1.1608160638074598,1.2065392961699815
1.1946394601367303,1.2042951651486742,1.1844184452591011,1.2133460990857767,1.1446832347259759,1.2428376579731495,1.1881484109208433,1.1957897086939662,1.1194485008627728,1.161358386029235,1.1544203548554486,1.1294914607935218,1.1309193034734797,1.1049941002475063,1.1078221291404287,1.1477164124590076,1.1579209810859468,1.1304625756160387,1.1541415282948493,1.1619207654962533,1.198080525935303,1.1620491044210448,1.2199414925577006,1.2264306953283126,1.2272421766645103,1.18029180050502,1.1918574926134844,1.1628035324949473,1.1876590497434871,1.1804431344347952,1.1515310639671499,1.1986752852992935
1.187338840331247,1.2002638975089304,1.1814236285828794,1.2119242049722299,1.1415842410140957,1.23148541468005,1.1892011984650603,1.1834267927473079,1.1243849749580042,1.1556585909125594,1.1457234642521867,1.1303462536120068,1.1367998585392105,1.1071434916735765,1.1071167889345346,1.143448528870255,1.1553421781819442,1.1322961710988977,1.1522472075767214,1.16591993769459,1.1921332418940378,1.1529403295515803,1.2002031448058135,1.2170513150853923,1.2139018853011037,1.1649340269607866,1.1769696782000856,1.1640760224840088,1.2004519596224188,1.1795432995557524,1.1445136224457988,1.183774723689677
1.1938057513175788,1.2153402165295086,1.1830354472787958,1.2250789641017397,1.1611627896000787,1.2556349089018755,1.2118340540356805,1.196639784903124,1.1228951731094263,1.1648425465574603,1.177808956500516,1.1289488843998117,1.1318121900175613,1.1090439937080734,1.1034524375612085,1.1283579023665518,1.1428116158985184,1.1239388959285221,1.1462163312557923,1.1556572258074187,1.190665983242653,1.1663318798171953,1.2059944971796048,1.2181986983933744,1.2131765326617199,1.1650014757143754,1.1744948919469007,1.1744184654723038,1.1913454180715763,1.1742480851184711,1.1430044842551286,1.1914443863829183
1.2123169457803697,1.2249504997117162,1.2003134201131782,1.255314082433483,1.1578070541817331,1.263777642300882,1.217936601581195,1.1908090681525654,1.117644533299579,1.1658102140681386,1.1903656893346712,1.120878919426934,1.1278716998110168,1.1038067721909148,1.1093844398573263,1.140124911609531,1.1558044426479943,1.1261322010707848,1.14269026465263,1.1666546149224906,1.1893392839695374,1.15975146265292,1.1931362282564826,1.231980499617581,1.2203532860968436,1.1646280819125223,1.1854892618987884,1.1798127493976764,1.1996158246295925,1.1959094944345934,1.1520435514990486,1.188126435476622
